182033,4471	0,000	0,000	0,000
182033,4731	0,000	0,000	0,000
182033,5030	0,000	0,000	0,000
182033,5319	0,000	0,000	0,000
182033,5628	0,000	0,000	0,000
182033,5937	0,000	0,000	0,000
182033,6247	0,000	0,000	0,000
182033,6546	0,000	0,000	0,000
182033,6845	0,000	0,000	0,000
182033,7154	0,000	0,000	0,000
182033,7454	0,000	0,000	0,000
182033,7744	0,000	0,000	0,000
182033,8043	0,000	0,000	0,000
182033,8362	0,000	0,000	0,000
182033,8651	0,000	0,000	0,000
182033,8960	0,000	0,000	0,000
182033,9250	0,000	0,000	0,000
182033,9559	0,000	0,000	0,000
182033,9858	0,000	0,000	0,000
182034,0157	0,000	0,000	0,000
182034,0456	0,000	0,000	0,000
182034,0785	0,000	0,000	0,000
182034,1075	0,000	0,000	0,000
182034,1394	0,000	0,000	0,000
182034,1693	0,000	0,000	0,000
182034,1982	0,000	0,000	0,000
182034,2291	0,000	0,000	0,000
182034,2591	0,000	0,000	0,000
182034,2890	0,000	0,000	0,000
182034,3199	0,000	0,000	0,000
182034,3498	0,000	0,000	0,000
182034,3807	0,000	0,000	0,000
182034,4097	0,000	0,000	0,000
182034,4416	0,000	0,000	0,000
182034,4696	0,000	0,000	0,000
182034,4995	0,000	0,000	0,000
182034,5314	0,000	0,000	0,000
182034,5693	0,000	0,000	0,000
182034,5902	0,000	0,000	0,000
182034,6203	0,000	0,000	0,000
182034,6513	0,000	0,000	0,000
182034,6828	0,000	0,000	0,000
182034,7124	0,000	0,000	0,000
182034,7446	0,000	0,000	0,000
182034,7735	0,000	0,000	0,000
182034,8030	0,000	0,000	0,000
182034,8345	0,000	0,000	0,000
182034,8647	0,000	0,000	0,000
182034,8976	0,000	0,000	0,000
182034,9231	0,000	0,000	0,000
182034,9584	0,000	0,000	0,000
182034,9865	0,000	0,000	0,000
182035,0158	0,000	0,000	0,000
182035,0457	0,000	0,000	0,000
182035,0777	0,000	0,000	0,000
182035,1056	0,000	0,000	0,000
182035,1365	0,000	0,000	0,000
182035,1664	0,000	0,000	0,000
182035,1963	0,000	0,000	0,000
182035,2273	0,000	0,000	0,000
182035,2572	-432,000	-351,000	-324,000
182035,2871	-513,000	-459,000	-486,000
182035,3190	-486,000	-486,000	-513,000
182035,3479	-513,000	-513,000	-486,000
182035,3828	-459,000	-513,000	-486,000
182035,4108	-486,000	-486,000	-486,000
182035,4417	-540,000	-486,000	-513,000
182035,4716	-486,000	-459,000	-459,000
182035,5015	-459,000	-486,000	-513,000
182035,5315	-459,000	-486,000	-513,000
182035,5624	-486,000	-486,000	-513,000
182035,5903	-459,000	-486,000	-486,000
182035,6212	-486,000	-486,000	-513,000
182035,6511	-513,000	-486,000	-486,000
182035,6810	-459,000	-486,000	-486,000
182035,7120	-486,000	-513,000	-486,000
182035,7409	-513,000	-486,000	-486,000
182035,7728	-486,000	-486,000	-513,000
182035,8027	-486,000	-540,000	-540,000
182035,8326	-486,000	-459,000	-486,000
182035,8636	-540,000	-459,000	-513,000
182035,8965	-486,000	-486,000	-486,000
182035,9254	-540,000	-513,000	-486,000
182035,9583	-486,000	-486,000	-513,000
182035,9842	-486,000	-486,000	-486,000
182036,0142	-486,000	-486,000	-513,000
182036,0451	-540,000	-540,000	-486,000
182036,0750	-459,000	-459,000	-459,000
182036,1069	-540,000	-540,000	-486,000
182036,1358	-486,000	-486,000	-486,000
182036,1658	-432,000	-540,000	-486,000
182036,1967	-459,000	-513,000	-513,000
182036,2287	-540,000	-459,000	-513,000
182036,2576	-459,000	-459,000	-540,000
182036,2895	-486,000	-513,000	-486,000
182036,3184	-486,000	-486,000	-513,000
182036,3483	-459,000	-486,000	-486,000
182036,3803	-486,000	-513,000	-513,000
182036,4102	-459,000	-513,000	-486,000
182036,4650	-486,000	-486,000	-486,000
182036,5478	-486,000	-459,000	-459,000
182036,5727	-486,000	-486,000	-459,000
182036,5928	-486,000	-540,000	-486,000
182036,6129	-513,000	-513,000	-513,000
182036,6422	-459,000	-486,000	-459,000
182036,6724	-486,000	-513,000	-513,000
182036,7080	-513,000	-513,000	-486,000
182036,7310	-486,000	-459,000	-513,000
182036,7616	-486,000	-513,000	-459,000
182036,7916	-459,000	-513,000	-513,000
182036,8255	-459,000	-486,000	-513,000
182036,8543	-486,000	-486,000	-513,000
182036,8821	-513,000	-486,000	-540,000
182036,9131	-459,000	-513,000	-567,000
182036,9445	-486,000	-459,000	-486,000
182036,9732	-513,000	-513,000	-513,000
182037,0041	-459,000	-486,000	-513,000
182037,0330	-486,000	-486,000	-486,000
182037,0633	-486,000	-486,000	-486,000
182037,1168	-540,000	-486,000	-486,000
182037,1288	-459,000	-486,000	-513,000
182037,1551	-486,000	-513,000	-486,000
182037,1853	-513,000	-513,000	-459,000
182037,2155	-486,000	-459,000	-486,000
182037,2482	-486,000	-486,000	-486,000
182037,2752	-486,000	-486,000	-459,000
182037,3043	-513,000	-486,000	-486,000
182037,3346	-513,000	-486,000	-486,000
182037,3641	-486,000	-486,000	-513,000
182037,3940	-513,000	-486,000	-486,000
182037,4247	-513,000	-459,000	-459,000
182037,4581	-459,000	-486,000	-513,000
182037,4864	-513,000	-540,000	-513,000
182037,5173	-486,000	-459,000	-486,000
182037,5474	-459,000	-459,000	-513,000
182037,5760	-486,000	-486,000	-513,000
182037,6080	-486,000	-486,000	-513,000
182037,6369	-459,000	-459,000	-486,000
182037,6658	-459,000	-540,000	-513,000
182037,6961	-459,000	-540,000	-513,000
182037,7281	-486,000	-513,000	-513,000
182037,7563	-513,000	-513,000	-486,000
182037,7866	-459,000	-486,000	-513,000
182037,8184	-486,000	-513,000	-486,000
182037,8478	-486,000	-513,000	-486,000
182037,8772	-486,000	-486,000	-486,000
182037,9082	-513,000	-540,000	-486,000
182037,9422	-459,000	-486,000	-486,000
182037,9693	-513,000	-405,000	-513,000
182037,9977	-486,000	-486,000	-486,000
182038,0275	-486,000	-540,000	-459,000
182038,0594	-486,000	-513,000	-459,000
182038,0896	-513,000	-513,000	-486,000
182038,1218	-486,000	-486,000	-459,000
182038,1500	-459,000	-513,000	-486,000
182038,1806	-513,000	-459,000	-486,000
182038,2125	-432,000	-486,000	-540,000
182038,2407	-459,000	-513,000	-540,000
182038,2734	-513,000	-486,000	-486,000
182038,3000	-459,000	-513,000	-513,000
182038,3335	-486,000	-513,000	-486,000
182038,3613	-459,000	-540,000	-486,000
182038,3972	-486,000	-513,000	-513,000
182038,4228	-486,000	-513,000	-486,000
182038,4556	-486,000	-459,000	-513,000
182038,4847	-486,000	-486,000	-486,000
182038,5144	-513,000	-513,000	-459,000
182038,5460	-486,000	-486,000	-459,000
182038,5760	-513,000	-486,000	-486,000
182038,6079	-486,000	-513,000	-459,000
182038,6358	-486,000	-486,000	-432,000
182038,6654	-513,000	-513,000	-459,000
182038,6952	-486,000	-513,000	-513,000
182038,7248	-486,000	-486,000	-486,000
182038,7581	-513,000	-513,000	-459,000
182038,7892	-486,000	-513,000	-513,000
182038,8181	-486,000	-486,000	-486,000
182038,8484	-459,000	-486,000	-486,000
182038,8775	-459,000	-513,000	-486,000
182038,9085	-486,000	-459,000	-486,000
182038,9407	-486,000	-486,000	-486,000
182038,9687	-459,000	-486,000	-513,000
182038,9978	-459,000	-513,000	-540,000
182039,0338	-486,000	-486,000	-486,000
182039,0627	-513,000	-513,000	-513,000
182039,0917	-486,000	-486,000	-513,000
182039,1216	-513,000	-486,000	-486,000
182039,1525	-513,000	-486,000	-513,000
182039,1814	-486,000	-459,000	-486,000
182039,2127	-486,000	-513,000	-486,000
182039,2446	-486,000	-486,000	-513,000
182039,2761	-513,000	-513,000	-513,000
182039,3050	-486,000	-459,000	-459,000
182039,3345	-486,000	-459,000	-486,000
182039,3653	-486,000	-513,000	-486,000
182039,3950	-513,000	-486,000	-459,000
182039,4254	-486,000	-486,000	-459,000
182039,4555	-486,000	-513,000	-513,000
182039,4861	-486,000	-486,000	-486,000
182039,5156	-459,000	-459,000	-513,000
182039,5455	-486,000	-540,000	-540,000
182039,5773	-486,000	-486,000	-486,000
182039,6086	-459,000	-459,000	-486,000
182039,6374	-459,000	-540,000	-513,000
182039,6686	-513,000	-486,000	-486,000
182039,6974	-459,000	-513,000	-486,000
182039,7292	-486,000	-486,000	-486,000
182039,7573	-486,000	-486,000	-513,000
182039,7885	-486,000	-513,000	-459,000
182039,8204	-513,000	-459,000	-486,000
182039,8517	-486,000	-540,000	-459,000
182039,8807	-513,000	-540,000	-459,000
182039,9109	-459,000	-486,000	-486,000
182039,9411	-486,000	-459,000	-513,000
182039,9713	-513,000	-459,000	-486,000
182040,0092	-513,000	-513,000	-486,000
182040,0316	-486,000	-486,000	-459,000
182040,0623	-513,000	-513,000	-486,000
182040,0945	-459,000	-540,000	-486,000
182040,1223	-486,000	-486,000	-540,000
182040,1523	-459,000	-486,000	-513,000
182040,1812	-486,000	-513,000	-513,000
182040,2118	-486,000	-486,000	-513,000
182040,2427	-486,000	-486,000	-540,000
182040,2726	-486,000	-513,000	-513,000
182040,3015	-486,000	-540,000	-513,000
182040,3345	-486,000	-486,000	-486,000
182040,3634	-486,000	-486,000	-459,000
182040,3923	-486,000	-486,000	-540,000
182040,4242	-486,000	-486,000	-486,000
182040,4581	-513,000	-486,000	-486,000
182040,4830	-513,000	-459,000	-459,000
182040,5120	-486,000	-513,000	-459,000
182040,5419	-486,000	-513,000	-486,000
182040,5728	-486,000	-513,000	-486,000
182040,6057	-459,000	-567,000	-486,000
182040,6346	-486,000	-513,000	-459,000
182040,6646	-486,000	-486,000	-513,000
182040,6945	-459,000	-513,000	-486,000
182040,7254	-486,000	-486,000	-486,000
182040,7553	-513,000	-486,000	-486,000
182040,7852	-486,000	-486,000	-486,000
182040,8182	-459,000	-486,000	-486,000
182040,8461	-513,000	-513,000	-486,000
182040,8760	-486,000	-486,000	-540,000
182040,9059	-459,000	-486,000	-513,000
182040,9378	-486,000	-486,000	-513,000
182040,9688	-486,000	-486,000	-513,000
182040,9987	-459,000	-486,000	-486,000
182041,0286	-459,000	-486,000	-540,000
182041,0585	-486,000	-513,000	-513,000
182041,0884	-486,000	-513,000	-513,000
182041,1193	-513,000	-513,000	-486,000
182041,1483	-486,000	-486,000	-459,000
182041,1782	-486,000	-513,000	-486,000
182041,2111	-459,000	-486,000	-513,000
182041,2400	-513,000	-486,000	-513,000
182041,2699	-486,000	-486,000	-486,000
182041,2989	-459,000	-459,000	-486,000
182041,3288	-486,000	-513,000	-486,000
182041,3597	-486,000	-513,000	-486,000
182041,3896	-486,000	-486,000	-513,000
182041,4275	-486,000	-486,000	-513,000
182041,4884	-459,000	-486,000	-513,000
182041,5686	-81,000	-135,000	-81,000
182041,5926	0,000	0,000	0,000
182041,6025	0,000	0,000	0,000
182041,6336	54,000	27,000	27,000
182041,6635	0,000	27,000	-27,000
182041,6950	0,000	0,000	-27,000
182041,7250	0,000	27,000	0,000
182041,7563	0,000	0,000	0,000
182041,7847	0,000	0,000	0,000
182041,8129	0,000	0,000	0,000
182041,8441	0,000	0,000	0,000
182041,8759	0,000	0,000	0,000
182041,9049	0,000	0,000	0,000
182041,9372	-486,000	-513,000	-540,000
182041,9642	-486,000	-486,000	-513,000
182041,9943	-459,000	-486,000	-486,000
182042,0253	27,000	0,000	27,000
182042,0552	27,000	0,000	27,000
182042,0848	486,000	567,000	486,000
182042,1180	486,000	459,000	513,000
182042,1472	513,000	486,000	540,000
182042,1763	486,000	486,000	486,000
182042,2084	486,000	486,000	459,000
182042,2381	486,000	459,000	486,000
182042,2680	513,000	513,000	486,000
182042,3001	486,000	486,000	459,000
182042,3307	513,000	486,000	513,000
182042,3588	486,000	513,000	486,000
182042,3905	486,000	513,000	459,000
182042,4218	513,000	513,000	486,000
182042,4510	459,000	486,000	459,000
182042,4833	513,000	486,000	459,000
182042,5113	513,000	540,000	513,000
182042,5436	459,000	540,000	513,000
182042,5725	405,000	540,000	486,000
182042,6057	540,000	513,000	567,000
182042,6311	486,000	540,000	486,000
182042,6632	459,000	486,000	513,000
182042,6921	459,000	540,000	513,000
182042,7234	486,000	513,000	513,000
182042,7548	459,000	459,000	486,000
182042,7877	513,000	486,000	540,000
182042,8163	459,000	540,000	459,000
182042,8452	486,000	540,000	459,000
182042,8756	486,000	486,000	486,000
182042,9072	540,000	486,000	486,000
182042,9384	486,000	486,000	459,000
182042,9679	486,000	486,000	486,000
182043,0011	486,000	513,000	513,000
182043,0301	486,000	540,000	486,000
182043,0624	486,000	486,000	486,000
182043,0909	486,000	513,000	486,000
182043,1198	459,000	540,000	486,000
182043,1517	513,000	486,000	513,000
182043,1841	486,000	513,000	540,000
182043,2124	459,000	513,000	513,000
182043,2438	459,000	486,000	513,000
182043,2740	513,000	513,000	486,000
182043,3041	486,000	486,000	486,000
182043,3377	486,000	486,000	513,000
182043,3643	486,000	513,000	513,000
182043,3948	486,000	459,000	459,000
182043,4254	459,000	459,000	513,000
182043,4607	486,000	513,000	486,000
182043,4856	513,000	540,000	486,000
182043,5145	486,000	486,000	486,000
182043,5439	486,000	486,000	513,000
182043,5762	567,000	540,000	486,000
182043,6067	486,000	459,000	513,000
182043,6368	513,000	513,000	459,000
182043,6677	459,000	486,000	486,000
182043,6961	486,000	513,000	486,000
182043,7275	459,000	486,000	459,000
182043,7588	486,000	513,000	513,000
182043,7877	459,000	513,000	459,000
182043,8171	486,000	486,000	513,000
182043,8475	486,000	486,000	486,000
182043,8821	459,000	459,000	486,000
182043,9099	486,000	486,000	486,000
182043,9403	486,000	513,000	486,000
182043,9705	459,000	459,000	513,000
182044,0013	486,000	486,000	486,000
182044,0312	459,000	486,000	459,000
182044,0611	432,000	432,000	513,000
182044,0920	513,000	486,000	486,000
182044,1257	459,000	513,000	513,000
182044,1540	513,000	486,000	540,000
182044,1837	513,000	513,000	459,000
182044,2170	81,000	81,000	81,000
182044,2451	0,000	54,000	0,000
182044,2731	-54,000	0,000	-27,000
182044,3031	27,000	0,000	0,000
182044,3338	0,000	0,000	0,000
182044,3651	0,000	0,000	0,000
182044,3955	0,000	0,000	0,000
182044,4239	0,000	0,000	0,000
182044,4542	0,000	0,000	0,000
182044,4861	0,000	0,000	0,000
182044,5170	0,000	0,000	0,000
182044,5463	0,000	0,000	0,000
182044,5773	0,000	0,000	0,000
182044,6082	0,000	0,000	0,000
182044,6381	0,000	0,000	0,000
182044,6697	0,000	0,000	0,000
182044,7026	0,000	0,000	0,000
182044,7305	0,000	0,000	0,000
182044,7601	0,000	0,000	0,000
182044,7920	0,000	0,000	0,000
182044,8205	0,000	0,000	0,000
182044,8500	0,000	0,000	0,000
182044,8805	0,000	0,000	0,000
182044,9114	0,000	0,000	0,000
182044,9425	0,000	0,000	0,000
182044,9724	0,000	0,000	0,000
182045,0113	0,000	0,000	0,000
182045,0321	0,000	0,000	0,000
182045,0630	0,000	0,000	0,000
182045,0920	0,000	0,000	0,000
182045,1229	0,000	0,000	0,000
182045,1528	0,000	0,000	0,000
182045,1867	0,000	0,000	0,000
182045,2156	0,000	0,000	0,000
182045,2446	0,000	0,000	0,000
182045,2752	0,000	0,000	0,000
182045,3051	0,000	0,000	0,000
182045,3380	0,000	0,000	0,000
182045,3650	0,000	0,000	0,000
182045,3987	0,000	0,000	0,000
182045,4256	0,000	0,000	0,000
182045,4575	0,000	0,000	0,000
182045,4884	0,000	0,000	0,000
182045,5204	0,000	0,000	0,000
182045,5483	-513,000	-486,000	-540,000
182045,5762	-486,000	-486,000	-567,000
182045,6081	-459,000	-459,000	-513,000
182045,6370	-486,000	-540,000	-486,000
182045,6679	-486,000	-513,000	-486,000
182045,6989	-486,000	-486,000	-540,000
182045,7278	-486,000	-513,000	-540,000
182045,7607	-459,000	-486,000	-486,000
182045,7886	-486,000	-486,000	-513,000
182045,8195	-486,000	-513,000	-513,000
182045,8505	-513,000	-459,000	-459,000
182045,8794	-486,000	-540,000	-513,000
182045,9093	-486,000	-513,000	-459,000
182045,9402	-513,000	-486,000	-486,000
182045,9701	-486,000	-513,000	-486,000
182046,0001	-513,000	-459,000	-513,000
182046,0350	-540,000	-486,000	-459,000
182046,0699	-459,000	-486,000	-540,000
182046,0908	-486,000	-486,000	-513,000
182046,1217	-513,000	-486,000	-432,000
182046,1526	-459,000	-486,000	-513,000
182046,1836	-459,000	-486,000	-513,000
182046,2155	-513,000	-486,000	-513,000
182046,2434	-459,000	-486,000	-513,000
182046,2733	-459,000	-513,000	-513,000
182046,3032	-486,000	-513,000	-486,000
182046,3332	-486,000	-486,000	-513,000
182046,4259	-459,000	-513,000	-513,000
182046,5067	-486,000	-486,000	-513,000
182046,5492	-486,000	-486,000	-486,000
182046,5632	-486,000	-513,000	-486,000
182046,5852	-486,000	-486,000	-513,000
182046,6137	-513,000	-540,000	-513,000
182046,6459	-486,000	-486,000	-486,000
182046,6738	-486,000	-432,000	-459,000
182046,7046	-513,000	-486,000	-540,000
182046,7367	-486,000	-486,000	-486,000
182046,7659	-486,000	-459,000	-486,000
182046,7950	-513,000	-513,000	-513,000
182046,8270	-486,000	-540,000	-513,000
182046,8559	-486,000	-459,000	-459,000
182046,8874	-513,000	-513,000	-540,000
182046,9193	-486,000	-513,000	-567,000
182046,9491	-459,000	-459,000	-459,000
182046,9820	-486,000	-486,000	-513,000
182047,0095	-459,000	-513,000	-486,000
182047,0394	-459,000	-486,000	-540,000
182047,0704	-486,000	-486,000	-486,000
182047,1040	-513,000	-513,000	-513,000
182047,1333	-486,000	-459,000	-540,000
182047,1622	-486,000	-513,000	-486,000
182047,1924	-513,000	-513,000	-432,000
182047,2223	-486,000	-486,000	-459,000
182047,2507	-486,000	-513,000	-513,000
182047,2826	-513,000	-513,000	-540,000
182047,3115	27,000	27,000	0,000
182047,3534	0,000	27,000	27,000
182047,3714	-27,000	0,000	0,000
182047,4023	0,000	0,000	0,000
182047,4325	0,000	-27,000	0,000
182047,4659	378,000	378,000	459,000
182047,4939	513,000	540,000	486,000
182047,5216	486,000	486,000	459,000
182047,5539	459,000	513,000	459,000
182047,5856	432,000	540,000	513,000
182047,6156	486,000	486,000	486,000
182047,6443	486,000	540,000	486,000
182047,6744	459,000	513,000	513,000
182047,7056	486,000	486,000	459,000
182047,7375	459,000	513,000	486,000
182047,7678	486,000	486,000	459,000
182047,7984	432,000	432,000	513,000
182047,8294	513,000	540,000	486,000
182047,8612	513,000	513,000	486,000
182047,8912	486,000	459,000	486,000
182047,9203	513,000	486,000	459,000
182047,9575	513,000	486,000	486,000
182047,9815	486,000	486,000	459,000
182048,0104	513,000	459,000	540,000
182048,0443	486,000	513,000	513,000
182048,0711	513,000	513,000	459,000
182048,1028	486,000	513,000	486,000
182048,1326	486,000	513,000	459,000
182048,1665	459,000	486,000	513,000
182048,1925	486,000	459,000	486,000
182048,2234	459,000	486,000	567,000
182048,2540	486,000	486,000	486,000
182048,2872	486,000	486,000	459,000
182048,3145	513,000	513,000	513,000
182048,3441	459,000	486,000	459,000
182048,3750	486,000	513,000	486,000
182048,4052	486,000	459,000	513,000
182048,4374	432,000	432,000	486,000
182048,4703	486,000	486,000	513,000
182048,4956	486,000	513,000	459,000
182048,5264	486,000	513,000	459,000
182048,5573	486,000	540,000	513,000
182048,5886	513,000	486,000	486,000
182048,6327	459,000	459,000	486,000
182048,6547	486,000	459,000	540,000
182048,6806	540,000	567,000	513,000
182048,7089	486,000	486,000	513,000
182048,7398	540,000	513,000	486,000
182048,7717	513,000	540,000	486,000
182048,8016	486,000	486,000	486,000
182048,8306	486,000	513,000	459,000
182048,8605	459,000	513,000	513,000
182048,8905	486,000	486,000	513,000
182048,9224	459,000	513,000	486,000
182048,9507	486,000	486,000	486,000
182048,9839	486,000	513,000	459,000
182049,0119	459,000	513,000	486,000
182049,0427	486,000	513,000	513,000
182049,0736	459,000	486,000	486,000
182049,1066	459,000	459,000	513,000
182049,1337	486,000	486,000	513,000
182049,1657	513,000	486,000	486,000
182049,1941	486,000	459,000	486,000
182049,2247	486,000	486,000	459,000
182049,2543	513,000	513,000	459,000
182049,2876	459,000	486,000	486,000
182049,3164	459,000	486,000	486,000
182049,3465	540,000	540,000	540,000
182049,3774	486,000	513,000	486,000
182049,4082	486,000	513,000	486,000
182049,4405	486,000	513,000	459,000
182049,4687	486,000	486,000	567,000
182049,4997	513,000	486,000	513,000
182049,5306	432,000	459,000	513,000
182049,5595	486,000	513,000	540,000
182049,5895	486,000	513,000	513,000
182049,6191	459,000	486,000	486,000
182049,6501	459,000	513,000	486,000
182049,6806	486,000	513,000	486,000
182049,7121	459,000	459,000	513,000
182049,7423	486,000	432,000	513,000
182049,7707	459,000	486,000	513,000
182049,8004	486,000	513,000	513,000
182049,8319	486,000	486,000	486,000
182049,8609	486,000	513,000	459,000
182049,9021	513,000	486,000	486,000
182049,9245	513,000	486,000	486,000
182049,9541	486,000	486,000	459,000
182049,9850	513,000	486,000	513,000
182050,0164	513,000	567,000	540,000
182050,0484	486,000	513,000	459,000
182050,0750	486,000	486,000	486,000
182050,1045	486,000	459,000	513,000
182050,1360	486,000	513,000	486,000
182050,1656	486,000	486,000	513,000
182050,1968	459,000	486,000	540,000
182050,2260	513,000	513,000	486,000
182050,2573	486,000	486,000	486,000
182050,2892	486,000	486,000	513,000
182050,3181	486,000	486,000	513,000
182050,3481	459,000	513,000	486,000
182050,3770	513,000	432,000	513,000
182050,4069	486,000	486,000	513,000
182050,4379	486,000	513,000	513,000
182050,4678	432,000	540,000	486,000
182050,5017	486,000	486,000	486,000
182050,5406	486,000	459,000	567,000
182050,5595	513,000	540,000	486,000
182050,5885	540,000	513,000	486,000
182050,6194	486,000	459,000	513,000
182050,6503	486,000	540,000	486,000
182050,6792	513,000	486,000	486,000
182050,7101	486,000	513,000	540,000
182050,7450	486,000	540,000	459,000
182050,7710	486,000	513,000	486,000
182050,8009	513,000	486,000	513,000
182050,8308	459,000	486,000	486,000
182050,8617	486,000	459,000	486,000
182050,8916	459,000	486,000	567,000
182050,9246	513,000	459,000	486,000
182050,9605	486,000	486,000	513,000
182050,9834	513,000	486,000	513,000
182051,0143	459,000	513,000	513,000
182051,0432	459,000	459,000	486,000
182051,0732	486,000	486,000	513,000
182051,1031	459,000	513,000	513,000
182051,1340	486,000	486,000	513,000
182051,1639	486,000	540,000	432,000
182051,2028	540,000	513,000	486,000
182051,2238	486,000	513,000	513,000
182051,2557	486,000	513,000	513,000
182051,2836	540,000	513,000	486,000
182051,3145	459,000	486,000	513,000
182051,3444	486,000	486,000	486,000
182051,3744	513,000	513,000	486,000
182051,4043	459,000	540,000	540,000
182051,4352	486,000	513,000	513,000
182051,4661	459,000	486,000	459,000
182051,4950	486,000	513,000	513,000
182051,5259	459,000	540,000	513,000
182051,5559	486,000	486,000	486,000
182051,5868	459,000	486,000	486,000
182051,6696	486,000	486,000	486,000
182051,7484	486,000	432,000	513,000
182051,7553	486,000	459,000	513,000
182051,7823	486,000	486,000	513,000
182051,8112	513,000	513,000	459,000
182051,8409	459,000	540,000	486,000
182051,8708	513,000	540,000	486,000
182051,9017	540,000	513,000	432,000
182051,9322	459,000	459,000	486,000
182051,9616	513,000	459,000	513,000
182051,9926	486,000	486,000	459,000
182052,0227	486,000	540,000	432,000
182052,0523	486,000	513,000	513,000
182052,0839	486,000	486,000	513,000
182052,1174	459,000	486,000	540,000
182052,1439	486,000	513,000	540,000
182052,3769	459,000	513,000	486,000
182052,3829	0,000	0,000	0,000
182052,4148	459,000	486,000	486,000
182052,4427	243,000	270,000	162,000
182052,4721	459,000	486,000	459,000
182052,5031	459,000	513,000	459,000
182052,5364	486,000	486,000	486,000
182052,5640	540,000	513,000	513,000
182052,5949	432,000	513,000	486,000
182052,6281	513,000	459,000	513,000
182052,6551	486,000	513,000	486,000
182052,6880	486,000	540,000	486,000
182052,7172	486,000	540,000	486,000
182052,7475	486,000	486,000	513,000
182052,7772	459,000	432,000	486,000
182052,8065	486,000	486,000	486,000
182052,8382	513,000	486,000	486,000
182052,8689	432,000	513,000	540,000
182052,8977	486,000	486,000	486,000
182052,9285	486,000	513,000	513,000
182052,9594	459,000	486,000	486,000
182052,9886	513,000	486,000	486,000
182053,0198	459,000	513,000	513,000
182053,0519	459,000	459,000	513,000
182053,0826	486,000	486,000	513,000
182053,1157	513,000	540,000	486,000
182053,1436	486,000	486,000	459,000
182053,1724	513,000	486,000	486,000
182053,2074	540,000	513,000	486,000
182053,2333	459,000	486,000	486,000
182053,2636	486,000	513,000	513,000
182053,2939	513,000	513,000	486,000
182053,3251	486,000	486,000	459,000
182053,3542	486,000	486,000	459,000
182053,3843	540,000	513,000	486,000
182053,4169	459,000	459,000	513,000
182053,4464	486,000	486,000	486,000
182053,4777	513,000	540,000	486,000
182053,5095	486,000	459,000	513,000
182053,5395	486,000	513,000	486,000
182053,5688	486,000	513,000	513,000
182053,6017	513,000	513,000	513,000
182053,6295	459,000	513,000	486,000
182053,6588	459,000	486,000	486,000
182053,6890	486,000	432,000	486,000
182053,7190	459,000	540,000	513,000
182053,7526	486,000	513,000	513,000
182053,7801	513,000	486,000	513,000
182053,8105	513,000	486,000	513,000
182053,8399	513,000	486,000	486,000
182053,8707	513,000	486,000	513,000
182053,9025	486,000	459,000	459,000
182053,9312	513,000	540,000	513,000
182053,9604	486,000	513,000	486,000
182053,9925	486,000	513,000	459,000
182054,0214	486,000	513,000	486,000
182054,0543	486,000	486,000	513,000
182054,0832	459,000	540,000	486,000
182054,1132	513,000	486,000	513,000
182054,1421	513,000	459,000	486,000
182054,1730	459,000	486,000	513,000
182054,2030	513,000	540,000	486,000
182054,2334	486,000	540,000	513,000
182054,2643	486,000	513,000	459,000
182054,2938	459,000	486,000	513,000
182054,3279	486,000	459,000	486,000
182054,3552	486,000	486,000	513,000
182054,3838	459,000	513,000	513,000
182054,4186	486,000	513,000	486,000
182054,4459	513,000	513,000	486,000
182054,4759	486,000	513,000	513,000
182054,5078	513,000	486,000	486,000
182054,5377	513,000	459,000	513,000
182054,5679	486,000	486,000	486,000
182054,5969	540,000	486,000	486,000
182054,6281	486,000	540,000	486,000
182054,6636	486,000	513,000	486,000
182054,6917	486,000	513,000	513,000
182054,7190	459,000	513,000	459,000
182054,7500	459,000	513,000	486,000
182054,7820	513,000	486,000	513,000
182054,8101	486,000	486,000	486,000
182054,8413	486,000	486,000	540,000
182054,8720	486,000	486,000	513,000
182054,9024	459,000	486,000	486,000
182054,9333	486,000	513,000	486,000
182054,9644	486,000	459,000	513,000
182054,9955	459,000	486,000	486,000
182055,0325	486,000	486,000	513,000
182055,0546	459,000	513,000	486,000
182055,0876	513,000	459,000	540,000
182055,1164	459,000	486,000	513,000
182055,1487	540,000	486,000	486,000
182055,1756	513,000	459,000	459,000
182055,2083	459,000	486,000	540,000
182055,2363	513,000	513,000	486,000
182055,2694	486,000	486,000	486,000
182055,2965	513,000	540,000	513,000
182055,3254	486,000	486,000	486,000
182055,3573	513,000	459,000	513,000
182055,3852	486,000	486,000	486,000
182055,4166	459,000	486,000	513,000
182055,4475	486,000	486,000	486,000
182055,4764	432,000	486,000	486,000
182055,5064	459,000	540,000	513,000
182055,5363	513,000	486,000	486,000
182055,5672	486,000	459,000	486,000
182055,5981	486,000	513,000	513,000
182055,6270	486,000	486,000	486,000
182055,6609	459,000	459,000	513,000
182055,6869	486,000	513,000	513,000
182055,7168	459,000	513,000	513,000
182055,7507	486,000	486,000	486,000
182055,7796	486,000	486,000	486,000
182055,8085	486,000	459,000	540,000
182055,8395	513,000	459,000	486,000
182055,8694	459,000	486,000	486,000
182055,9023	513,000	540,000	513,000
182055,9302	486,000	513,000	486,000
182055,9591	486,000	486,000	459,000
182055,9891	513,000	540,000	459,000
182056,0200	459,000	513,000	513,000
182056,0499	486,000	486,000	513,000
182056,0818	486,000	486,000	459,000
182056,1127	486,000	486,000	513,000
182056,1417	459,000	486,000	486,000
182056,1716	459,000	513,000	513,000
182056,2065	486,000	540,000	513,000
182056,2324	486,000	486,000	486,000
182056,2633	486,000	513,000	486,000
182056,2942	486,000	459,000	486,000
182056,3242	486,000	432,000	486,000
182056,3581	459,000	513,000	513,000
182056,3830	486,000	513,000	459,000
182056,4149	486,000	486,000	540,000
182056,4468	459,000	540,000	486,000
182056,4788	513,000	513,000	513,000
182056,5067	486,000	486,000	486,000
182056,5366	486,000	513,000	513,000
182056,5675	486,000	513,000	486,000
182056,6274	513,000	486,000	540,000
182056,7062	459,000	486,000	513,000
182056,7321	513,000	486,000	513,000
182056,7511	513,000	486,000	486,000
182056,7698	513,000	486,000	486,000
182056,8011	513,000	540,000	486,000
182056,8320	459,000	486,000	540,000
182056,8622	486,000	486,000	486,000
182056,8917	486,000	513,000	513,000
182056,9211	486,000	513,000	513,000
182056,9573	486,000	432,000	486,000
182056,9802	486,000	486,000	540,000
182057,0120	513,000	540,000	513,000
182057,0412	0,000	0,000	-27,000
182057,0715	0,000	-27,000	0,000
182057,1017	-486,000	-486,000	-540,000
182057,1316	-486,000	-540,000	-513,000
182057,1648	-486,000	-540,000	-459,000
182057,1940	-459,000	-486,000	-513,000
182057,2234	-459,000	-486,000	-513,000
182057,2559	-486,000	-540,000	-540,000
182057,2829	-486,000	-486,000	-459,000
182057,3129	-459,000	-486,000	-486,000
182057,3487	-486,000	-513,000	-513,000
182057,3781	-486,000	-513,000	-486,000
182057,4079	-486,000	-459,000	-486,000
182057,4394	-513,000	-459,000	-459,000
182057,4698	-513,000	-486,000	-486,000
182057,5014	-513,000	-486,000	-513,000
182057,5298	-486,000	-513,000	-486,000
182057,5606	-486,000	-513,000	-486,000
182057,5902	-459,000	-513,000	-486,000
182057,6200	-459,000	-486,000	-486,000
182057,6505	-513,000	-513,000	-513,000
182057,6844	-486,000	-513,000	-540,000
182057,7146	-486,000	-486,000	-486,000
182057,7425	-432,000	-513,000	-486,000
182057,7725	-459,000	-486,000	-513,000
182057,8025	-486,000	-486,000	-486,000
182057,8354	-459,000	-540,000	-513,000
182057,8643	-459,000	-459,000	-513,000
182057,8934	-486,000	-513,000	-486,000
182057,9259	-486,000	-486,000	-540,000
182057,9548	-513,000	-486,000	-486,000
182057,9851	-486,000	-486,000	-432,000
182058,0163	-513,000	-486,000	-486,000
182058,0464	-513,000	-486,000	-486,000
182058,0750	-486,000	-513,000	-459,000
182058,1074	-513,000	-540,000	-459,000
182058,1375	-513,000	-459,000	-486,000
182058,1669	-486,000	-486,000	-486,000
182058,1992	-486,000	-513,000	-459,000
182058,2295	-459,000	-486,000	-486,000
182058,2587	-486,000	-513,000	-513,000
182058,2905	-459,000	-513,000	-513,000
182058,3215	-459,000	-486,000	-513,000
182058,3512	-486,000	-513,000	-513,000
182058,3798	-486,000	-513,000	-540,000
182058,4116	-432,000	-486,000	-513,000
182058,4427	-486,000	-513,000	-513,000
182058,4737	-486,000	-567,000	-486,000
182058,5020	-486,000	-540,000	-513,000
182058,5319	-486,000	-540,000	-513,000
182058,5618	-486,000	-486,000	-486,000
182058,5920	-513,000	-486,000	-486,000
182058,6269	-486,000	-513,000	-486,000
182058,6548	-486,000	-486,000	-486,000
182058,6838	-486,000	-486,000	-486,000
182058,7148	-486,000	-486,000	-486,000
182058,7467	-486,000	-486,000	-459,000
182058,7757	-513,000	-540,000	-486,000
182058,8056	-486,000	-513,000	-459,000
182058,8351	-486,000	-513,000	-513,000
182058,8740	-513,000	-486,000	-486,000
182058,8960	-486,000	-486,000	-486,000
182058,9261	-486,000	-486,000	-513,000
182058,9590	-459,000	-486,000	-459,000
182058,9880	-459,000	-513,000	-486,000
182059,0174	-486,000	-513,000	-540,000
182059,0489	-459,000	-486,000	-513,000
182059,0808	-486,000	-513,000	-486,000
182059,1118	-486,000	-486,000	-513,000
182059,1407	-486,000	-486,000	-513,000
182059,1718	-486,000	-540,000	-513,000
182059,2079	-486,000	-459,000	-513,000
182059,2328	-486,000	-486,000	-486,000
182059,2637	-513,000	-486,000	-486,000
182059,2946	-486,000	-513,000	-513,000
182059,3236	-486,000	-513,000	-486,000
182059,3531	-486,000	-513,000	-486,000
182059,3830	-486,000	-486,000	-459,000
182059,4150	-486,000	-432,000	-513,000
182059,4469	-486,000	-513,000	-486,000
182059,4755	-486,000	-486,000	-540,000
182059,5124	-513,000	-486,000	-459,000
182059,5371	-486,000	-486,000	-513,000
182059,5664	-459,000	-540,000	-540,000
182059,5960	-405,000	-459,000	-513,000
182059,6274	-540,000	-513,000	-513,000
182059,6583	-513,000	-486,000	-513,000
182059,6862	-486,000	-486,000	-486,000
182059,7159	-459,000	-513,000	-513,000
182059,7478	-459,000	-486,000	-540,000
182059,7782	-486,000	-513,000	-486,000
182059,8088	-459,000	-513,000	-513,000
182059,8394	-459,000	-513,000	-513,000
182059,8682	-513,000	-486,000	-486,000
182059,8982	-486,000	-486,000	-486,000
182059,9292	-459,000	-540,000	-486,000
182059,9615	-513,000	-486,000	-486,000
182059,9894	-459,000	-486,000	-486,000
182100,0193	-513,000	-513,000	-486,000
182100,0525	-513,000	-513,000	-513,000
182100,0825	-459,000	-486,000	-486,000
182100,1124	-513,000	-486,000	-486,000
182100,1413	-513,000	-486,000	-513,000
182100,1721	-486,000	-486,000	-486,000
182100,2040	-486,000	-540,000	-513,000
182100,2331	-513,000	-459,000	-459,000
182100,2661	-459,000	-486,000	-486,000
182100,2928	-513,000	-513,000	-513,000
182100,3235	-486,000	-513,000	-513,000
182100,3540	-459,000	-540,000	-513,000
182100,3854	-459,000	-540,000	-540,000
182100,4144	-459,000	-513,000	-459,000
182100,4445	-486,000	-486,000	-513,000
182100,4753	-486,000	-540,000	-513,000
182100,5042	-486,000	-459,000	-486,000
182100,5343	-486,000	-513,000	-486,000
182100,5646	-486,000	-513,000	-513,000
182100,5955	-486,000	-486,000	-486,000
182100,6254	-540,000	-486,000	-513,000
182100,6563	-486,000	-513,000	-540,000
182100,6899	-486,000	-486,000	-486,000
182100,7168	-513,000	-486,000	-486,000
182100,7487	-486,000	-486,000	-513,000
182100,7846	-513,000	-459,000	-486,000
182100,8086	-513,000	-513,000	-486,000
182100,8385	-459,000	-513,000	-486,000
182100,8684	-486,000	-513,000	-486,000
182100,8993	-486,000	-486,000	-459,000
182100,9293	-486,000	-486,000	-486,000
182100,9602	-513,000	-486,000	-513,000
182100,9901	-486,000	-486,000	-486,000
182101,0200	-459,000	-513,000	-567,000
182101,0509	-459,000	-540,000	-540,000
182101,0819	-486,000	-513,000	-486,000
182101,1148	-486,000	-513,000	-567,000
182101,1437	-486,000	-486,000	-486,000
182101,1726	-486,000	-486,000	-513,000
182101,2035	-486,000	-486,000	-513,000
182101,2324	-513,000	-486,000	-486,000
182101,2634	-513,000	-486,000	-486,000
182101,2933	-513,000	-486,000	-513,000
182101,3232	-486,000	-513,000	-459,000
182101,3531	-513,000	-459,000	-513,000
182101,3840	-513,000	-486,000	-486,000
182101,4150	-486,000	-459,000	-486,000
182101,4449	-486,000	-513,000	-486,000
182101,4778	-486,000	-486,000	-513,000
182101,5057	-486,000	-513,000	-459,000
182101,5366	-486,000	-486,000	-513,000
182101,5666	-459,000	-513,000	-486,000
182101,5985	-513,000	-513,000	-513,000
182101,6284	-486,000	-486,000	-486,000
182101,6583	-486,000	-486,000	-486,000
182101,6882	-459,000	-486,000	-513,000
182101,7191	-486,000	-540,000	-486,000
182101,7491	-486,000	-513,000	-513,000
182101,8318	-513,000	-486,000	-486,000
182101,9117	-459,000	-513,000	-513,000
182101,9376	-486,000	-486,000	-513,000
182101,9445	-540,000	-459,000	-486,000
182101,9775	-486,000	-540,000	-459,000
182102,0070	-459,000	-513,000	-459,000
182102,0353	-513,000	-513,000	-513,000
182102,0659	-540,000	-459,000	-459,000
182102,0962	-486,000	-513,000	-513,000
182102,1275	-486,000	-486,000	-540,000
182102,1595	-486,000	-459,000	-486,000
182102,1881	-486,000	-486,000	-459,000
182102,2180	-459,000	-513,000	-513,000
182102,2509	-513,000	-459,000	-513,000
182102,2807	-513,000	-513,000	-513,000
182102,3099	-513,000	-486,000	-513,000
182102,3388	-513,000	-459,000	-513,000
182102,3706	-459,000	-540,000	-540,000
182102,4016	-486,000	-513,000	-540,000
182102,4308	-513,000	-459,000	-486,000
182102,4611	-432,000	-486,000	-513,000
182102,4908	-486,000	-486,000	-513,000
182102,5212	-486,000	-486,000	-486,000
182102,5501	-486,000	-486,000	-540,000
182102,5829	-513,000	-486,000	-513,000
182102,6112	-513,000	-486,000	-459,000
182102,6433	-459,000	-486,000	-540,000
182102,6716	-486,000	-513,000	-486,000
182102,7050	-513,000	-486,000	-486,000
182102,7341	-486,000	-459,000	-486,000
182102,7647	-513,000	-459,000	-486,000
182102,7974	-486,000	-540,000	-486,000
182102,8332	-513,000	-459,000	-459,000
182102,8560	-513,000	-513,000	-513,000
182102,8863	-513,000	-486,000	-459,000
182102,9168	-486,000	-459,000	-486,000
182102,9475	-486,000	-513,000	-513,000
182102,9761	-486,000	-486,000	-513,000
182103,0053	-459,000	-459,000	-486,000
182103,0355	-486,000	-513,000	-513,000
182103,0674	-513,000	-540,000	-513,000
182103,0963	-459,000	-486,000	-486,000
182103,1276	-432,000	-513,000	-513,000
182103,1572	-513,000	-540,000	-486,000
182103,1861	-486,000	-486,000	-459,000
182103,2167	-513,000	-486,000	-540,000
182103,2495	-486,000	-540,000	-513,000
182103,2785	-486,000	-513,000	-459,000
182103,3103	-486,000	-486,000	-486,000
182103,3524	-486,000	-486,000	-459,000
182103,3725	-486,000	-432,000	-486,000
182103,3996	-540,000	-486,000	-486,000
182103,4318	-513,000	-486,000	-486,000
182103,4637	-486,000	-540,000	-486,000
182103,4937	-513,000	-459,000	-486,000
182103,5258	-432,000	-486,000	-486,000
182103,5542	-486,000	-513,000	-513,000
182103,5844	-513,000	-486,000	-513,000
182103,6149	-513,000	-513,000	-486,000
182103,6483	-486,000	-540,000	-567,000
182103,6756	-486,000	-459,000	-513,000
182103,7071	-486,000	-486,000	-486,000
182103,7358	-459,000	-594,000	-540,000
182103,7668	-459,000	-513,000	-540,000
182103,7967	-459,000	-513,000	-513,000
182103,8266	-513,000	-486,000	-459,000
182103,8569	-459,000	-486,000	-486,000
182103,8876	-486,000	-513,000	-513,000
182103,9181	-513,000	-486,000	-486,000
182103,9471	-27,000	-81,000	-108,000
182103,9794	540,000	540,000	567,000
182104,0090	459,000	513,000	486,000
182104,0388	486,000	486,000	513,000
182104,0690	486,000	540,000	540,000
182104,0999	459,000	486,000	486,000
182104,1314	432,000	486,000	486,000
182104,1593	486,000	459,000	513,000
182104,1899	459,000	459,000	486,000
182104,2204	459,000	486,000	540,000
182104,2498	432,000	486,000	459,000
182104,2804	486,000	513,000	459,000
182104,3102	486,000	486,000	513,000
182104,3439	486,000	459,000	486,000
182104,3718	567,000	486,000	459,000
182104,4021	459,000	459,000	486,000
182104,4326	513,000	486,000	486,000
182104,4657	486,000	567,000	513,000
182104,4937	486,000	513,000	486,000
182104,5216	486,000	513,000	486,000
182104,5527	459,000	486,000	486,000
182104,5836	486,000	486,000	486,000
182104,6137	486,000	486,000	486,000
182104,6437	486,000	513,000	486,000
182104,6792	432,000	486,000	513,000
182104,7057	513,000	486,000	486,000
182104,7359	486,000	513,000	486,000
182104,7664	486,000	540,000	513,000
182104,8008	432,000	513,000	432,000
182104,8277	513,000	486,000	513,000
182104,8584	459,000	459,000	540,000
182104,8877	486,000	459,000	459,000
182104,9198	459,000	540,000	540,000
182104,9498	513,000	486,000	486,000
182104,9795	513,000	486,000	486,000
182105,0149	486,000	513,000	486,000
182105,0402	486,000	459,000	540,000
182105,0691	486,000	540,000	459,000
182105,1004	486,000	513,000	486,000
182105,1293	486,000	513,000	486,000
182105,1600	486,000	513,000	486,000
182105,1920	459,000	540,000	513,000
182105,2199	486,000	486,000	486,000
182105,2509	459,000	486,000	486,000
182105,2798	486,000	513,000	486,000
182105,3118	486,000	486,000	486,000
182105,3431	486,000	513,000	567,000
182105,3711	432,000	459,000	486,000
182105,4010	459,000	513,000	567,000
182105,4311	486,000	513,000	513,000
182105,4633	432,000	459,000	513,000
182105,4931	432,000	459,000	513,000
182105,5230	459,000	513,000	486,000
182105,5528	459,000	486,000	486,000
182105,5835	486,000	486,000	486,000
182105,6154	486,000	513,000	486,000
182105,6456	486,000	486,000	513,000
182105,6741	540,000	486,000	513,000
182105,7041	459,000	459,000	459,000
182105,7370	513,000	486,000	486,000
182105,7639	486,000	486,000	486,000
182105,7968	486,000	513,000	432,000
182105,8277	513,000	486,000	486,000
182105,8556	486,000	486,000	513,000
182105,8846	486,000	513,000	486,000
182105,9155	486,000	486,000	513,000
182105,9485	459,000	540,000	486,000
182105,9764	486,000	486,000	513,000
182106,0063	513,000	486,000	567,000
182106,0362	459,000	513,000	486,000
182106,0672	486,000	486,000	486,000
182106,0971	459,000	432,000	513,000
182106,1300	459,000	486,000	486,000
182106,1589	486,000	486,000	540,000
182106,1888	459,000	486,000	513,000
182106,2198	459,000	513,000	486,000
182106,2507	513,000	513,000	459,000
182106,2816	486,000	486,000	513,000
182106,3125	486,000	540,000	459,000
182106,3414	513,000	486,000	486,000
182106,3714	513,000	459,000	513,000
182106,4043	513,000	459,000	459,000
182106,4332	513,000	513,000	486,000
182106,4621	486,000	513,000	540,000
182106,4930	486,000	513,000	486,000
182106,5229	513,000	513,000	486,000
182106,5529	459,000	486,000	540,000
182106,5858	486,000	486,000	486,000
182106,6167	513,000	513,000	513,000
182106,6456	405,000	486,000	513,000
182106,6755	459,000	486,000	513,000
182106,7065	486,000	486,000	513,000
182106,7354	459,000	513,000	486,000
182106,7653	432,000	513,000	459,000
182106,7962	513,000	459,000	486,000
182106,8261	459,000	459,000	513,000
182106,8551	459,000	486,000	486,000
182106,8850	459,000	540,000	486,000
182106,9149	513,000	486,000	540,000
182106,9458	513,000	486,000	486,000
182107,0176	486,000	486,000	513,000
182107,1158	513,000	486,000	486,000
182107,1387	486,000	513,000	486,000
182107,1549	513,000	486,000	486,000
182107,1816	486,000	459,000	513,000
182107,2123	486,000	486,000	513,000
182107,2420	486,000	513,000	486,000
182107,2747	486,000	486,000	513,000
182107,3035	432,000	486,000	459,000
182107,3335	486,000	513,000	486,000
182107,3652	486,000	459,000	486,000
182107,3966	459,000	486,000	486,000
182107,4259	459,000	486,000	486,000
182107,4570	486,000	459,000	513,000
182107,4889	486,000	513,000	459,000
182107,5185	486,000	513,000	432,000
182107,5494	459,000	486,000	513,000
182107,5785	513,000	513,000	486,000
182107,6103	459,000	513,000	459,000
182107,6402	513,000	459,000	486,000
182107,6703	486,000	459,000	459,000
182107,7008	486,000	486,000	459,000
182107,7307	486,000	486,000	513,000
182107,7603	486,000	513,000	513,000
182107,7924	486,000	459,000	513,000
182107,8324	459,000	486,000	486,000
182107,8519	486,000	486,000	540,000
182107,8830	486,000	486,000	486,000
182107,9125	486,000	486,000	513,000
182107,9419	486,000	486,000	486,000
182107,9719	459,000	513,000	486,000
182108,0028	513,000	486,000	513,000
182108,0347	513,000	486,000	513,000
182108,0666	459,000	459,000	513,000
182108,0941	486,000	486,000	513,000
182108,1240	486,000	459,000	486,000
182108,1555	486,000	486,000	486,000
182108,1865	459,000	513,000	513,000
182108,2154	459,000	486,000	513,000
182108,2459	513,000	486,000	486,000
182108,2772	459,000	486,000	513,000
182108,3089	513,000	459,000	459,000
182108,3378	459,000	513,000	513,000
182108,3727	486,000	486,000	486,000
182108,3999	486,000	486,000	513,000
182108,4296	486,000	540,000	459,000
182108,4608	459,000	513,000	486,000
182108,4902	486,000	513,000	513,000
182108,5202	513,000	459,000	486,000
182108,5513	513,000	513,000	486,000
182108,5813	513,000	486,000	513,000
182108,6112	432,000	486,000	486,000
182108,6412	513,000	459,000	486,000
182108,6714	513,000	513,000	513,000
182108,7010	513,000	486,000	486,000
182108,7323	432,000	459,000	513,000
182108,7660	513,000	459,000	486,000
182108,7929	486,000	513,000	486,000
182108,8230	459,000	486,000	486,000
182108,8535	486,000	486,000	486,000
182108,8841	513,000	513,000	486,000
182108,9146	27,000	54,000	27,000
182108,9461	-567,000	-567,000	-513,000
182108,9741	-486,000	-513,000	-486,000
182109,0040	-486,000	-486,000	-540,000
182109,0340	-486,000	-459,000	-513,000
182109,0669	-459,000	-486,000	-513,000
182109,1008	-459,000	-513,000	-513,000
182109,1258	-459,000	-540,000	-486,000
182109,1610	-513,000	-486,000	-486,000
182109,1882	-486,000	-459,000	-486,000
182109,2171	-486,000	-486,000	-513,000
182109,2472	-486,000	-540,000	-513,000
182109,2792	-459,000	-486,000	-513,000
182109,3081	-486,000	-513,000	-486,000
182109,3384	-486,000	-486,000	-513,000
182109,3680	-486,000	-432,000	-513,000
182109,3976	-513,000	-486,000	-486,000
182109,4285	-486,000	-513,000	-459,000
182109,4608	-486,000	-459,000	-513,000
182109,4888	-486,000	-486,000	-459,000
182109,5197	-432,000	-486,000	-486,000
182109,5488	-486,000	-513,000	-486,000
182109,5804	-486,000	-459,000	-513,000
182109,6092	-513,000	-513,000	-513,000
182109,6421	-486,000	-513,000	-513,000
182109,6749	-486,000	-486,000	-513,000
182109,7089	-459,000	-486,000	-513,000
182109,7310	-486,000	-486,000	-486,000
182109,7611	-486,000	-513,000	-486,000
182109,7914	-513,000	-513,000	-486,000
182109,8204	-486,000	-486,000	-540,000
182109,8513	-513,000	-513,000	-486,000
182109,8808	-486,000	-486,000	-486,000
182109,9127	-513,000	-486,000	-513,000
182109,9422	-540,000	-486,000	-486,000
182109,9753	-459,000	-513,000	-459,000
182110,0024	-486,000	-513,000	-540,000
182110,0326	-486,000	-486,000	-513,000
182110,0635	-459,000	-486,000	-432,000
182110,0968	-540,000	-486,000	-486,000
182110,1234	-486,000	-486,000	-486,000
182110,1527	-486,000	-486,000	-459,000
182110,1854	-459,000	-459,000	-513,000
182110,2162	-513,000	-513,000	-486,000
182110,2490	-486,000	-459,000	-486,000
182110,2772	-486,000	-513,000	-513,000
182110,3068	-513,000	-486,000	-513,000
182110,3363	-459,000	-486,000	-540,000
182110,3693	-486,000	-513,000	-540,000
182110,3988	-486,000	-486,000	-486,000
182110,4311	-486,000	-540,000	-486,000
182110,4595	-459,000	-486,000	-486,000
182110,4915	-486,000	-459,000	-486,000
182110,5188	-513,000	-486,000	-486,000
182110,5499	-486,000	-459,000	-486,000
182110,5796	-486,000	-459,000	-486,000
182110,6117	-513,000	-513,000	-459,000
182110,6407	-486,000	-459,000	-486,000
182110,6720	-486,000	-459,000	-459,000
182110,7001	-486,000	-513,000	-486,000
182110,7312	-486,000	-459,000	-513,000
182110,7617	-513,000	-459,000	-486,000
182110,7921	-486,000	-513,000	-486,000
182110,8240	-459,000	-540,000	-486,000
182110,8511	-486,000	-486,000	-486,000
182110,8825	-513,000	-540,000	-459,000
182110,9152	-459,000	-513,000	-486,000
182110,9441	-513,000	-459,000	-513,000
182110,9744	-459,000	-459,000	-486,000
182111,0041	-459,000	-513,000	-513,000
182111,0344	-486,000	-486,000	-513,000
182111,0643	-486,000	-486,000	-513,000
182111,0969	-486,000	-486,000	-486,000
182111,1248	-486,000	-459,000	-486,000
182111,1567	-513,000	-513,000	-486,000
182111,1866	-540,000	-459,000	-486,000
182111,2176	-459,000	-486,000	-513,000
182111,2465	-513,000	-513,000	-486,000
182111,2764	-513,000	-486,000	-486,000
182111,3053	-486,000	-513,000	-513,000
182111,3362	-513,000	-459,000	-540,000
182111,3672	-486,000	-513,000	-486,000
182111,3971	-540,000	-513,000	-513,000
182111,4290	-486,000	-486,000	-486,000
182111,4579	-486,000	-459,000	-486,000
182111,4868	-486,000	-513,000	-513,000
182111,5178	-486,000	-513,000	-486,000
182111,5477	-513,000	-486,000	-486,000
182111,5776	-459,000	-486,000	-540,000
182111,6115	-513,000	-513,000	-486,000
182111,6384	-459,000	-486,000	-540,000
182111,6684	-459,000	-513,000	-513,000
182111,6993	-513,000	-486,000	-513,000
182111,7292	-486,000	-513,000	-513,000
182111,7621	-459,000	-486,000	-486,000
182111,7900	-486,000	-486,000	-486,000
182111,8189	-486,000	-486,000	-513,000
182111,8489	-513,000	-486,000	-486,000
182111,8788	-513,000	-486,000	-513,000
182111,9127	-486,000	-486,000	-513,000
182111,9406	-486,000	-513,000	-486,000
182111,9705	-486,000	-486,000	-459,000
182112,0025	-486,000	-513,000	-486,000
182112,0304	-486,000	-486,000	-513,000
182112,0613	-486,000	-459,000	-459,000
182112,0912	-513,000	-486,000	-459,000
182112,1211	-459,000	-486,000	-459,000
182112,1511	-486,000	-513,000	-513,000
182112,1821	-513,000	-513,000	-459,000
182112,2131	-486,000	-459,000	-513,000
182112,2819	-486,000	-486,000	-513,000
182112,3772	-459,000	-486,000	-513,000
182112,4011	-540,000	-486,000	-513,000
182112,4110	-486,000	-513,000	-513,000
182112,4433	-459,000	-486,000	-486,000
182112,4736	-513,000	-513,000	-486,000
182112,5060	-513,000	-486,000	-486,000
182112,5351	-486,000	-513,000	-459,000
182112,5657	-513,000	-486,000	-513,000
182112,5959	-486,000	-486,000	-486,000
182112,6268	-513,000	-513,000	-459,000
182112,6585	-513,000	-513,000	-540,000
182112,6876	-54,000	-81,000	-135,000
182112,7169	27,000	27,000	27,000
182112,7473	27,000	27,000	27,000
182112,7782	0,000	0,000	0,000
182112,8121	0,000	0,000	0,000
182112,8398	0,000	0,000	0,000
182112,8707	0,000	0,000	0,000
182112,9009	0,000	0,000	0,000
182112,9311	0,000	0,000	0,000
182112,9634	0,000	0,000	0,000
182112,9921	0,000	0,000	0,000
182113,0233	0,000	0,000	0,000
182113,0544	0,000	0,000	0,000
182113,0839	0,000	0,000	0,000
182113,1144	0,000	0,000	0,000
182113,1449	0,000	0,000	0,000
182113,1744	0,000	0,000	0,000
182113,2055	0,000	0,000	0,000
182113,2354	0,000	0,000	0,000
182113,2708	0,000	0,000	0,000
182113,2985	0,000	0,000	0,000
182113,3261	0,000	0,000	0,000
182113,3584	0,000	0,000	0,000
182113,3896	0,000	0,000	0,000
182113,4194	0,000	0,000	0,000
182113,4574	0,000	0,000	0,000
182113,4783	0,000	0,000	0,000
182113,5102	0,000	0,000	0,000
182113,5399	0,000	0,000	0,000
182113,5688	0,000	0,000	0,000
182113,6018	0,000	0,000	0,000
182113,6307	0,000	0,000	0,000
182113,6612	0,000	0,000	0,000
182113,6911	0,000	0,000	0,000
182113,7223	0,000	0,000	0,000
182113,7531	0,000	0,000	0,000
182113,7861	0,000	0,000	0,000
182113,8173	0,000	0,000	0,000
182113,8454	0,000	0,000	0,000
182113,8745	0,000	0,000	0,000
182113,9061	0,000	0,000	0,000
182113,9336	0,000	0,000	0,000
182113,9644	0,000	0,000	0,000
182113,9951	0,000	0,000	0,000
182114,0286	0,000	0,000	0,000
182114,0560	0,000	0,000	0,000
182114,0849	0,000	0,000	0,000
182114,1171	0,000	0,000	0,000
182114,1460	0,000	0,000	0,000
182114,1791	0,000	0,000	0,000
182114,2234	0,000	0,000	0,000
182114,2436	0,000	0,000	0,000
182114,2679	0,000	0,000	0,000
182114,2971	0,000	0,000	0,000
182114,3270	0,000	0,000	0,000
