181431,0213	0,000	0,000	0,000
181431,0473	0,000	0,000	0,000
181431,0782	0,000	0,000	0,000
181431,1103	0,000	0,000	0,000
181431,1389	0,000	0,000	0,000
181431,1720	0,000	0,000	0,000
181431,2003	0,000	0,000	0,000
181431,2322	0,000	0,000	0,000
181431,2603	0,000	0,000	0,000
181431,2931	0,000	0,000	0,000
181431,3203	0,000	0,000	0,000
181431,3507	0,000	0,000	0,000
181431,3805	0,000	0,000	0,000
181431,4108	0,000	0,000	0,000
181431,4423	0,000	0,000	0,000
181431,4715	0,000	0,000	0,000
181431,5008	0,000	0,000	0,000
181431,5314	0,000	0,000	0,000
181431,5621	0,000	0,000	0,000
181431,5920	0,000	0,000	0,000
181431,6219	0,000	0,000	0,000
181431,6558	0,000	0,000	0,000
181431,6830	0,000	0,000	0,000
181431,7148	0,000	0,000	0,000
181431,7449	0,000	0,000	0,000
181431,7743	0,000	0,000	0,000
181431,8070	0,000	0,000	0,000
181431,8358	0,000	0,000	0,000
181431,8677	0,000	0,000	0,000
181431,8976	0,000	0,000	0,000
181431,9397	0,000	0,000	0,000
181431,9676	0,000	0,000	0,000
181431,9975	0,000	0,000	0,000
181432,0274	0,000	0,000	0,000
181432,0603	0,000	0,000	0,000
181432,0903	0,000	0,000	0,000
181432,1192	0,000	0,000	0,000
181432,1541	0,000	0,000	0,000
181432,1800	0,000	0,000	0,000
181432,2109	0,000	0,000	0,000
181432,2426	0,000	0,000	0,000
181432,2725	0,000	0,000	0,000
181432,3224	0,000	0,000	0,000
181432,3343	0,000	0,000	0,000
181432,3633	0,000	0,000	0,000
181432,3952	0,000	0,000	0,000
181432,4241	0,000	0,000	0,000
181432,4540	0,000	0,000	0,000
181432,4869	0,000	0,000	0,000
181432,5178	0,000	0,000	0,000
181432,5458	0,000	0,000	0,000
181432,5787	0,000	0,000	0,000
181432,6066	0,000	0,000	0,000
181432,6365	0,000	0,000	0,000
181432,6664	0,000	0,000	0,000
181432,6964	0,000	0,000	0,000
181432,7273	0,000	0,000	0,000
181432,7572	0,000	0,000	0,000
181432,7871	0,000	0,000	0,000
181432,8170	0,000	0,000	0,000
181432,8470	0,000	0,000	0,000
181432,8789	0,000	0,000	0,000
181432,9078	0,000	0,000	0,000
181432,9816	0,000	0,000	0,000
181433,0177	0,000	0,000	0,000
181433,0705	0,000	0,000	0,000
181433,0855	0,000	0,000	0,000
181433,1094	0,000	0,000	0,000
181433,1344	0,000	0,000	0,000
181433,1643	0,000	0,000	0,000
181433,1942	0,000	0,000	0,000
181433,2251	0,000	0,000	0,000
181433,2551	0,000	0,000	0,000
181433,2872	0,000	0,000	0,000
181433,3162	0,000	0,000	0,000
181433,3471	0,000	0,000	0,000
181433,3782	0,000	0,000	0,000
181433,4092	0,000	0,000	0,000
181433,4389	0,000	0,000	0,000
181433,4693	0,000	0,000	0,000
181433,5016	0,000	0,000	0,000
181433,5296	0,000	0,000	0,000
181433,5609	0,000	0,000	0,000
181433,5897	0,000	0,000	0,000
181433,6202	0,000	0,000	0,000
181433,6506	0,000	0,000	0,000
181433,6804	0,000	0,000	0,000
181433,7091	0,000	0,000	0,000
181433,7400	0,000	0,000	0,000
181433,7698	0,000	0,000	0,000
181433,8017	0,000	0,000	0,000
181433,8321	0,000	0,000	0,000
181433,8611	0,000	0,000	0,000
181433,8922	0,000	0,000	0,000
181433,9224	0,000	0,000	0,000
181433,9531	0,000	0,000	0,000
181433,9839	0,000	0,000	0,000
181434,0140	0,000	0,000	0,000
181434,0459	0,000	0,000	0,000
181434,0738	0,000	0,000	0,000
181434,1047	0,000	0,000	0,000
181434,1356	0,000	0,000	0,000
181434,1656	0,000	0,000	0,000
181434,1955	0,000	0,000	0,000
181434,2254	0,000	0,000	0,000
181434,2583	-405,000	-378,000	-378,000
181434,2872	-513,000	-432,000	-486,000
181434,3211	-513,000	-486,000	-540,000
181434,3461	-486,000	-459,000	-513,000
181434,3780	-459,000	-486,000	-513,000
181434,4069	-486,000	-513,000	-486,000
181434,4363	-513,000	-459,000	-513,000
181434,4672	-513,000	-513,000	-486,000
181434,4971	-486,000	-486,000	-513,000
181434,5320	-486,000	-486,000	-486,000
181434,5579	-486,000	-513,000	-432,000
181434,5879	-432,000	-486,000	-459,000
181434,6198	-486,000	-513,000	-459,000
181434,6507	-486,000	-486,000	-513,000
181434,6806	-459,000	-459,000	-513,000
181434,7095	-486,000	-486,000	-513,000
181434,7395	-486,000	-513,000	-486,000
181434,7694	-486,000	-486,000	-459,000
181434,7984	-459,000	-513,000	-513,000
181434,8313	-459,000	-486,000	-459,000
181434,8601	-486,000	-486,000	-486,000
181434,8891	-459,000	-459,000	-513,000
181434,9212	-486,000	-513,000	-513,000
181434,9518	-513,000	-486,000	-513,000
181434,9819	-513,000	-459,000	-486,000
181435,0121	-486,000	-459,000	-486,000
181435,0430	-486,000	-486,000	-513,000
181435,0724	-486,000	-459,000	-513,000
181435,1028	-486,000	-459,000	-486,000
181435,1337	-513,000	-486,000	-486,000
181435,1640	-459,000	-486,000	-513,000
181435,1953	-486,000	-513,000	-459,000
181435,2252	-513,000	-513,000	-513,000
181435,2542	-459,000	-540,000	-486,000
181435,2861	-432,000	-486,000	-513,000
181435,3150	-513,000	-513,000	-513,000
181435,3455	-459,000	-513,000	-513,000
181435,3764	-486,000	-486,000	-513,000
181435,4054	-513,000	-486,000	-486,000
181435,4369	-513,000	-513,000	-513,000
181435,4658	-459,000	-486,000	-486,000
181435,5511	-513,000	-486,000	-486,000
181435,5666	-486,000	-486,000	-486,000
181435,5863	-486,000	-486,000	-513,000
181435,6142	-486,000	-486,000	-486,000
181435,6458	-513,000	-459,000	-486,000
181435,6748	-459,000	-513,000	-540,000
181435,7052	-486,000	-486,000	-513,000
181435,7360	-513,000	-459,000	-486,000
181435,7661	-459,000	-459,000	-513,000
181435,7961	-513,000	-486,000	-486,000
181435,8275	-513,000	-513,000	-513,000
181435,8591	-486,000	-486,000	-513,000
181435,8860	-513,000	-513,000	-513,000
181435,9211	-486,000	-540,000	-459,000
181435,9474	-432,000	-513,000	-486,000
181435,9794	-486,000	-486,000	-513,000
181436,0100	-513,000	-459,000	-486,000
181436,0390	-459,000	-459,000	-513,000
181436,0689	-486,000	-513,000	-486,000
181436,1008	-486,000	-459,000	-513,000
181436,1379	-486,000	-486,000	-540,000
181436,1628	-459,000	-486,000	-486,000
181436,1913	-486,000	-432,000	-486,000
181436,2221	-513,000	-486,000	-540,000
181436,2517	-486,000	-540,000	-486,000
181436,2834	-486,000	-459,000	-459,000
181436,3143	-513,000	-459,000	-513,000
181436,3438	-459,000	-486,000	-459,000
181436,3740	-513,000	-513,000	-486,000
181436,4042	-513,000	-459,000	-513,000
181436,4350	-486,000	-513,000	-486,000
181436,4649	-486,000	-486,000	-486,000
181436,4939	-513,000	-513,000	-513,000
181436,5254	-486,000	-513,000	-459,000
181436,5566	-486,000	-513,000	-486,000
181436,5846	-459,000	-486,000	-513,000
181436,6149	-459,000	-486,000	-513,000
181436,6454	-513,000	-513,000	-486,000
181436,6785	-486,000	-513,000	-513,000
181436,7094	-432,000	-459,000	-540,000
181436,7363	-486,000	-486,000	-486,000
181436,7706	-486,000	-486,000	-513,000
181436,7976	-459,000	-459,000	-513,000
181436,8285	-486,000	-540,000	-513,000
181436,8586	-459,000	-486,000	-567,000
181436,8915	-513,000	-459,000	-513,000
181436,9204	-513,000	-540,000	-513,000
181436,9484	-486,000	-459,000	-486,000
181436,9803	-486,000	-459,000	-459,000
181437,0102	-513,000	-486,000	-459,000
181437,0411	-486,000	-486,000	-513,000
181437,0701	-513,000	-486,000	-513,000
181437,1000	-459,000	-486,000	-459,000
181437,1319	-486,000	-486,000	-513,000
181437,1608	-486,000	-459,000	-513,000
181437,1937	-486,000	-486,000	-486,000
181437,2206	-486,000	-486,000	-486,000
181437,2506	-486,000	-513,000	-513,000
181437,2815	-486,000	-486,000	-486,000
181437,3114	-486,000	-513,000	-459,000
181437,3403	-459,000	-486,000	-540,000
181437,3703	-486,000	-513,000	-540,000
181437,4012	-513,000	-513,000	-540,000
181437,4301	-486,000	-540,000	-540,000
181437,4600	-486,000	-459,000	-513,000
181437,4929	-459,000	-513,000	-486,000
181437,5228	-513,000	-459,000	-540,000
181437,5518	-513,000	-459,000	-486,000
181437,5847	-459,000	-513,000	-486,000
181437,6116	-486,000	-486,000	-486,000
181437,6425	-486,000	-459,000	-486,000
181437,6724	-486,000	-459,000	-486,000
181437,7024	-486,000	-540,000	-513,000
181437,7323	-513,000	-486,000	-486,000
181437,7622	-459,000	-486,000	-513,000
181437,7921	-486,000	-513,000	-513,000
181437,8230	-513,000	-513,000	-486,000
181437,8530	-486,000	-513,000	-459,000
181437,8829	-513,000	-486,000	-513,000
181437,9138	-486,000	-540,000	-459,000
181437,9447	-486,000	-459,000	-513,000
181437,9746	-486,000	-513,000	-486,000
181438,0065	-486,000	-540,000	-540,000
181438,0843	-459,000	-459,000	-486,000
181438,1641	-459,000	-540,000	-486,000
181438,1891	-486,000	-486,000	-486,000
181438,2100	-486,000	-432,000	-513,000
181438,2280	-486,000	-486,000	-459,000
181438,2610	-486,000	-459,000	-486,000
181438,2908	-486,000	-513,000	-432,000
181438,3197	-486,000	-513,000	-486,000
181438,3507	-486,000	-540,000	-513,000
181438,3816	-486,000	-513,000	-486,000
181438,4155	-486,000	-513,000	-486,000
181438,4442	-486,000	-486,000	-486,000
181438,4751	-486,000	-513,000	-459,000
181438,5054	-459,000	-513,000	-459,000
181438,5350	-459,000	-486,000	-486,000
181438,5645	-459,000	-486,000	-486,000
181438,5946	0,000	0,000	-27,000
181438,6261	513,000	540,000	540,000
181438,6550	513,000	513,000	513,000
181438,6864	513,000	459,000	486,000
181438,7225	459,000	513,000	513,000
181438,7490	513,000	486,000	459,000
181438,7771	513,000	486,000	513,000
181438,8095	486,000	486,000	486,000
181438,8394	486,000	540,000	513,000
181438,8686	513,000	459,000	540,000
181438,9021	459,000	486,000	513,000
181438,9307	459,000	513,000	513,000
181438,9610	486,000	513,000	513,000
181438,9930	432,000	513,000	486,000
181439,0238	486,000	513,000	513,000
181439,0553	459,000	459,000	486,000
181439,0837	486,000	486,000	486,000
181439,1147	486,000	486,000	513,000
181439,1442	486,000	486,000	432,000
181439,1748	486,000	513,000	513,000
181439,2048	486,000	459,000	540,000
181439,2365	486,000	486,000	486,000
181439,2672	513,000	486,000	486,000
181439,2969	486,000	486,000	513,000
181439,3285	513,000	486,000	486,000
181439,3578	513,000	486,000	459,000
181439,3868	459,000	486,000	459,000
181439,4177	486,000	459,000	540,000
181439,4519	513,000	513,000	486,000
181439,4794	486,000	513,000	513,000
181439,5101	513,000	486,000	513,000
181439,5427	513,000	486,000	513,000
181439,5701	486,000	486,000	486,000
181439,6013	486,000	486,000	513,000
181439,6316	513,000	513,000	486,000
181439,6625	432,000	513,000	486,000
181439,6920	486,000	513,000	486,000
181439,7232	486,000	486,000	486,000
181439,7536	432,000	486,000	486,000
181439,7845	459,000	459,000	513,000
181439,8146	486,000	486,000	459,000
181439,8485	486,000	432,000	540,000
181439,8745	486,000	540,000	513,000
181439,9058	459,000	486,000	432,000
181439,9367	459,000	486,000	513,000
181439,9672	486,000	486,000	513,000
181439,9961	513,000	486,000	486,000
181440,0276	486,000	486,000	486,000
181440,0572	513,000	486,000	486,000
181440,0872	486,000	513,000	513,000
181440,1187	486,000	459,000	540,000
181440,1500	513,000	459,000	513,000
181440,1825	513,000	486,000	486,000
181440,2110	486,000	459,000	513,000
181440,2435	459,000	459,000	513,000
181440,2714	513,000	486,000	513,000
181440,3025	459,000	486,000	486,000
181440,3345	459,000	486,000	513,000
181440,3647	459,000	486,000	486,000
181440,3967	486,000	513,000	513,000
181440,4307	459,000	513,000	486,000
181440,4578	459,000	486,000	486,000
181440,4877	486,000	513,000	459,000
181440,5176	486,000	567,000	459,000
181440,5477	486,000	486,000	513,000
181440,5788	486,000	513,000	486,000
181440,6260	459,000	486,000	486,000
181440,6430	513,000	486,000	459,000
181440,6689	540,000	486,000	513,000
181440,6999	486,000	432,000	459,000
181440,7310	486,000	513,000	486,000
181440,7615	513,000	513,000	459,000
181440,7923	432,000	486,000	513,000
181440,8244	486,000	486,000	513,000
181440,8536	486,000	486,000	486,000
181440,8827	459,000	459,000	486,000
181440,9150	486,000	486,000	486,000
181440,9462	459,000	540,000	513,000
181440,9772	459,000	486,000	513,000
181441,0066	486,000	513,000	486,000
181441,0358	459,000	486,000	513,000
181441,0640	459,000	486,000	486,000
181441,0969	486,000	486,000	486,000
181441,1282	459,000	459,000	513,000
181441,1566	513,000	540,000	432,000
181441,1872	486,000	540,000	540,000
181441,2162	486,000	486,000	513,000
181441,2747	513,000	486,000	486,000
181441,2817	486,000	513,000	486,000
181441,3087	513,000	486,000	486,000
181441,3370	432,000	432,000	459,000
181441,3679	486,000	486,000	513,000
181441,3968	513,000	540,000	540,000
181441,4279	432,000	513,000	486,000
181441,4575	486,000	486,000	486,000
181441,4883	513,000	486,000	459,000
181441,5191	486,000	459,000	486,000
181441,5484	432,000	486,000	459,000
181441,5774	513,000	513,000	513,000
181441,6088	513,000	486,000	513,000
181441,6392	486,000	540,000	486,000
181441,6696	486,000	540,000	486,000
181441,7008	459,000	486,000	459,000
181441,7290	486,000	513,000	513,000
181441,7589	486,000	459,000	513,000
181441,7906	486,000	486,000	486,000
181441,8205	486,000	486,000	513,000
181441,8512	486,000	513,000	486,000
181441,8845	513,000	513,000	486,000
181441,9135	513,000	432,000	486,000
181441,9434	513,000	486,000	513,000
181441,9755	486,000	486,000	486,000
181442,0042	513,000	540,000	486,000
181442,0353	513,000	513,000	513,000
181442,0643	486,000	486,000	513,000
181442,0952	513,000	540,000	486,000
181442,1261	513,000	486,000	486,000
181442,1560	486,000	459,000	513,000
181442,1849	432,000	513,000	513,000
181442,2148	486,000	486,000	513,000
181442,2458	486,000	513,000	486,000
181442,2777	459,000	513,000	513,000
181442,3066	486,000	486,000	513,000
181442,3355	486,000	513,000	486,000
181442,3664	459,000	513,000	486,000
181442,3964	459,000	513,000	513,000
181442,4273	486,000	486,000	486,000
181442,4592	513,000	513,000	486,000
181442,4871	486,000	513,000	486,000
181442,5290	486,000	513,000	486,000
181442,5480	513,000	513,000	486,000
181442,5769	513,000	486,000	486,000
181442,6078	513,000	459,000	459,000
181442,6397	513,000	486,000	459,000
181442,6676	486,000	540,000	486,000
181442,6986	513,000	513,000	459,000
181442,7275	486,000	486,000	459,000
181442,7584	486,000	486,000	513,000
181442,7893	513,000	486,000	513,000
181442,8202	486,000	459,000	486,000
181442,8492	459,000	513,000	486,000
181442,8791	486,000	513,000	540,000
181442,9100	459,000	513,000	486,000
181442,9389	513,000	513,000	486,000
181442,9688	486,000	540,000	486,000
181443,0017	486,000	513,000	486,000
181443,0307	486,000	486,000	486,000
181443,0616	486,000	486,000	486,000
181443,0905	459,000	513,000	486,000
181443,1244	513,000	513,000	486,000
181443,1513	486,000	486,000	513,000
181443,1882	513,000	486,000	459,000
181443,2471	513,000	405,000	486,000
181443,3314	513,000	486,000	513,000
181443,3544	513,000	486,000	513,000
181443,3743	486,000	486,000	486,000
181443,3943	459,000	540,000	486,000
181443,4283	513,000	486,000	540,000
181443,4592	432,000	486,000	486,000
181443,4842	432,000	540,000	513,000
181443,5151	486,000	513,000	540,000
181443,5448	540,000	486,000	486,000
181443,5759	459,000	459,000	513,000
181443,6058	513,000	486,000	486,000
181443,6384	513,000	459,000	486,000
181443,6674	486,000	459,000	540,000
181443,6983	486,000	486,000	486,000
181443,8365	486,000	486,000	513,000
181443,8443	486,000	540,000	513,000
181443,8742	486,000	513,000	486,000
181443,9015	540,000	486,000	486,000
181443,9326	513,000	486,000	486,000
181444,0745	486,000	486,000	513,000
181444,0826	513,000	486,000	513,000
181444,2121	459,000	486,000	513,000
181444,2273	513,000	432,000	459,000
181444,2472	513,000	486,000	513,000
181444,3787	459,000	540,000	486,000
181444,3930	459,000	459,000	459,000
181444,5182	486,000	513,000	459,000
181444,5221	540,000	540,000	486,000
181444,5538	513,000	486,000	486,000
181444,6734	486,000	486,000	486,000
181444,6883	486,000	459,000	513,000
181444,8128	513,000	432,000	486,000
181444,8168	486,000	513,000	486,000
181444,8618	486,000	513,000	513,000
181444,9377	486,000	513,000	486,000
181444,9534	486,000	486,000	486,000
181445,0796	513,000	567,000	486,000
181445,0956	513,000	540,000	567,000
181445,1145	486,000	486,000	513,000
181445,1455	459,000	432,000	459,000
181445,1755	513,000	540,000	486,000
181445,3025	513,000	513,000	486,000
181445,3165	486,000	567,000	486,000
181445,3395	486,000	459,000	513,000
181445,3693	513,000	486,000	486,000
181445,3996	486,000	513,000	486,000
181445,4298	486,000	486,000	567,000
181445,4604	486,000	459,000	513,000
181445,4898	432,000	513,000	540,000
181445,5215	486,000	540,000	513,000
181445,5518	486,000	486,000	540,000
181445,5846	459,000	513,000	513,000
181445,6138	513,000	513,000	513,000
181445,6437	486,000	486,000	486,000
181445,6734	459,000	459,000	486,000
181445,7100	459,000	459,000	486,000
181445,7331	486,000	486,000	486,000
181445,7635	486,000	486,000	513,000
181445,7934	486,000	486,000	486,000
181445,8237	459,000	486,000	486,000
181445,8536	486,000	513,000	459,000
181445,8843	486,000	459,000	486,000
181445,9155	513,000	513,000	459,000
181445,9473	513,000	486,000	486,000
181445,9782	513,000	486,000	513,000
181446,0064	486,000	459,000	486,000
181446,0382	513,000	513,000	513,000
181446,0682	486,000	459,000	486,000
181446,0985	486,000	459,000	540,000
181446,1282	459,000	567,000	486,000
181446,1614	486,000	540,000	486,000
181446,1891	432,000	486,000	513,000
181446,2220	486,000	513,000	486,000
181446,2519	486,000	486,000	513,000
181446,2810	486,000	486,000	486,000
181446,3130	432,000	513,000	486,000
181446,3441	486,000	540,000	459,000
181446,3769	486,000	513,000	486,000
181446,4058	459,000	486,000	513,000
181446,4358	486,000	486,000	513,000
181446,4657	459,000	486,000	432,000
181446,4939	513,000	486,000	513,000
181446,5268	486,000	459,000	459,000
181446,5557	513,000	513,000	459,000
181446,5840	486,000	513,000	459,000
181446,6147	459,000	513,000	513,000
181446,6447	513,000	486,000	486,000
181446,6749	486,000	486,000	486,000
181446,7058	486,000	459,000	540,000
181446,7362	486,000	513,000	486,000
181446,7686	513,000	486,000	513,000
181446,7973	486,000	513,000	513,000
181446,8272	486,000	486,000	513,000
181446,8559	513,000	540,000	486,000
181446,8878	432,000	513,000	513,000
181446,9178	486,000	513,000	540,000
181446,9471	486,000	486,000	459,000
181446,9780	486,000	486,000	540,000
181447,0081	459,000	459,000	513,000
181447,0391	486,000	513,000	540,000
181447,0706	459,000	513,000	459,000
181447,0995	513,000	486,000	540,000
181447,1294	459,000	513,000	486,000
181447,1614	486,000	432,000	486,000
181447,1922	513,000	513,000	459,000
181447,2232	486,000	513,000	459,000
181447,2501	486,000	486,000	540,000
181447,2810	540,000	513,000	486,000
181447,3109	513,000	513,000	459,000
181447,3408	513,000	432,000	513,000
181447,3718	486,000	459,000	486,000
181447,4017	486,000	459,000	513,000
181447,4326	486,000	513,000	459,000
181447,4645	486,000	513,000	486,000
181447,4944	459,000	486,000	486,000
181447,5243	486,000	513,000	513,000
181447,5882	459,000	594,000	486,000
181447,6031	459,000	540,000	513,000
181447,6221	486,000	486,000	486,000
181447,6530	513,000	486,000	486,000
181447,6839	459,000	486,000	459,000
181447,7138	486,000	486,000	486,000
181447,7448	513,000	513,000	486,000
181447,7777	513,000	459,000	513,000
181447,8066	486,000	405,000	513,000
181447,8375	594,000	513,000	459,000
181447,8654	486,000	513,000	513,000
181447,8964	513,000	459,000	486,000
181447,9263	486,000	459,000	513,000
181447,9602	459,000	513,000	513,000
181447,9881	486,000	486,000	513,000
181448,0170	486,000	459,000	486,000
181448,0480	459,000	486,000	486,000
181448,0779	513,000	486,000	486,000
181448,1088	513,000	486,000	486,000
181448,1427	432,000	486,000	486,000
181448,1706	459,000	513,000	513,000
181448,2005	486,000	486,000	513,000
181448,2694	486,000	486,000	486,000
181448,3490	486,000	513,000	513,000
181448,3759	459,000	513,000	486,000
181448,3932	486,000	540,000	459,000
181448,4171	486,000	540,000	432,000
181448,4455	486,000	486,000	540,000
181448,4759	459,000	432,000	486,000
181448,5069	540,000	513,000	432,000
181448,5379	486,000	486,000	459,000
181448,5648	513,000	486,000	486,000
181448,5965	486,000	513,000	486,000
181448,6282	513,000	459,000	486,000
181448,6588	432,000	459,000	513,000
181448,6872	486,000	486,000	486,000
181448,7171	459,000	486,000	513,000
181448,7478	513,000	513,000	486,000
181448,7768	459,000	486,000	486,000
181448,8078	459,000	486,000	459,000
181448,8377	459,000	513,000	513,000
181448,8707	513,000	513,000	513,000
181448,8996	459,000	486,000	486,000
181448,9465	486,000	513,000	486,000
181448,9665	486,000	486,000	486,000
181448,9916	459,000	486,000	486,000
181449,0210	459,000	513,000	513,000
181449,0504	486,000	486,000	486,000
181449,0807	486,000	513,000	486,000
181449,1138	459,000	486,000	486,000
181449,1419	486,000	486,000	486,000
181449,1721	513,000	459,000	459,000
181449,2011	513,000	459,000	513,000
181449,2324	486,000	459,000	486,000
181449,2612	459,000	513,000	486,000
181449,2916	513,000	486,000	513,000
181449,3226	486,000	486,000	513,000
181449,3516	459,000	513,000	486,000
181449,3839	513,000	459,000	540,000
181449,4131	486,000	486,000	513,000
181449,4446	486,000	513,000	486,000
181449,4752	486,000	486,000	486,000
181449,5061	459,000	486,000	540,000
181449,5351	513,000	540,000	513,000
181449,5670	-27,000	0,000	-27,000
181449,5949	0,000	0,000	-27,000
181449,6251	0,000	-27,000	0,000
181449,6564	0,000	0,000	0,000
181449,6871	0,000	0,000	0,000
181449,7172	0,000	-27,000	0,000
181449,7465	-27,000	-27,000	0,000
181449,7824	0,000	0,000	0,000
181449,8090	0,000	0,000	0,000
181449,8392	0,000	0,000	0,000
181449,8706	0,000	0,000	0,000
181449,8989	0,000	0,000	0,000
181449,9305	0,000	0,000	0,000
181449,9601	0,000	0,000	0,000
181449,9903	0,000	0,000	0,000
181450,0213	-486,000	-486,000	-513,000
181450,0515	-486,000	-486,000	-594,000
181450,0814	-486,000	-459,000	-459,000
181450,1121	-513,000	-486,000	-513,000
181450,1416	-486,000	-486,000	-486,000
181450,1726	-459,000	-486,000	-513,000
181450,2085	-486,000	-486,000	-513,000
181450,2330	-486,000	-486,000	-459,000
181450,2640	-486,000	-459,000	-459,000
181450,2939	-513,000	-540,000	-513,000
181450,3258	-486,000	-540,000	-486,000
181450,3557	-486,000	-486,000	-486,000
181450,3874	-432,000	-540,000	-486,000
181450,4172	-486,000	-540,000	-486,000
181450,4448	-486,000	-486,000	-459,000
181450,4766	-513,000	-513,000	-513,000
181450,5078	-513,000	-459,000	-513,000
181450,5366	-459,000	-486,000	-513,000
181450,5677	-486,000	-513,000	-540,000
181450,6014	-486,000	-486,000	-486,000
181450,6283	-486,000	-486,000	-513,000
181450,6616	-459,000	-513,000	-540,000
181450,6894	-459,000	-513,000	-486,000
181450,7215	-486,000	-486,000	-513,000
181450,7504	-459,000	-459,000	-513,000
181450,7811	-486,000	-486,000	-513,000
181450,8114	-513,000	-459,000	-513,000
181450,8596	-486,000	-513,000	-486,000
181450,8765	-513,000	-459,000	-486,000
181450,9036	-513,000	-459,000	-486,000
181450,9341	-513,000	-459,000	-486,000
181450,9644	-486,000	-486,000	-486,000
181450,9939	-513,000	-540,000	-513,000
181451,0239	-486,000	-513,000	-486,000
181451,0538	-432,000	-540,000	-459,000
181451,0847	-486,000	-540,000	-486,000
181451,1156	-486,000	-540,000	-513,000
181451,1466	-459,000	-513,000	-486,000
181451,1777	-486,000	-459,000	-513,000
181451,2096	-486,000	-513,000	-513,000
181451,2392	-486,000	-540,000	-513,000
181451,2693	-513,000	-486,000	-513,000
181451,2996	-459,000	-486,000	-486,000
181451,3323	-459,000	-513,000	-513,000
181451,3596	-486,000	-459,000	-513,000
181451,3892	-513,000	-486,000	-513,000
181451,4211	-486,000	-513,000	-486,000
181451,4498	-486,000	-459,000	-486,000
181451,4961	-486,000	-486,000	-513,000
181451,5174	-486,000	-486,000	-486,000
181451,5441	-486,000	-486,000	-486,000
181451,5743	-486,000	-459,000	-486,000
181451,6063	-513,000	-513,000	-486,000
181451,6350	-486,000	-486,000	-486,000
181451,6647	-513,000	-486,000	-486,000
181451,6942	-486,000	-486,000	-513,000
181451,7291	-459,000	-486,000	-486,000
181451,7570	-459,000	-540,000	-486,000
181451,7868	-459,000	-513,000	-513,000
181451,8172	-486,000	-432,000	-486,000
181451,8472	-486,000	-513,000	-513,000
181451,8782	-459,000	-486,000	-513,000
181451,9071	-486,000	-459,000	-513,000
181451,9402	-486,000	-486,000	-513,000
181451,9701	-432,000	-513,000	-513,000
181452,0004	-513,000	-459,000	-513,000
181452,0334	-459,000	-486,000	-513,000
181452,0603	-486,000	-486,000	-486,000
181452,0902	-513,000	-486,000	-486,000
181452,1202	-486,000	-486,000	-513,000
181452,1562	-513,000	-459,000	-459,000
181452,1791	-513,000	-486,000	-486,000
181452,2111	-459,000	-486,000	-486,000
181452,2419	-486,000	-486,000	-486,000
181452,2708	-513,000	-486,000	-486,000
181452,3017	-486,000	-486,000	-513,000
181452,3306	-486,000	-486,000	-459,000
181452,3615	-513,000	-486,000	-486,000
181452,3900	-486,000	-540,000	-459,000
181452,4200	-432,000	-540,000	-486,000
181452,4568	-513,000	-513,000	-486,000
181452,4817	-486,000	-486,000	-513,000
181452,5149	-459,000	-432,000	-513,000
181452,5418	-513,000	-486,000	-486,000
181452,5728	-513,000	-486,000	-486,000
181452,6037	-486,000	-513,000	-486,000
181452,6336	-459,000	-486,000	-513,000
181452,6635	-486,000	-540,000	-540,000
181452,6944	-486,000	-459,000	-459,000
181452,7254	-513,000	-540,000	-513,000
181452,7543	-513,000	-513,000	-513,000
181452,7912	-513,000	-459,000	-486,000
181452,8151	-486,000	-486,000	-513,000
181452,8450	-513,000	-513,000	-486,000
181452,8780	-513,000	-486,000	-459,000
181452,9069	-486,000	-459,000	-513,000
181452,9368	-540,000	-459,000	-486,000
181452,9697	-459,000	-513,000	-486,000
181452,9976	-513,000	-486,000	-486,000
181453,0285	-513,000	-540,000	-486,000
181453,0605	-486,000	-513,000	-486,000
181453,0904	-486,000	-513,000	-486,000
181453,1193	-513,000	-513,000	-513,000
181453,1492	-486,000	-486,000	-513,000
181453,1801	-486,000	-486,000	-513,000
181453,2101	-486,000	-486,000	-513,000
181453,2380	-459,000	-540,000	-513,000
181453,2699	-459,000	-486,000	-486,000
181453,2988	-486,000	-486,000	-513,000
181453,3297	-486,000	-540,000	-513,000
181453,3666	-486,000	-486,000	-486,000
181453,4305	-459,000	-513,000	-459,000
181453,5148	-459,000	-486,000	-513,000
181453,5429	-486,000	-486,000	-513,000
181453,5489	-486,000	-486,000	-459,000
181453,6279	-486,000	-513,000	-486,000
181453,6439	-513,000	-486,000	-459,000
181453,6634	-486,000	-486,000	-540,000
181453,6944	-459,000	-540,000	-486,000
181453,7237	-486,000	-513,000	-459,000
181453,7541	-513,000	-486,000	-513,000
181453,7849	-486,000	-486,000	-486,000
181453,8162	-486,000	-540,000	-513,000
181453,8468	-486,000	-486,000	-540,000
181453,8787	-459,000	-486,000	-486,000
181453,9082	-486,000	-513,000	-459,000
181453,9391	-540,000	-486,000	-513,000
181453,9685	-486,000	-486,000	-513,000
181453,9995	-486,000	-432,000	-486,000
181454,0275	-486,000	-486,000	-513,000
181454,0664	-459,000	-486,000	-432,000
181454,0913	-486,000	-486,000	-405,000
181454,1180	-513,000	-459,000	-486,000
181454,1519	-486,000	-486,000	-486,000
181454,1803	-486,000	-486,000	-486,000
181454,2099	-486,000	-486,000	-513,000
181454,2401	-486,000	-486,000	-540,000
181454,2720	-486,000	-540,000	-486,000
181454,3016	-513,000	-486,000	-459,000
181454,3309	-459,000	-513,000	-513,000
181454,3610	-486,000	-513,000	-459,000
181454,3909	-459,000	-486,000	-459,000
181454,4239	-486,000	-513,000	-513,000
181454,4515	-486,000	-513,000	-513,000
181454,4822	-513,000	-513,000	-486,000
181454,5151	-486,000	-486,000	-513,000
181454,5433	-513,000	-513,000	-513,000
181454,5735	-486,000	-486,000	-513,000
181454,6027	-513,000	-513,000	-486,000
181454,6364	-459,000	-513,000	-486,000
181454,6645	-486,000	-486,000	-486,000
181454,6982	-486,000	-486,000	-513,000
181454,7233	-486,000	-486,000	-513,000
181454,7533	-513,000	-486,000	-459,000
181454,7830	-513,000	-513,000	-513,000
181454,8128	-486,000	-540,000	-486,000
181454,8447	-513,000	-486,000	-486,000
181454,8760	-486,000	-459,000	-486,000
181454,9040	-459,000	-513,000	-513,000
181454,9362	-513,000	-540,000	-459,000
181454,9664	-486,000	-486,000	-459,000
181455,0000	-459,000	-513,000	-513,000
181455,0302	-486,000	-513,000	-540,000
181455,0613	-540,000	-459,000	-486,000
181455,0923	-486,000	-513,000	-486,000
181455,1210	-486,000	-459,000	-513,000
181455,1544	-513,000	-486,000	-513,000
181455,1847	-486,000	-486,000	-540,000
181455,2122	-486,000	-459,000	-486,000
181455,2440	-513,000	-513,000	-513,000
181455,2739	-486,000	-567,000	-540,000
181455,3038	-486,000	-513,000	-486,000
181455,3347	-513,000	-513,000	-513,000
181455,3667	-513,000	-513,000	-513,000
181455,3945	-459,000	-486,000	-486,000
181455,4275	-486,000	-486,000	-459,000
181455,4591	-513,000	-513,000	-486,000
181455,4870	-486,000	-459,000	-486,000
181455,5169	-459,000	-459,000	-486,000
181455,5456	-513,000	-486,000	-513,000
181455,5756	-459,000	-486,000	-459,000
181455,6055	-486,000	-486,000	-459,000
181455,6365	-459,000	-513,000	-486,000
181455,6674	-486,000	-459,000	-540,000
181455,6973	-486,000	-486,000	-486,000
181455,7282	-513,000	-513,000	-486,000
181455,7602	-486,000	-486,000	-513,000
181455,7894	-459,000	-486,000	-513,000
181455,8228	-459,000	-513,000	-486,000
181455,8502	-486,000	-486,000	-486,000
181455,8783	-459,000	-486,000	-486,000
181455,9091	-486,000	-540,000	-513,000
181455,9396	-459,000	-486,000	-513,000
181455,9760	-486,000	-513,000	-486,000
181456,0008	-513,000	-513,000	-540,000
181456,0309	-486,000	-486,000	-513,000
181456,0612	-486,000	-486,000	-513,000
181456,0945	-486,000	-486,000	-486,000
181456,1234	-486,000	-486,000	-459,000
181456,1521	-459,000	-459,000	-486,000
181456,1827	-486,000	-540,000	-540,000
181456,2130	-486,000	-513,000	-540,000
181456,2434	-459,000	-513,000	-486,000
181456,2733	-459,000	-540,000	-486,000
181456,3035	-432,000	-540,000	-459,000
181456,3362	-486,000	-513,000	-459,000
181456,3635	-486,000	-513,000	-459,000
181456,3935	-513,000	-486,000	-486,000
181456,4244	-486,000	-540,000	-486,000
181456,4561	-486,000	-486,000	-513,000
181456,4862	-486,000	-486,000	-513,000
181456,5161	-486,000	-486,000	-513,000
181456,5457	-486,000	-513,000	-486,000
181456,5768	-432,000	-486,000	-513,000
181456,6067	-513,000	-513,000	-486,000
181456,6426	-486,000	-513,000	-540,000
181456,6683	-459,000	-486,000	-513,000
181456,6991	-459,000	-486,000	-513,000
181456,7292	-513,000	-486,000	-486,000
181456,7601	-486,000	-486,000	-513,000
181456,7921	-513,000	-486,000	-513,000
181456,8209	-486,000	-486,000	-486,000
181456,8500	-486,000	-513,000	-486,000
181456,8820	-486,000	-486,000	-459,000
181456,9108	-513,000	-486,000	-486,000
181456,9443	-486,000	-540,000	-459,000
181456,9703	-432,000	-486,000	-459,000
181457,0012	-486,000	-540,000	-513,000
181457,0311	-540,000	-486,000	-567,000
181457,0610	-486,000	-459,000	-513,000
181457,0909	-486,000	-513,000	-513,000
181457,1219	-486,000	-486,000	-486,000
181457,1548	-513,000	-486,000	-459,000
181457,1810	-459,000	-513,000	-513,000
181457,2109	-513,000	-513,000	-513,000
181457,2414	-486,000	-486,000	-459,000
181457,2714	-486,000	-486,000	-513,000
181457,3023	-486,000	-459,000	-540,000
181457,3344	-486,000	-513,000	-513,000
181457,3633	-486,000	-486,000	-486,000
181457,3942	-486,000	-540,000	-486,000
181457,4261	-486,000	-513,000	-486,000
181457,4530	-513,000	-459,000	-513,000
181457,4850	-486,000	-459,000	-513,000
181457,5129	-513,000	-486,000	-513,000
181457,5448	-459,000	-486,000	-513,000
181457,5747	-459,000	-513,000	-513,000
181457,6046	-540,000	-513,000	-486,000
181457,6346	-459,000	-513,000	-486,000
181457,6685	-459,000	-594,000	-486,000
181457,6944	-459,000	-432,000	-513,000
181457,7243	-486,000	-459,000	-513,000
181457,7552	-432,000	-513,000	-513,000
181457,7852	-486,000	-513,000	-486,000
181457,8141	-486,000	-486,000	-513,000
181457,8480	-486,000	-540,000	-486,000
181457,8759	-459,000	-486,000	-513,000
181457,9048	-459,000	-405,000	-486,000
181457,9387	-513,000	-486,000	-513,000
181457,9687	-486,000	-486,000	-513,000
181457,9976	-486,000	-513,000	-513,000
181458,0275	-540,000	-432,000	-486,000
181458,0574	-459,000	-513,000	-513,000
181458,0873	-486,000	-486,000	-513,000
181458,1213	-486,000	-459,000	-486,000
181458,1502	-459,000	-486,000	-486,000
181458,1791	-486,000	-513,000	-486,000
181458,2120	-486,000	-513,000	-513,000
181458,2389	-486,000	-486,000	-486,000
181458,2699	-486,000	-513,000	-459,000
181458,3018	-459,000	-540,000	-513,000
181458,3317	-432,000	-513,000	-486,000
181458,3616	-486,000	-540,000	-540,000
181458,3945	-513,000	-486,000	-513,000
181458,4244	-459,000	-513,000	-540,000
181458,4584	-486,000	-540,000	-540,000
181458,4853	-459,000	-540,000	-486,000
181458,5142	-513,000	-486,000	-486,000
181458,5571	-432,000	-459,000	-459,000
181458,6119	-513,000	-486,000	-540,000
181458,6808	-486,000	-486,000	-486,000
181458,7167	-513,000	-486,000	-459,000
181458,7306	-486,000	-513,000	-486,000
181458,7506	-486,000	-486,000	-513,000
181458,7805	-513,000	-459,000	-486,000
181458,8109	-513,000	-459,000	-513,000
181459,0444	-486,000	-513,000	-486,000
181459,0504	-486,000	-459,000	-486,000
181459,0833	-486,000	-486,000	-513,000
181459,1095	-486,000	-486,000	-486,000
181459,1409	-486,000	-486,000	-486,000
181459,1713	-486,000	-486,000	-513,000
181459,2085	-486,000	-540,000	-486,000
181459,2314	-459,000	-513,000	-486,000
181459,2614	-513,000	-432,000	-513,000
181459,2912	-486,000	-486,000	-513,000
181459,3212	-513,000	-513,000	-486,000
181459,3521	-486,000	-459,000	-459,000
181459,3842	-540,000	-486,000	-513,000
181459,4132	-486,000	-486,000	-486,000
181459,4446	-513,000	-486,000	-513,000
181459,4767	-513,000	-459,000	-486,000
181459,5050	-459,000	-513,000	-486,000
181459,5358	-513,000	-486,000	-486,000
181459,5667	-486,000	-486,000	-513,000
181459,5976	-486,000	-513,000	-459,000
181459,6287	-486,000	-513,000	-459,000
181459,6602	-513,000	-486,000	-513,000
181459,6913	-432,000	-486,000	-459,000
181459,7213	-486,000	-513,000	-513,000
181459,7519	-513,000	-459,000	-567,000
181459,7846	-486,000	-486,000	-486,000
181459,8165	-513,000	-486,000	-513,000
181459,8431	-486,000	-513,000	-540,000
181459,8738	-459,000	-513,000	-486,000
181459,9050	-513,000	-432,000	-513,000
181459,9349	-513,000	-459,000	-513,000
181459,9628	-486,000	-513,000	-486,000
181459,9947	-540,000	-486,000	-486,000
181500,0242	-540,000	-513,000	-486,000
181500,0539	-486,000	-459,000	-459,000
181500,0858	-486,000	-513,000	-513,000
181500,1139	-513,000	-513,000	-513,000
181500,1460	-486,000	-486,000	-486,000
181500,1756	-486,000	-486,000	-486,000
181500,2052	-486,000	-513,000	-486,000
181500,2378	-486,000	-513,000	-459,000
181500,2686	-486,000	-540,000	-459,000
181500,3011	-486,000	-486,000	-513,000
181500,3313	-486,000	-513,000	-513,000
181500,3612	-486,000	-567,000	-486,000
181500,3918	-459,000	-486,000	-540,000
181500,4230	-486,000	-486,000	-486,000
181500,4724	-486,000	-513,000	-513,000
181500,4842	-459,000	-486,000	-540,000
181500,5128	-513,000	-513,000	-459,000
181500,5430	-459,000	-513,000	-513,000
181500,5724	-486,000	-486,000	-513,000
181500,6030	-513,000	-486,000	-513,000
181500,6357	-486,000	-486,000	-486,000
181500,6637	-486,000	-486,000	-486,000
181500,6947	-513,000	-459,000	-486,000
181500,7251	-459,000	-513,000	-486,000
181500,7540	-513,000	-513,000	-513,000
181500,7839	-513,000	-459,000	-486,000
181500,8128	-486,000	-513,000	-459,000
181500,8429	-486,000	-513,000	-513,000
181500,8728	-486,000	-513,000	-486,000
181500,9038	-486,000	-513,000	-459,000
181500,9377	-459,000	-486,000	-486,000
181500,9634	-459,000	-513,000	-486,000
181500,9940	-486,000	-486,000	-486,000
181501,0237	-459,000	-540,000	-540,000
181501,0545	-513,000	-486,000	-513,000
181501,0842	-513,000	-513,000	-486,000
181501,1176	-459,000	-513,000	-513,000
181501,1503	-486,000	-513,000	-513,000
181501,1769	-459,000	-513,000	-459,000
181501,2058	-486,000	-486,000	-513,000
181501,2371	-486,000	-540,000	-540,000
181501,2689	-486,000	-513,000	-513,000
181501,3003	-486,000	-459,000	-459,000
181501,3280	-513,000	-513,000	-486,000
181501,3604	-459,000	-513,000	-486,000
181501,3895	-486,000	-513,000	-459,000
181501,4210	-459,000	-486,000	-540,000
181501,4541	-486,000	-540,000	-486,000
181501,4827	-486,000	-513,000	-459,000
181501,5127	-486,000	-486,000	-486,000
181501,5447	-486,000	-513,000	-486,000
181501,5723	-513,000	-513,000	-459,000
181501,6064	-459,000	-486,000	-486,000
181501,6690	-486,000	-513,000	-513,000
181501,6720	-459,000	-486,000	-513,000
181501,7033	-459,000	-486,000	-513,000
181501,7496	-486,000	-486,000	-513,000
181501,7715	-486,000	-459,000	-486,000
181501,7951	-486,000	-513,000	-486,000
181501,8237	-459,000	-513,000	-486,000
181501,8564	-459,000	-513,000	-513,000
181501,8840	-513,000	-486,000	-486,000
181501,9156	-459,000	-486,000	-513,000
181501,9483	-459,000	-513,000	-513,000
181501,9765	-513,000	-459,000	-486,000
181502,0056	-513,000	-513,000	-459,000
181502,0382	-513,000	-513,000	-459,000
181502,0681	-486,000	-459,000	-540,000
181502,0964	-486,000	-513,000	-540,000
181502,1277	-486,000	-540,000	-486,000
181502,1573	-486,000	-486,000	-486,000
181502,1890	-486,000	-513,000	-486,000
181502,2210	-486,000	-513,000	-486,000
181502,2501	-486,000	-486,000	-432,000
181502,2806	-459,000	-486,000	-486,000
181502,3101	-459,000	-459,000	-513,000
181502,3415	-459,000	-540,000	-486,000
181502,3764	-486,000	-486,000	-513,000
181502,4024	-486,000	-486,000	-513,000
181502,4340	-486,000	-513,000	-486,000
181502,4629	-486,000	-513,000	-486,000
181502,4918	-486,000	-486,000	-513,000
181502,5267	-459,000	-486,000	-486,000
181502,5547	-459,000	-486,000	-540,000
181502,5846	-486,000	-486,000	-513,000
181502,6145	-486,000	-540,000	-513,000
181502,6454	-513,000	-486,000	-513,000
181502,6753	-540,000	-459,000	-486,000
181502,7052	-486,000	-513,000	-540,000
181502,7382	-486,000	-486,000	-486,000
181502,7661	-486,000	-513,000	-513,000
181502,7960	-486,000	-486,000	-486,000
181502,8259	-486,000	-513,000	-486,000
181502,8558	-513,000	-513,000	-486,000
181502,8898	-432,000	-486,000	-486,000
181502,9187	-459,000	-513,000	-486,000
181502,9476	-486,000	-459,000	-486,000
181502,9795	-486,000	-513,000	-513,000
181503,0174	-459,000	-486,000	-513,000
181503,0394	-486,000	-486,000	-540,000
181503,0683	-513,000	-486,000	-486,000
181503,0982	-459,000	-513,000	-513,000
181503,1281	-486,000	-486,000	-540,000
181503,1580	-513,000	-486,000	-486,000
181503,1890	-459,000	-486,000	-540,000
181503,2199	-459,000	-486,000	-486,000
181503,2498	-486,000	-540,000	-486,000
181503,2817	-459,000	-459,000	-513,000
181503,3106	-486,000	-486,000	-513,000
181503,3405	-513,000	-486,000	-459,000
181503,3735	-486,000	-486,000	-459,000
181503,4014	-486,000	-486,000	-486,000
181503,4323	-486,000	-486,000	-513,000
181503,4612	-486,000	-486,000	-513,000
181503,4921	-486,000	-513,000	-513,000
181503,5221	-486,000	-486,000	-486,000
181503,5530	-513,000	-486,000	-486,000
181503,5829	-459,000	-540,000	-513,000
181503,6407	-486,000	-486,000	-540,000
181503,7375	-486,000	-513,000	-540,000
181503,7794	-459,000	-486,000	-513,000
181503,7943	-486,000	-459,000	-513,000
181503,8140	-486,000	-432,000	-486,000
181503,8449	-486,000	-513,000	-513,000
181503,8729	-486,000	-513,000	-486,000
181503,9037	-459,000	-459,000	-486,000
181503,9336	-486,000	-486,000	-486,000
181503,9636	-486,000	-540,000	-459,000
181503,9948	-486,000	-459,000	-486,000
181504,0241	-459,000	-432,000	-486,000
181504,0536	-513,000	-486,000	-513,000
181504,0866	-486,000	-513,000	-486,000
181504,1175	-486,000	-486,000	-486,000
181504,1452	-486,000	-486,000	-459,000
181504,1751	-486,000	-513,000	-486,000
181504,2043	-513,000	-486,000	-486,000
181504,2349	-513,000	-540,000	-486,000
181504,2660	-432,000	-486,000	-486,000
181504,2956	-459,000	-513,000	-513,000
181504,3261	-459,000	-540,000	-486,000
181504,3563	-486,000	-459,000	-513,000
181504,3862	-486,000	-486,000	-540,000
181504,4239	-486,000	-513,000	-513,000
181504,4481	-486,000	-540,000	-513,000
181504,4780	-513,000	-432,000	-486,000
181504,5084	-513,000	-513,000	-513,000
181504,5394	-432,000	-540,000	-540,000
181504,5703	-486,000	-486,000	-459,000
181504,6022	-513,000	-486,000	-459,000
181504,6311	-459,000	-486,000	-486,000
181504,6600	-513,000	-459,000	-486,000
181504,6930	-459,000	-486,000	-513,000
181504,7233	-486,000	-513,000	-513,000
181504,7531	-486,000	-540,000	-459,000
181504,7850	-486,000	-486,000	-513,000
181504,8126	-486,000	-486,000	-486,000
181504,8423	-540,000	-486,000	-513,000
181504,8731	-513,000	-513,000	-486,000
181504,9057	-459,000	-513,000	-513,000
181504,9403	-486,000	-486,000	-540,000
181504,9637	-513,000	-486,000	-486,000
181504,9937	-459,000	-486,000	-540,000
181505,0250	-486,000	-486,000	-486,000
181505,0540	-513,000	-459,000	-486,000
181505,0845	-459,000	-486,000	-540,000
181505,1163	-486,000	-486,000	-513,000
181505,1447	-513,000	-459,000	-513,000
181505,1756	-459,000	-486,000	-513,000
181505,2082	-432,000	-513,000	-513,000
181505,2362	-513,000	-459,000	-486,000
181505,2661	-513,000	-486,000	-459,000
181505,2964	-486,000	-486,000	-486,000
181505,3268	-486,000	-459,000	-486,000
181505,3558	-486,000	-513,000	-486,000
181505,3896	-513,000	-486,000	-486,000
181505,4198	-486,000	-540,000	-486,000
181505,4501	-513,000	-513,000	-459,000
181505,4814	-486,000	-486,000	-486,000
181505,5121	-486,000	-486,000	-486,000
181505,5440	-513,000	-486,000	-513,000
181505,5718	-459,000	-486,000	-486,000
181505,6045	-486,000	-486,000	-486,000
181505,6326	-459,000	-486,000	-513,000
181505,6629	-513,000	-486,000	-486,000
181505,6926	-459,000	-486,000	-486,000
181505,7232	-486,000	-513,000	-513,000
181505,7556	-513,000	-513,000	-486,000
181505,7876	-459,000	-486,000	-486,000
181505,8126	-459,000	-459,000	-513,000
181505,8450	-513,000	-486,000	-513,000
181505,8749	-459,000	-513,000	-459,000
181505,9048	-459,000	-513,000	-459,000
181505,9356	-540,000	-486,000	-540,000
181505,9640	-459,000	-459,000	-459,000
181505,9940	-513,000	-513,000	-486,000
181506,0238	-486,000	-513,000	-486,000
181506,0547	-486,000	-459,000	-513,000
181506,0877	-486,000	-513,000	-486,000
181506,1156	-486,000	-513,000	-513,000
181506,1446	-459,000	-486,000	-459,000
181506,1745	-486,000	-513,000	-513,000
181506,2051	-513,000	-567,000	-513,000
181506,2362	-459,000	-486,000	-486,000
181506,2682	-513,000	-513,000	-486,000
181506,2982	-513,000	-513,000	-567,000
181506,3263	-459,000	-459,000	-513,000
181506,3580	-513,000	-486,000	-486,000
181506,3880	-513,000	-540,000	-513,000
181506,4210	-459,000	-486,000	-486,000
181506,4504	-513,000	-540,000	-513,000
181506,4806	-459,000	-540,000	-513,000
181506,5141	-486,000	-459,000	-513,000
181506,5446	459,000	405,000	459,000
181506,5743	459,000	486,000	567,000
181506,6025	513,000	540,000	513,000
181506,6326	432,000	486,000	486,000
181506,6623	459,000	513,000	540,000
181506,6931	432,000	513,000	513,000
181506,7210	486,000	513,000	486,000
181506,7539	486,000	513,000	540,000
181506,7816	486,000	486,000	405,000
181506,8119	486,000	459,000	432,000
181506,8531	486,000	513,000	486,000
181506,8741	486,000	459,000	486,000
181506,9045	513,000	459,000	486,000
181506,9382	459,000	486,000	513,000
181506,9664	513,000	540,000	486,000
181506,9960	486,000	486,000	486,000
181507,0259	513,000	486,000	459,000
181507,0562	513,000	486,000	513,000
181507,0887	486,000	513,000	486,000
181507,1226	486,000	540,000	513,000
181507,1492	540,000	486,000	513,000
181507,1807	486,000	486,000	513,000
181507,2146	459,000	513,000	513,000
181507,2426	513,000	486,000	513,000
181507,2711	486,000	540,000	486,000
181507,3016	486,000	540,000	540,000
181507,3315	459,000	486,000	513,000
181507,3614	459,000	513,000	513,000
181507,3946	459,000	486,000	513,000
181507,4215	486,000	486,000	513,000
181507,4574	486,000	513,000	486,000
181507,6967	486,000	486,000	459,000
181507,7027	0,000	0,000	0,000
181507,7316	486,000	513,000	486,000
181507,7605	135,000	351,000	297,000
181507,7904	432,000	540,000	513,000
181507,8233	486,000	486,000	486,000
181507,8513	486,000	486,000	513,000
181507,8822	486,000	486,000	459,000
181507,9111	459,000	540,000	513,000
181507,9420	459,000	486,000	513,000
181507,9729	513,000	513,000	486,000
181508,0039	459,000	459,000	513,000
181508,0328	513,000	540,000	486,000
181508,0647	513,000	513,000	513,000
181508,0946	486,000	513,000	513,000
181508,1245	486,000	540,000	486,000
181508,1545	513,000	540,000	540,000
181508,1844	513,000	432,000	513,000
181508,2143	486,000	540,000	486,000
181508,2442	486,000	513,000	459,000
181508,2741	486,000	486,000	513,000
181508,3060	486,000	513,000	486,000
181508,3340	540,000	513,000	486,000
181508,3649	486,000	513,000	513,000
181508,3948	486,000	486,000	486,000
181508,4277	513,000	486,000	513,000
181508,4547	486,000	486,000	513,000
181508,4856	486,000	486,000	513,000
181508,5205	513,000	513,000	513,000
181508,5464	459,000	486,000	540,000
181508,6102	513,000	486,000	486,000
181508,6967	486,000	540,000	513,000
181508,7277	486,000	486,000	513,000
181508,7327	459,000	459,000	513,000
181508,7758	486,000	486,000	459,000
181508,7919	540,000	432,000	486,000
181508,8278	513,000	486,000	486,000
181508,8521	513,000	486,000	486,000
181508,8812	513,000	486,000	486,000
181508,9117	459,000	567,000	540,000
181508,9438	540,000	459,000	486,000
181508,9727	513,000	540,000	486,000
181509,0037	486,000	513,000	459,000
181509,0339	513,000	486,000	540,000
181509,0629	486,000	486,000	486,000
181509,0935	459,000	513,000	486,000
181509,1234	513,000	459,000	513,000
181509,1549	486,000	486,000	513,000
181509,1845	486,000	513,000	486,000
181509,2141	459,000	540,000	486,000
181509,2460	486,000	540,000	486,000
181509,2749	486,000	459,000	540,000
181509,3044	486,000	513,000	513,000
181509,3361	513,000	486,000	486,000
181509,3662	459,000	459,000	513,000
181509,3980	486,000	459,000	513,000
181509,4347	486,000	540,000	513,000
181509,4571	513,000	486,000	513,000
181509,4881	513,000	486,000	459,000
181509,5221	513,000	459,000	486,000
181509,5512	513,000	486,000	486,000
181509,5793	513,000	486,000	486,000
181509,6106	486,000	513,000	513,000
181509,6400	459,000	513,000	486,000
181509,6719	513,000	486,000	486,000
181509,7078	459,000	486,000	486,000
181509,7311	459,000	513,000	486,000
181509,7615	459,000	513,000	540,000
181509,7925	486,000	486,000	486,000
181509,8239	486,000	513,000	540,000
181509,8529	486,000	486,000	540,000
181509,8840	486,000	540,000	486,000
181509,9141	486,000	486,000	513,000
181509,9452	486,000	540,000	540,000
181509,9775	0,000	-27,000	-27,000
181510,0044	-27,000	-27,000	-27,000
181510,0356	0,000	0,000	0,000
181510,0655	27,000	0,000	0,000
181510,0974	0,000	0,000	0,000
181510,1282	0,000	0,000	0,000
181510,1604	0,000	0,000	0,000
181510,1866	0,000	0,000	0,000
181510,2174	0,000	0,000	0,000
181510,2469	0,000	0,000	0,000
181510,2775	0,000	0,000	0,000
181510,3072	0,000	0,000	0,000
181510,3360	0,000	0,000	0,000
181510,3677	0,000	0,000	0,000
181510,4003	0,000	0,000	0,000
181510,4299	0,000	0,000	0,000
181510,4603	0,000	0,000	0,000
181510,4922	0,000	0,000	0,000
181510,5201	0,000	0,000	0,000
181510,5521	0,000	0,000	0,000
181510,5839	0,000	0,000	0,000
181510,6109	0,000	0,000	0,000
181510,6426	0,000	0,000	0,000
181510,6750	0,000	0,000	0,000
181510,7042	0,000	0,000	0,000
181510,7352	0,000	0,000	0,000
181510,7650	0,000	0,000	0,000
181510,7961	0,000	0,000	0,000
181510,8260	0,000	0,000	0,000
181510,8563	0,000	0,000	0,000
181510,8863	0,000	0,000	0,000
181510,9175	0,000	0,000	0,000
181510,9484	0,000	0,000	0,000
181510,9794	0,000	0,000	0,000
181511,0086	0,000	0,000	0,000
181511,0403	0,000	0,000	0,000
181511,0701	0,000	0,000	0,000
181511,1012	0,000	0,000	0,000
181511,1465	0,000	0,000	0,000
181511,1767	0,000	0,000	0,000
181511,2075	0,000	0,000	0,000
181511,2353	0,000	0,000	0,000
181511,2664	0,000	0,000	0,000
181511,2944	0,000	0,000	0,000
181511,3331	0,000	0,000	0,000
181511,3540	0,000	0,000	0,000
181511,3885	0,000	0,000	0,000
181511,4173	0,000	0,000	0,000
181511,4470	0,000	0,000	0,000
181511,4784	0,000	0,000	0,000
181511,5094	0,000	0,000	0,000
181511,5384	0,000	0,000	0,000
181511,5696	0,000	0,000	0,000
