182127,6437	0,000	0,000	0,000
182127,6696	0,000	0,000	0,000
182127,6985	0,000	0,000	0,000
182127,7285	0,000	0,000	0,000
182127,7584	0,000	0,000	0,000
182127,8541	0,000	0,000	0,000
182127,9170	0,000	0,000	0,000
182127,9219	0,000	0,000	0,000
182127,9509	0,000	0,000	0,000
182127,9798	0,000	0,000	0,000
182128,0106	0,000	0,000	0,000
182128,0439	0,000	0,000	0,000
182128,0737	0,000	0,000	0,000
182128,1041	0,000	0,000	0,000
182128,1339	0,000	0,000	0,000
182128,1650	0,000	0,000	0,000
182128,1940	0,000	0,000	0,000
182128,2229	0,000	0,000	0,000
182128,2538	0,000	0,000	0,000
182128,2856	0,000	0,000	0,000
182128,3172	0,000	0,000	0,000
182128,3441	0,000	0,000	0,000
182128,3751	0,000	0,000	0,000
182128,4052	0,000	0,000	0,000
182128,4351	0,000	0,000	0,000
182128,4670	0,000	0,000	0,000
182128,4960	0,000	0,000	0,000
182128,5279	0,000	0,000	0,000
182128,5575	0,000	0,000	0,000
182128,5866	0,000	0,000	0,000
182128,6181	0,000	0,000	0,000
182128,6492	0,000	0,000	0,000
182128,6785	0,000	0,000	0,000
182128,7107	0,000	0,000	0,000
182128,7403	0,000	0,000	0,000
182128,7684	0,000	0,000	0,000
182128,8010	0,000	0,000	0,000
182128,8304	0,000	0,000	0,000
182128,8597	0,000	0,000	0,000
182128,8908	0,000	0,000	0,000
182128,9201	0,000	0,000	0,000
182128,9503	0,000	0,000	0,000
182128,9801	0,000	0,000	0,000
182129,0106	0,000	0,000	0,000
182129,0428	0,000	0,000	0,000
182129,0727	0,000	0,000	0,000
182129,1005	0,000	0,000	0,000
182129,1340	0,000	0,000	0,000
182129,1667	0,000	0,000	0,000
182129,1925	-405,000	-405,000	-351,000
182129,2247	-540,000	-513,000	-513,000
182129,2556	-486,000	-513,000	-486,000
182129,2845	-513,000	-459,000	-486,000
182129,3146	-486,000	-486,000	-486,000
182129,3500	-486,000	-513,000	-459,000
182129,3760	-459,000	-513,000	-513,000
182129,4050	-459,000	-459,000	-513,000
182129,4376	-459,000	-486,000	-486,000
182129,4686	-486,000	-432,000	-486,000
182129,4981	-486,000	-486,000	-540,000
182129,5273	-459,000	-486,000	-486,000
182129,5597	-513,000	-540,000	-540,000
182129,6043	-459,000	-486,000	-486,000
182129,6209	-486,000	-459,000	-486,000
182129,6486	-486,000	-486,000	-513,000
182129,6833	-486,000	-513,000	-486,000
182129,7112	-459,000	-459,000	-459,000
182129,7400	-486,000	-486,000	-513,000
182129,7733	-486,000	-513,000	-486,000
182129,8008	-486,000	-513,000	-486,000
182129,8317	-486,000	-486,000	-486,000
182129,8613	-513,000	-513,000	-486,000
182129,8925	-459,000	-513,000	-459,000
182129,9233	-486,000	-540,000	-459,000
182129,9643	-486,000	-486,000	-486,000
182129,9854	-486,000	-486,000	-486,000
182130,0133	-432,000	-513,000	-486,000
182130,0422	-486,000	-513,000	-513,000
182130,0751	-486,000	-486,000	-486,000
182130,1060	-432,000	-513,000	-486,000
182130,1348	-486,000	-486,000	-540,000
182130,1677	-486,000	-459,000	-513,000
182130,1956	-486,000	-513,000	-486,000
182130,2336	-486,000	-486,000	-513,000
182130,2585	-513,000	-486,000	-486,000
182130,2861	-513,000	-486,000	-540,000
182130,3181	-486,000	-513,000	-513,000
182130,3483	-486,000	-486,000	-486,000
182130,3789	-486,000	-459,000	-513,000
182130,4072	-459,000	-486,000	-459,000
182130,4381	-486,000	-540,000	-459,000
182130,4699	-486,000	-459,000	-513,000
182130,5001	-486,000	-513,000	-459,000
182130,5302	-486,000	-513,000	-459,000
182130,5637	-486,000	-486,000	-486,000
182130,5919	-459,000	-513,000	-513,000
182130,6213	-513,000	-459,000	-486,000
182130,6542	-513,000	-513,000	-486,000
182130,6849	-459,000	-513,000	-486,000
182130,7113	-459,000	-486,000	-513,000
182130,7413	-513,000	-459,000	-513,000
182130,7712	-459,000	-486,000	-513,000
182130,8031	-486,000	-513,000	-459,000
182130,8332	-486,000	-513,000	-486,000
182130,8621	-486,000	-513,000	-486,000
182130,8932	-513,000	-459,000	-486,000
182130,9231	-486,000	-513,000	-486,000
182130,9556	-513,000	-459,000	-486,000
182130,9871	-486,000	-540,000	-513,000
182131,0164	-513,000	-486,000	-486,000
182131,0453	-459,000	-459,000	-459,000
182131,0739	-486,000	-513,000	-513,000
182131,1047	-486,000	-513,000	-486,000
182131,1362	-486,000	-513,000	-486,000
182131,1680	-459,000	-486,000	-459,000
182131,1977	-486,000	-486,000	-459,000
182131,2272	-486,000	-486,000	-513,000
182131,2581	-486,000	-513,000	-486,000
182131,2863	-513,000	-513,000	-486,000
182131,3172	-459,000	-486,000	-513,000
182131,3461	-486,000	-513,000	-513,000
182131,3765	-432,000	-513,000	-486,000
182131,4064	-459,000	-486,000	-513,000
182131,4393	-486,000	-459,000	-513,000
182131,4672	-486,000	-486,000	-486,000
182131,5121	-486,000	-459,000	-513,000
182131,5380	-459,000	-486,000	-486,000
182131,5580	-486,000	-513,000	-459,000
182131,5879	-486,000	-486,000	-513,000
182131,6188	-486,000	-432,000	-486,000
182131,6508	-513,000	-513,000	-513,000
182131,6797	-486,000	-486,000	-486,000
182131,7096	-486,000	-513,000	-486,000
182131,7425	-486,000	-486,000	-486,000
182131,7724	-513,000	-540,000	-459,000
182131,8013	-486,000	-486,000	-486,000
182131,8343	-486,000	-513,000	-486,000
182131,8622	-486,000	-513,000	-486,000
182131,8931	-459,000	-486,000	-486,000
182131,9220	-486,000	-540,000	-486,000
182131,9539	-513,000	-513,000	-513,000
182131,9839	-459,000	-486,000	-486,000
182132,0148	-486,000	-486,000	-513,000
182132,0457	-486,000	-513,000	-513,000
182132,0756	-459,000	-486,000	-486,000
182132,1065	-486,000	-486,000	-513,000
182132,1374	-486,000	-486,000	-513,000
182132,1674	-486,000	-486,000	-486,000
182132,1963	-459,000	-459,000	-486,000
182132,2272	-486,000	-486,000	-486,000
182132,2571	-486,000	-486,000	-513,000
182132,2880	-486,000	-486,000	-513,000
182132,3190	-486,000	-540,000	-513,000
182132,3479	-540,000	-486,000	-486,000
182132,3778	-540,000	-459,000	-459,000
182132,4107	-486,000	-513,000	-486,000
182132,4406	-486,000	-513,000	-459,000
182132,4686	-486,000	-459,000	-486,000
182132,5005	-486,000	-513,000	-486,000
182132,5304	-513,000	-486,000	-486,000
182132,5583	-486,000	-486,000	-459,000
182132,6361	-486,000	-486,000	-486,000
182132,7149	-513,000	-459,000	-513,000
182132,7408	-486,000	-486,000	-540,000
182132,7488	-486,000	-486,000	-486,000
182132,7821	-459,000	-513,000	-513,000
182132,8091	-486,000	-486,000	-486,000
182132,8411	-513,000	-486,000	-486,000
182132,8715	-486,000	-486,000	-486,000
182132,9024	-486,000	-486,000	-513,000
182132,9369	-486,000	-486,000	-486,000
182132,9642	-486,000	-486,000	-486,000
182132,9931	-459,000	-513,000	-459,000
182133,0230	-513,000	-486,000	-459,000
182133,0533	-486,000	-486,000	-459,000
182133,0842	-486,000	-513,000	-486,000
182133,1172	-486,000	-486,000	-486,000
182133,1441	-486,000	-486,000	-486,000
182133,1750	-486,000	-540,000	-513,000
182133,2059	-459,000	-486,000	-513,000
182133,2410	-459,000	-513,000	-486,000
182133,2693	-513,000	-486,000	-513,000
182133,2994	-486,000	-486,000	-513,000
182133,3290	-459,000	-513,000	-486,000
182133,3593	-459,000	-513,000	-513,000
182133,3880	-459,000	-513,000	-513,000
182133,4231	-486,000	-459,000	-486,000
182133,4500	-486,000	-513,000	-486,000
182133,4803	-486,000	-513,000	-513,000
182133,5110	-513,000	-486,000	-486,000
182133,5403	-459,000	-513,000	-513,000
182133,5709	-486,000	-486,000	-513,000
182133,6003	-513,000	-459,000	-486,000
182133,6330	-459,000	-513,000	-513,000
182133,6605	-513,000	-513,000	-486,000
182133,6902	-513,000	-486,000	-486,000
182133,7243	-459,000	-540,000	-459,000
182133,7536	-486,000	-486,000	-486,000
182133,7837	-513,000	-486,000	-486,000
182133,8128	-513,000	-513,000	-486,000
182133,8448	-486,000	-486,000	-486,000
182133,8747	-513,000	-459,000	-486,000
182133,9063	-486,000	-486,000	-486,000
182133,9372	-486,000	-513,000	-486,000
182133,9671	-486,000	-459,000	-513,000
182133,9964	-459,000	-540,000	-486,000
182134,0274	-459,000	-540,000	-513,000
182134,0611	-459,000	-486,000	-459,000
182134,0890	-459,000	-513,000	-540,000
182134,1201	-459,000	-513,000	-540,000
182134,1495	-459,000	-459,000	-513,000
182134,1808	-459,000	-513,000	-513,000
182134,2106	-513,000	-486,000	-486,000
182134,2431	-459,000	-486,000	-540,000
182134,2738	-486,000	-459,000	-513,000
182134,3060	-513,000	-513,000	-459,000
182134,3327	-513,000	-486,000	-513,000
182134,3675	-513,000	-486,000	-486,000
182134,3955	-513,000	-513,000	-459,000
182134,4242	-486,000	-486,000	-513,000
182134,4582	-486,000	-459,000	-513,000
182134,4831	-513,000	-486,000	-486,000
182134,5154	-459,000	-513,000	-513,000
182134,5453	-486,000	-486,000	-540,000
182134,5773	-486,000	-486,000	-540,000
182134,6097	-486,000	-486,000	-486,000
182134,6373	-459,000	-486,000	-513,000
182134,6661	-459,000	-486,000	-513,000
182134,7124	-486,000	-459,000	-540,000
182134,7274	-486,000	-486,000	-513,000
182134,7566	-459,000	-540,000	-486,000
182134,7872	-486,000	-540,000	-513,000
182134,8205	-459,000	-513,000	-513,000
182134,8494	-459,000	-459,000	-486,000
182134,8786	-486,000	-513,000	-540,000
182134,9095	-459,000	-459,000	-540,000
182134,9388	-459,000	-486,000	-486,000
182134,9694	-513,000	-486,000	-486,000
182134,9993	-513,000	-486,000	-486,000
182135,0304	-486,000	-486,000	-459,000
182135,0607	-486,000	-513,000	-513,000
182135,0911	-486,000	-486,000	-486,000
182135,1237	-486,000	-486,000	-513,000
182135,1532	-486,000	-486,000	-486,000
182135,1862	-486,000	-513,000	-459,000
182135,2150	-486,000	-459,000	-486,000
182135,2431	-513,000	-486,000	-486,000
182135,2731	-432,000	-486,000	-540,000
182135,3040	-459,000	-459,000	-567,000
182135,3456	-486,000	-486,000	-486,000
182135,3666	-513,000	-513,000	-540,000
182135,3973	-459,000	-459,000	-486,000
182135,4253	-486,000	-513,000	-540,000
182135,4583	-513,000	-486,000	-513,000
182135,4909	-513,000	-486,000	-486,000
182135,5205	-459,000	-486,000	-486,000
182135,5481	-486,000	-486,000	-513,000
182135,5800	-486,000	-486,000	-486,000
182135,6101	-486,000	-486,000	-540,000
182135,6393	-486,000	-513,000	-459,000
182135,6687	-513,000	-540,000	-513,000
182135,7043	-486,000	-459,000	-486,000
182135,7312	-459,000	-486,000	-486,000
182135,7613	-513,000	-486,000	-486,000
182135,7918	-459,000	-459,000	-513,000
182135,8227	-486,000	-459,000	-486,000
182135,8537	-513,000	-486,000	-486,000
182135,8803	-459,000	-459,000	-486,000
182135,9112	-486,000	-432,000	-513,000
182135,9410	-513,000	-486,000	-540,000
182135,9702	-432,000	-486,000	-513,000
182136,0052	-459,000	-486,000	-486,000
182136,0321	-459,000	-486,000	-513,000
182136,0610	-486,000	-513,000	-486,000
182136,0909	-486,000	-486,000	-513,000
182136,1209	-486,000	-513,000	-486,000
182136,1511	-459,000	-459,000	-513,000
182136,1830	-486,000	-486,000	-513,000
182136,2121	-459,000	-459,000	-486,000
182136,2437	-486,000	-459,000	-486,000
182136,2733	-513,000	-486,000	-540,000
182136,3051	-486,000	-432,000	-486,000
182136,3382	-486,000	-459,000	-486,000
182136,3651	-486,000	-486,000	-486,000
182136,3954	-54,000	-135,000	-81,000
182136,4269	567,000	513,000	540,000
182136,4551	486,000	540,000	486,000
182136,4856	486,000	486,000	513,000
182136,5175	459,000	459,000	486,000
182136,5464	486,000	513,000	513,000
182136,5761	486,000	513,000	486,000
182136,6110	486,000	486,000	459,000
182136,6379	459,000	486,000	513,000
182136,6688	486,000	486,000	513,000
182136,7007	513,000	459,000	486,000
182136,7316	459,000	513,000	486,000
182136,7606	486,000	486,000	513,000
182136,7905	513,000	486,000	459,000
182136,8234	459,000	486,000	459,000
182136,8513	486,000	513,000	486,000
182136,8802	486,000	513,000	486,000
182136,9112	486,000	486,000	486,000
182136,9401	459,000	486,000	459,000
182136,9700	486,000	432,000	513,000
182137,0029	486,000	567,000	459,000
182137,0308	486,000	486,000	540,000
182137,0608	540,000	486,000	432,000
182137,0907	513,000	486,000	459,000
182137,1206	486,000	486,000	513,000
182137,1525	432,000	486,000	567,000
182137,1814	459,000	486,000	486,000
182137,2114	486,000	459,000	486,000
182137,2413	513,000	459,000	513,000
182137,2732	486,000	486,000	486,000
182137,3021	486,000	513,000	513,000
182137,3340	486,000	540,000	513,000
182137,3659	459,000	513,000	486,000
182137,3929	486,000	513,000	513,000
182137,4238	486,000	513,000	513,000
182137,4587	486,000	459,000	459,000
182137,4846	486,000	486,000	540,000
182137,5155	513,000	513,000	459,000
182137,5445	486,000	486,000	459,000
182137,5754	486,000	513,000	486,000
182137,6053	513,000	513,000	513,000
182137,6412	486,000	513,000	513,000
182137,6661	513,000	513,000	486,000
182137,6961	513,000	459,000	459,000
182137,7310	459,000	486,000	459,000
182137,7569	459,000	459,000	459,000
182137,8297	432,000	486,000	513,000
182137,9175	486,000	513,000	459,000
182137,9394	513,000	486,000	513,000
182137,9554	486,000	513,000	486,000
182137,9843	459,000	513,000	486,000
182138,0122	486,000	486,000	432,000
182138,0421	486,000	513,000	486,000
182138,0731	486,000	486,000	459,000
182138,1030	486,000	459,000	459,000
182138,1329	486,000	486,000	486,000
182138,1640	513,000	513,000	513,000
182138,1939	486,000	486,000	459,000
182138,2229	540,000	486,000	513,000
182138,2568	513,000	513,000	486,000
182138,2847	459,000	459,000	486,000
182138,3146	513,000	513,000	486,000
182138,3458	513,000	540,000	486,000
182138,3767	486,000	459,000	513,000
182138,4068	486,000	513,000	513,000
182138,4373	513,000	540,000	513,000
182138,4674	459,000	486,000	486,000
182138,4983	486,000	486,000	513,000
182138,5477	459,000	459,000	513,000
182138,5587	459,000	486,000	486,000
182138,5912	486,000	486,000	513,000
182138,6191	486,000	540,000	513,000
182138,6491	486,000	513,000	459,000
182138,6788	486,000	513,000	459,000
182138,7104	486,000	486,000	513,000
182138,7398	486,000	486,000	513,000
182138,7706	513,000	486,000	459,000
182138,8026	513,000	513,000	513,000
182138,8358	459,000	513,000	486,000
182138,8634	486,000	513,000	459,000
182138,8942	513,000	513,000	486,000
182138,9232	486,000	486,000	459,000
182138,9574	432,000	513,000	486,000
182138,9864	540,000	486,000	486,000
182139,0143	486,000	432,000	459,000
182139,0446	486,000	459,000	486,000
182139,0765	486,000	540,000	513,000
182139,1054	459,000	486,000	513,000
182139,1333	486,000	459,000	513,000
182139,1652	486,000	459,000	486,000
182139,1939	459,000	459,000	540,000
182139,2248	513,000	486,000	486,000
182139,2551	486,000	486,000	540,000
182139,2850	459,000	513,000	513,000
182139,3149	513,000	513,000	486,000
182139,3453	486,000	486,000	513,000
182139,3741	486,000	486,000	486,000
182139,4029	513,000	513,000	540,000
182139,4355	486,000	513,000	486,000
182139,4652	486,000	486,000	459,000
182139,4942	513,000	540,000	459,000
182139,5256	540,000	513,000	486,000
182139,5550	486,000	486,000	513,000
182139,5878	540,000	513,000	486,000
182139,6165	513,000	540,000	486,000
182139,6450	486,000	459,000	486,000
182139,6779	513,000	432,000	432,000
182139,7079	486,000	486,000	459,000
182139,7374	459,000	513,000	513,000
182139,7680	486,000	513,000	513,000
182139,7986	486,000	486,000	540,000
182139,8454	486,000	459,000	486,000
182139,8604	486,000	486,000	486,000
182139,8903	459,000	459,000	513,000
182139,9252	459,000	513,000	513,000
182139,9511	486,000	513,000	513,000
182139,9835	513,000	513,000	513,000
182140,0125	459,000	540,000	486,000
182140,0456	513,000	513,000	459,000
182140,0741	513,000	540,000	486,000
182140,1034	486,000	486,000	513,000
182140,1356	486,000	513,000	459,000
182140,1677	486,000	513,000	513,000
182140,1959	486,000	459,000	513,000
182140,2274	459,000	513,000	513,000
182140,2567	513,000	486,000	486,000
182140,2892	459,000	486,000	486,000
182140,3164	513,000	459,000	486,000
182140,3475	486,000	486,000	486,000
182140,3776	486,000	486,000	486,000
182140,4095	486,000	486,000	486,000
182140,4401	486,000	540,000	513,000
182140,4785	486,000	486,000	540,000
182140,4985	459,000	486,000	513,000
182140,5269	486,000	513,000	486,000
182140,5570	459,000	513,000	540,000
182140,5881	459,000	513,000	459,000
182140,6182	486,000	513,000	513,000
182140,6491	486,000	513,000	540,000
182140,6779	459,000	486,000	459,000
182140,7155	486,000	486,000	486,000
182140,7411	513,000	486,000	486,000
182140,7722	432,000	486,000	459,000
182140,8026	513,000	513,000	513,000
182140,8330	486,000	486,000	513,000
182140,8650	459,000	486,000	513,000
182140,8939	513,000	486,000	513,000
182140,9259	486,000	486,000	486,000
182140,9534	486,000	459,000	486,000
182140,9842	540,000	513,000	459,000
182141,0138	513,000	486,000	459,000
182141,0444	486,000	486,000	513,000
182141,0753	459,000	486,000	486,000
182141,1057	459,000	486,000	513,000
182141,1360	513,000	486,000	486,000
182141,1681	540,000	486,000	513,000
182141,1975	486,000	486,000	513,000
182141,2291	486,000	513,000	513,000
182141,2569	486,000	486,000	513,000
182141,2875	459,000	513,000	486,000
182141,3184	486,000	486,000	513,000
182141,3508	486,000	513,000	513,000
182141,3807	486,000	486,000	486,000
182141,4109	486,000	486,000	459,000
182141,4389	459,000	513,000	459,000
182141,4704	513,000	540,000	513,000
182141,5008	459,000	486,000	486,000
182141,5304	459,000	513,000	513,000
182141,5628	513,000	513,000	513,000
182141,5916	486,000	459,000	486,000
182141,6222	513,000	513,000	513,000
182141,6552	513,000	459,000	432,000
182141,6831	486,000	486,000	459,000
182141,7142	459,000	486,000	513,000
182141,7442	459,000	486,000	540,000
182141,7762	486,000	486,000	486,000
182141,8051	486,000	486,000	540,000
182141,8366	486,000	486,000	486,000
182141,8675	513,000	486,000	459,000
182141,8974	486,000	486,000	513,000
182141,9294	486,000	486,000	486,000
182141,9593	513,000	486,000	486,000
182141,9882	459,000	594,000	486,000
182142,0191	513,000	486,000	459,000
182142,0480	486,000	540,000	513,000
182142,0790	486,000	513,000	513,000
182142,1099	0,000	27,000	54,000
182142,1418	0,000	27,000	0,000
182142,1717	-27,000	0,000	0,000
182142,2016	0,000	0,000	0,000
182142,2325	0,000	0,000	0,000
182142,2635	0,000	-27,000	0,000
182142,2944	0,000	0,000	0,000
182142,3233	0,000	0,000	0,000
182142,3542	0,000	0,000	0,000
182142,3971	0,000	0,000	0,000
182142,4141	0,000	0,000	0,000
182142,4440	0,000	0,000	0,000
182142,4739	0,000	0,000	0,000
182142,5048	0,000	0,000	0,000
182142,5367	0,000	0,000	0,000
182142,5666	0,000	0,000	0,000
182142,5966	0,000	0,000	0,000
182142,6265	0,000	0,000	0,000
182142,6594	0,000	0,000	0,000
182142,6873	0,000	0,000	0,000
182142,7172	0,000	0,000	0,000
182142,7472	0,000	0,000	0,000
182142,7761	0,000	0,000	0,000
182142,8060	0,000	0,000	0,000
182142,8359	0,000	0,000	0,000
182142,8658	0,000	0,000	0,000
182142,8978	0,000	0,000	0,000
182142,9277	0,000	0,000	0,000
182143,0075	0,000	0,000	0,000
182143,0892	0,000	0,000	0,000
182143,1142	0,000	0,000	0,000
182143,1232	0,000	0,000	0,000
182143,1544	0,000	0,000	0,000
182143,1834	0,000	0,000	0,000
182143,2147	0,000	0,000	0,000
182143,2430	0,000	0,000	0,000
182143,2774	0,000	0,000	0,000
182143,3053	0,000	0,000	0,000
182143,3346	0,000	0,000	0,000
182143,3652	0,000	0,000	0,000
182143,3966	0,000	0,000	0,000
182143,4267	0,000	0,000	0,000
182143,4576	0,000	0,000	0,000
182143,4868	0,000	0,000	0,000
182143,5177	0,000	0,000	0,000
182143,5487	0,000	0,000	0,000
182143,5811	0,000	0,000	0,000
182143,6092	0,000	0,000	0,000
182143,6394	0,000	0,000	0,000
182143,6697	0,000	0,000	0,000
182143,7007	0,000	0,000	0,000
182143,7310	-405,000	-432,000	-351,000
182143,7606	-513,000	-486,000	-540,000
182143,7886	-486,000	-486,000	-486,000
182143,8187	-486,000	-486,000	-486,000
182143,8494	-459,000	-432,000	-486,000
182143,8798	-459,000	-459,000	-513,000
182143,9108	-513,000	-540,000	-486,000
182143,9387	-486,000	-486,000	-486,000
182143,9723	-513,000	-513,000	-513,000
182144,0003	-459,000	-513,000	-513,000
182144,0310	-486,000	-486,000	-486,000
182144,0610	-486,000	-486,000	-486,000
182144,0949	-513,000	-459,000	-486,000
182144,1241	-486,000	-513,000	-459,000
182144,1544	-513,000	-486,000	-459,000
182144,1852	-486,000	-513,000	-513,000
182144,2149	-459,000	-513,000	-486,000
182144,2470	-513,000	-513,000	-513,000
182144,2752	-540,000	-513,000	-486,000
182144,3144	-459,000	-486,000	-513,000
182144,3373	-513,000	-459,000	-459,000
182144,3658	-513,000	-567,000	-486,000
182144,4005	-459,000	-459,000	-513,000
182144,4297	-513,000	-459,000	-486,000
182144,4586	-486,000	-513,000	-513,000
182144,4898	-486,000	-459,000	-513,000
182144,5200	-513,000	-513,000	-540,000
182144,5514	-459,000	-513,000	-513,000
182144,5809	-486,000	-513,000	-540,000
182144,6138	-486,000	-486,000	-486,000
182144,6421	-486,000	-513,000	-513,000
182144,6721	-513,000	-486,000	-486,000
182144,7031	-513,000	-486,000	-486,000
182144,7332	-486,000	-513,000	-486,000
182144,7641	-513,000	-513,000	-459,000
182144,7958	-513,000	-486,000	-459,000
182144,8248	-486,000	-486,000	-486,000
182144,8556	-486,000	-513,000	-486,000
182144,8861	-486,000	-486,000	-459,000
182144,9176	-486,000	-486,000	-486,000
182144,9484	-513,000	-486,000	-513,000
182144,9791	-513,000	-513,000	-486,000
182145,0080	-513,000	-513,000	-486,000
182145,0399	-459,000	-459,000	-459,000
182145,0679	-486,000	-459,000	-513,000
182145,0998	-459,000	-486,000	-486,000
182145,1337	-513,000	-513,000	-486,000
182145,1606	-432,000	-513,000	-540,000
182145,1915	-486,000	-513,000	-486,000
182145,2237	-486,000	-432,000	-513,000
182145,2535	-486,000	-459,000	-513,000
182145,2843	-486,000	-513,000	-513,000
182145,3146	-513,000	-486,000	-513,000
182145,3457	-486,000	-486,000	-513,000
182145,3740	-486,000	-486,000	-540,000
182145,4049	-486,000	-486,000	-513,000
182145,4364	-486,000	-486,000	-459,000
182145,4668	-540,000	-486,000	-513,000
182145,4966	-513,000	-486,000	-486,000
182145,5309	-513,000	-486,000	-459,000
182145,5568	-459,000	-513,000	-486,000
182145,5946	-513,000	-486,000	-513,000
182145,6165	-513,000	-459,000	-486,000
182145,6466	-486,000	-513,000	-486,000
182145,6758	-486,000	-513,000	-513,000
182145,7073	-486,000	-513,000	-486,000
182145,7362	-459,000	-486,000	-513,000
182145,7661	-486,000	-513,000	-486,000
182145,7976	-459,000	-486,000	-513,000
182145,8275	-486,000	-513,000	-486,000
182145,8574	-486,000	-486,000	-513,000
182145,8864	-486,000	-486,000	-459,000
182145,9163	-513,000	-513,000	-486,000
182145,9481	-486,000	-486,000	-486,000
182145,9791	-459,000	-459,000	-486,000
182146,0095	-513,000	-486,000	-486,000
182146,0414	0,000	-54,000	0,000
182146,0679	27,000	27,000	0,000
182146,0988	0,000	0,000	0,000
182146,1296	0,000	0,000	-27,000
182146,1605	0,000	0,000	0,000
182146,1892	0,000	0,000	0,000
182146,2203	0,000	0,000	0,000
182146,2496	0,000	0,000	0,000
182146,2807	0,000	0,000	0,000
182146,3100	0,000	0,000	0,000
182146,3399	0,000	0,000	0,000
182146,3699	0,000	0,000	0,000
182146,3998	0,000	0,000	0,000
182146,4334	513,000	486,000	540,000
182146,4612	459,000	486,000	513,000
182146,4908	486,000	459,000	486,000
182146,5247	459,000	513,000	486,000
182146,5526	486,000	486,000	513,000
182146,5825	486,000	513,000	513,000
182146,6125	513,000	513,000	513,000
182146,6423	513,000	486,000	513,000
182146,6725	486,000	513,000	513,000
182146,7042	459,000	486,000	459,000
182146,7357	513,000	513,000	513,000
182146,7645	486,000	486,000	513,000
182146,7950	486,000	486,000	486,000
182146,8293	486,000	513,000	486,000
182146,8672	513,000	486,000	486,000
182146,8882	513,000	459,000	459,000
182146,9171	540,000	513,000	486,000
182146,9484	486,000	459,000	486,000
182146,9794	486,000	513,000	513,000
182147,0083	513,000	486,000	513,000
182147,0422	459,000	486,000	513,000
182147,0701	513,000	486,000	486,000
182147,1001	513,000	486,000	513,000
182147,1309	459,000	459,000	513,000
182147,1609	486,000	513,000	459,000
182147,1898	486,000	513,000	567,000
182147,2207	459,000	513,000	513,000
182147,2546	513,000	486,000	486,000
182147,2815	513,000	486,000	540,000
182147,3125	486,000	486,000	459,000
182147,3415	486,000	540,000	459,000
182147,3734	513,000	486,000	513,000
182147,4023	486,000	486,000	540,000
182147,4342	486,000	486,000	486,000
182147,4651	513,000	513,000	513,000
182147,5130	486,000	486,000	459,000
182147,5320	486,000	432,000	459,000
182147,5539	513,000	432,000	459,000
182147,5838	513,000	513,000	486,000
182147,6147	486,000	513,000	486,000
182147,6457	486,000	486,000	486,000
182147,6786	459,000	459,000	513,000
182147,7065	540,000	486,000	486,000
182147,7355	486,000	513,000	513,000
182147,7664	486,000	459,000	513,000
182147,7973	486,000	513,000	459,000
182147,8262	486,000	513,000	513,000
182147,8582	459,000	513,000	459,000
182147,8871	459,000	513,000	486,000
182147,9180	432,000	513,000	486,000
182147,9479	513,000	513,000	513,000
182147,9788	459,000	486,000	486,000
182148,0117	486,000	459,000	513,000
182148,0397	513,000	513,000	486,000
182148,0696	486,000	513,000	513,000
182148,0995	486,000	486,000	459,000
182148,1304	486,000	486,000	513,000
182148,2052	486,000	459,000	486,000
182148,2863	459,000	486,000	513,000
182148,3122	459,000	459,000	540,000
182148,3202	459,000	459,000	513,000
182148,3501	459,000	540,000	540,000
182148,3801	513,000	459,000	513,000
182148,4111	486,000	459,000	459,000
182148,4421	486,000	513,000	513,000
182148,4723	513,000	486,000	540,000
182148,5022	513,000	486,000	486,000
182148,5323	459,000	540,000	486,000
182148,5634	459,000	513,000	513,000
182148,5944	486,000	486,000	486,000
182148,6238	540,000	486,000	513,000
182148,6551	486,000	486,000	486,000
182148,6860	486,000	513,000	486,000
182148,7150	513,000	513,000	459,000
182148,7451	459,000	459,000	486,000
182148,7800	486,000	513,000	459,000
182148,8049	486,000	513,000	513,000
182148,8348	486,000	486,000	486,000
182148,8647	513,000	459,000	486,000
182148,8947	459,000	513,000	486,000
182148,9267	486,000	459,000	513,000
182148,9546	486,000	459,000	513,000
182148,9860	459,000	513,000	513,000
182149,0160	513,000	459,000	486,000
182149,0459	486,000	486,000	486,000
182149,0770	486,000	486,000	513,000
182149,1078	486,000	513,000	513,000
182149,1365	459,000	513,000	486,000
182149,1674	486,000	540,000	540,000
182149,1992	513,000	486,000	486,000
182149,2276	486,000	486,000	459,000
182149,2582	459,000	513,000	486,000
182149,2871	486,000	513,000	513,000
182149,3184	513,000	513,000	486,000
182149,3484	459,000	513,000	486,000
182149,3783	459,000	486,000	513,000
182149,4123	459,000	513,000	486,000
182149,4383	459,000	486,000	459,000
182149,4671	486,000	513,000	513,000
182149,4980	513,000	513,000	486,000
182149,5279	513,000	486,000	486,000
182149,5586	513,000	513,000	486,000
182149,5905	486,000	540,000	513,000
182149,6185	459,000	513,000	486,000
182149,6515	513,000	486,000	540,000
182149,6822	486,000	486,000	486,000
182149,7131	459,000	486,000	459,000
182149,7442	513,000	486,000	513,000
182149,7757	486,000	513,000	486,000
182149,8043	459,000	513,000	486,000
182149,8339	486,000	459,000	513,000
182149,8652	486,000	540,000	513,000
182149,8946	486,000	486,000	486,000
182149,9239	486,000	459,000	513,000
182149,9551	486,000	513,000	486,000
182149,9847	486,000	513,000	486,000
182150,0149	513,000	486,000	486,000
182150,0501	486,000	513,000	459,000
182150,0761	486,000	513,000	486,000
182150,1069	486,000	513,000	486,000
182150,1368	513,000	486,000	513,000
182150,1663	486,000	459,000	459,000
182150,1967	486,000	459,000	513,000
182150,2266	540,000	513,000	513,000
182150,2565	459,000	486,000	513,000
182150,2884	486,000	486,000	540,000
182150,3194	459,000	513,000	486,000
182150,3460	486,000	459,000	486,000
182150,3763	486,000	459,000	486,000
182150,4062	486,000	540,000	486,000
182150,4376	486,000	486,000	486,000
182150,4677	459,000	459,000	459,000
182150,4985	432,000	567,000	486,000
182150,5288	513,000	540,000	513,000
182150,5579	486,000	486,000	486,000
182150,5874	513,000	486,000	513,000
182150,6184	486,000	540,000	567,000
182150,6488	486,000	486,000	432,000
182150,6782	486,000	486,000	486,000
182150,7077	513,000	486,000	486,000
182150,7364	486,000	486,000	513,000
182150,7671	486,000	513,000	459,000
182150,7990	513,000	486,000	513,000
182150,8317	459,000	459,000	432,000
182150,8614	486,000	513,000	459,000
182150,8900	486,000	486,000	459,000
182150,9228	432,000	513,000	513,000
182150,9501	459,000	486,000	486,000
182150,9821	513,000	486,000	540,000
182151,0109	486,000	459,000	486,000
182151,0410	459,000	459,000	432,000
182151,0717	486,000	513,000	486,000
182151,1014	459,000	486,000	486,000
182151,1333	459,000	486,000	459,000
182151,1622	459,000	486,000	513,000
182151,1929	486,000	459,000	540,000
182151,2240	459,000	513,000	486,000
182151,2532	486,000	486,000	432,000
182151,2835	486,000	513,000	459,000
182151,3141	459,000	486,000	513,000
182151,3450	486,000	486,000	459,000
182151,3772	459,000	459,000	459,000
182151,4085	486,000	459,000	513,000
182151,4362	513,000	513,000	459,000
182151,4682	486,000	486,000	486,000
182151,4970	513,000	432,000	486,000
182151,5267	486,000	486,000	459,000
182151,5572	513,000	486,000	459,000
182151,5870	486,000	513,000	513,000
182151,6169	486,000	459,000	513,000
182151,6492	486,000	513,000	486,000
182151,6807	459,000	486,000	540,000
182151,7106	513,000	486,000	540,000
182151,7410	513,000	486,000	540,000
182151,7734	486,000	540,000	513,000
182151,8064	486,000	486,000	486,000
182151,8313	486,000	486,000	486,000
182151,8612	459,000	513,000	459,000
182151,8945	459,000	486,000	486,000
182151,9234	486,000	486,000	459,000
182151,9516	486,000	513,000	486,000
182151,9883	486,000	486,000	486,000
182152,0123	513,000	486,000	459,000
182152,0429	486,000	513,000	513,000
182152,0708	486,000	486,000	459,000
182152,1014	540,000	513,000	486,000
182152,1324	459,000	459,000	486,000
182152,1623	513,000	486,000	486,000
182152,1912	486,000	486,000	432,000
182152,2241	432,000	567,000	486,000
182152,2520	459,000	540,000	513,000
182152,2850	486,000	486,000	459,000
182152,3139	432,000	459,000	513,000
182152,3438	513,000	486,000	540,000
182152,3737	486,000	486,000	486,000
182152,4036	459,000	486,000	540,000
182152,4346	513,000	540,000	486,000
182152,4655	486,000	513,000	513,000
182152,4964	486,000	513,000	513,000
182152,5253	486,000	486,000	486,000
182152,5562	540,000	459,000	486,000
182152,5862	513,000	486,000	513,000
182152,6161	486,000	513,000	459,000
182152,6470	513,000	513,000	486,000
182152,6769	486,000	486,000	486,000
182152,7068	486,000	513,000	486,000
182152,7387	486,000	513,000	513,000
182152,7697	513,000	513,000	459,000
182152,7996	486,000	486,000	459,000
182152,8305	540,000	432,000	513,000
182152,8604	459,000	513,000	459,000
182152,8893	459,000	513,000	513,000
182152,9213	459,000	486,000	513,000
182152,9502	459,000	486,000	513,000
182152,9801	513,000	540,000	486,000
182153,0120	486,000	486,000	486,000
182153,0410	486,000	540,000	486,000
182153,0719	432,000	513,000	540,000
182153,1038	459,000	486,000	486,000
182153,1327	513,000	486,000	486,000
182153,1656	486,000	513,000	486,000
182153,2224	513,000	486,000	459,000
182153,2623	459,000	513,000	513,000
182153,3182	513,000	513,000	486,000
182153,3402	486,000	486,000	540,000
182153,3621	459,000	486,000	486,000
182153,3850	486,000	486,000	486,000
182153,4139	459,000	513,000	459,000
182153,4419	513,000	459,000	486,000
182153,4728	540,000	486,000	459,000
182153,5037	486,000	486,000	459,000
182153,5336	459,000	513,000	513,000
182153,5635	486,000	513,000	513,000
182153,5935	459,000	459,000	513,000
182153,6234	486,000	486,000	513,000
182153,6560	513,000	486,000	513,000
182153,6843	513,000	459,000	540,000
182153,7141	513,000	486,000	513,000
182153,7440	486,000	513,000	486,000
182153,7754	486,000	540,000	513,000
182153,8049	486,000	513,000	567,000
182153,8343	486,000	486,000	486,000
182153,8655	486,000	459,000	513,000
182153,9134	513,000	486,000	486,000
182153,9255	459,000	513,000	486,000
182153,9584	513,000	540,000	567,000
182153,9843	513,000	486,000	486,000
182154,0140	459,000	486,000	459,000
182154,0439	0,000	81,000	54,000
182154,0749	0,000	-27,000	0,000
182154,1057	-540,000	-540,000	-513,000
182154,1357	-513,000	-513,000	-486,000
182154,1689	-459,000	-486,000	-513,000
182154,1972	-513,000	-486,000	-486,000
182154,2267	-459,000	-459,000	-486,000
182154,2597	-486,000	-513,000	-513,000
182154,2883	-486,000	-513,000	-513,000
182154,3179	-486,000	-486,000	-540,000
182154,3484	-486,000	-513,000	-513,000
182154,3775	-486,000	-486,000	-513,000
182154,4104	-486,000	-513,000	-513,000
182154,4392	-513,000	-459,000	-513,000
182154,4700	-486,000	-486,000	-486,000
182154,4989	-486,000	-486,000	-513,000
182154,5311	-486,000	-459,000	-486,000
182154,5640	-540,000	-486,000	-459,000
182154,5892	-459,000	-486,000	-513,000
182154,6199	-513,000	-540,000	-486,000
182154,6512	-486,000	-486,000	-432,000
182154,6802	-486,000	-540,000	-513,000
182154,7104	-513,000	-513,000	-486,000
182154,7437	-513,000	-486,000	-459,000
182154,7739	-486,000	-513,000	-459,000
182154,8016	-513,000	-486,000	-513,000
182154,8309	-486,000	-513,000	-513,000
182154,8618	-486,000	-486,000	-486,000
182154,8928	-486,000	-513,000	-486,000
182154,9249	-459,000	-513,000	-567,000
182154,9520	-459,000	-540,000	-486,000
182154,9843	-486,000	-459,000	-540,000
182155,0151	-486,000	-486,000	-513,000
182155,0446	-459,000	-486,000	-486,000
182155,0760	-486,000	-513,000	-540,000
182155,1049	-459,000	-486,000	-486,000
182155,1358	-459,000	-486,000	-486,000
182155,1650	-486,000	-486,000	-513,000
182155,1967	-486,000	-459,000	-486,000
182155,2252	-513,000	-486,000	-459,000
182155,2567	-513,000	-486,000	-513,000
182155,2883	-513,000	-486,000	-513,000
182155,3161	-513,000	-486,000	-459,000
182155,3474	-486,000	-486,000	-486,000
182155,3784	-486,000	-513,000	-486,000
182155,4077	-513,000	-486,000	-513,000
182155,4373	-486,000	-486,000	-459,000
182155,4677	-486,000	-486,000	-513,000
182155,4976	-486,000	-513,000	-540,000
182155,5290	-486,000	-459,000	-513,000
182155,5620	-486,000	-513,000	-513,000
182155,5889	-459,000	-486,000	-486,000
182155,6179	-459,000	-486,000	-486,000
182155,6503	-486,000	-432,000	-513,000
182155,6803	-486,000	-486,000	-486,000
182155,7112	-486,000	-486,000	-513,000
182155,7415	-459,000	-486,000	-513,000
182155,7735	-486,000	-513,000	-486,000
182155,8047	-513,000	-513,000	-513,000
182155,8323	-459,000	-486,000	-513,000
182155,8626	-513,000	-513,000	-486,000
182155,8936	-513,000	-486,000	-486,000
182155,9229	-513,000	-459,000	-486,000
182155,9531	-513,000	-486,000	-486,000
182155,9833	-486,000	-567,000	-513,000
182156,0144	-486,000	-486,000	-459,000
182156,0438	-486,000	-513,000	-486,000
182156,0762	-486,000	-486,000	-513,000
182156,1044	-459,000	-459,000	-486,000
182156,1340	-486,000	-513,000	-513,000
182156,1660	-513,000	-513,000	-513,000
182156,1964	-459,000	-459,000	-486,000
182156,2263	-486,000	-513,000	-513,000
182156,2578	-486,000	-540,000	-540,000
182156,2857	-459,000	-486,000	-513,000
182156,3161	-513,000	-459,000	-486,000
182156,3460	-513,000	-459,000	-540,000
182156,3761	-486,000	-486,000	-540,000
182156,4082	-486,000	-486,000	-486,000
182156,4370	-513,000	-486,000	-513,000
182156,4767	-513,000	-486,000	-486,000
182156,4964	-486,000	-486,000	-486,000
182156,5291	-540,000	-459,000	-513,000
182156,5572	-486,000	-513,000	-513,000
182156,5884	-486,000	-486,000	-459,000
182156,6186	-486,000	-513,000	-513,000
182156,6494	-513,000	-540,000	-486,000
182156,6797	-486,000	-486,000	-432,000
182156,7093	-486,000	-513,000	-486,000
182156,7392	-486,000	-486,000	-486,000
182156,7704	-513,000	-486,000	-486,000
182156,8066	-486,000	-486,000	-513,000
182156,8311	-486,000	-486,000	-513,000
182156,8617	-486,000	-513,000	-513,000
182156,8946	-432,000	-513,000	-486,000
182156,9228	-486,000	-513,000	-513,000
182156,9568	-486,000	-486,000	-513,000
182156,9897	-459,000	-513,000	-513,000
182157,0136	-459,000	-513,000	-513,000
182157,0435	-486,000	-486,000	-486,000
182157,0754	-459,000	-513,000	-513,000
182157,1213	-486,000	-486,000	-513,000
182157,1343	-486,000	-486,000	-513,000
182157,1652	-486,000	-459,000	-513,000
182157,2001	-459,000	-513,000	-513,000
182157,2290	-513,000	-459,000	-540,000
182157,2560	-459,000	-486,000	-486,000
182157,2859	-513,000	-513,000	-486,000
182157,3178	-513,000	-486,000	-486,000
182157,3467	-459,000	-513,000	-486,000
182157,3776	-486,000	-513,000	-486,000
182157,4086	-486,000	-486,000	-513,000
182157,4375	-513,000	-486,000	-486,000
182157,4674	-486,000	-486,000	-540,000
182157,4973	-486,000	-459,000	-486,000
182157,5282	-513,000	-513,000	-486,000
182157,5592	-432,000	-513,000	-513,000
182157,5921	-486,000	-486,000	-486,000
182157,6210	-459,000	-432,000	-486,000
182157,6489	-486,000	-486,000	-513,000
182157,6788	-486,000	-513,000	-486,000
182157,7137	-513,000	-459,000	-513,000
182157,7417	-459,000	-513,000	-513,000
182157,7696	-459,000	-513,000	-540,000
182157,8005	-486,000	-486,000	-486,000
182157,8304	-513,000	-459,000	-459,000
182157,8613	-513,000	-513,000	-540,000
182157,8913	-513,000	-486,000	-486,000
182157,9202	-513,000	-486,000	-486,000
182157,9501	-459,000	-540,000	-486,000
182157,9830	-513,000	-486,000	-486,000
182158,0109	-486,000	-486,000	-486,000
182158,0419	-486,000	-486,000	-486,000
182158,0718	-486,000	-486,000	-486,000
182158,1037	-459,000	-486,000	-540,000
182158,1316	-486,000	-459,000	-486,000
182158,1625	-486,000	-486,000	-513,000
182158,1915	-486,000	-459,000	-513,000
182158,2822	-486,000	-486,000	-540,000
182158,3346	-459,000	-486,000	-540,000
182158,3492	-486,000	-486,000	-540,000
182158,3690	-513,000	-486,000	-513,000
182158,4036	-486,000	-486,000	-540,000
182158,4321	-432,000	-540,000	-513,000
182158,4591	-486,000	-513,000	-486,000
182158,4890	-513,000	-486,000	-486,000
182158,5179	-486,000	-513,000	-540,000
182158,5488	-513,000	-486,000	-459,000
182158,5817	-486,000	-486,000	-486,000
182158,6107	-486,000	-513,000	-486,000
182158,6409	-513,000	-513,000	-513,000
182158,6716	-513,000	-486,000	-486,000
182158,7027	-486,000	-459,000	-459,000
182158,7321	-513,000	-486,000	-513,000
182158,7645	-486,000	-459,000	-486,000
182158,7926	-459,000	-513,000	-486,000
182158,8245	-459,000	-513,000	-513,000
182158,8530	-432,000	-486,000	-486,000
182158,8844	-459,000	-486,000	-513,000
182158,9155	-486,000	-486,000	-486,000
182158,9440	-486,000	-486,000	-486,000
182158,9750	-486,000	-486,000	-513,000
182159,0073	-486,000	-513,000	-540,000
182159,0342	-486,000	-540,000	-486,000
182159,0652	-486,000	-486,000	-540,000
182159,0950	-486,000	-459,000	-486,000
182159,1255	-486,000	-459,000	-486,000
182159,1557	-513,000	-459,000	-486,000
182159,1856	-486,000	-486,000	-486,000
182159,2156	-540,000	-486,000	-486,000
182159,2482	-486,000	-486,000	-513,000
182159,2774	-486,000	-486,000	-486,000
182159,3064	-486,000	-513,000	-459,000
182159,3361	-486,000	-459,000	-513,000
182159,3687	-486,000	-459,000	-459,000
182159,3986	-486,000	-513,000	-486,000
182159,4292	-486,000	-486,000	-540,000
182159,4584	-459,000	-486,000	-513,000
182159,4893	-486,000	-486,000	-486,000
182159,5182	-540,000	-513,000	-513,000
182159,5492	-432,000	-459,000	-513,000
182159,5801	-513,000	-459,000	-486,000
182159,6094	-486,000	-486,000	-513,000
182159,6393	-459,000	-486,000	-513,000
182159,6748	-486,000	-540,000	-486,000
182159,6998	-513,000	-513,000	-540,000
182159,7309	-486,000	-513,000	-513,000
182159,7626	-513,000	-513,000	-486,000
182159,7912	-486,000	-486,000	-486,000
182159,8231	-486,000	-513,000	-459,000
182159,8522	-540,000	-486,000	-486,000
182159,8821	-486,000	-459,000	-486,000
182159,9154	-486,000	-513,000	-486,000
182159,9423	-486,000	-513,000	-459,000
182159,9712	-540,000	-513,000	-459,000
182200,0011	-459,000	-486,000	-459,000
182200,0320	-459,000	-486,000	-486,000
182200,0620	-486,000	-486,000	-486,000
182200,0949	-459,000	-459,000	-540,000
182200,1248	-459,000	-459,000	-540,000
182200,1547	-513,000	-540,000	-459,000
182200,1842	-459,000	-486,000	-513,000
182200,2154	-459,000	-486,000	-486,000
182200,2464	-486,000	-540,000	-513,000
182200,2755	-486,000	-486,000	-486,000
182200,3146	-513,000	-540,000	-513,000
182200,3361	-486,000	-540,000	-513,000
182200,3650	-486,000	-486,000	-486,000
182200,3970	-486,000	-459,000	-486,000
182200,4274	-486,000	-486,000	-486,000
182200,4574	-513,000	-486,000	-513,000
182200,4874	-540,000	-486,000	-432,000
182200,5200	-459,000	-486,000	-486,000
182200,5479	-513,000	-540,000	-486,000
182200,5799	-513,000	-486,000	-486,000
182200,6082	-513,000	-540,000	-486,000
182200,6374	-486,000	-513,000	-513,000
182200,6677	-486,000	-486,000	-486,000
182200,7023	-486,000	-486,000	-486,000
182200,7282	-486,000	-513,000	-513,000
182200,7601	-486,000	-486,000	-513,000
182200,7881	-486,000	-486,000	-513,000
182200,8180	-459,000	-486,000	-486,000
182200,8498	-459,000	-486,000	-513,000
182200,8797	-459,000	-513,000	-459,000
182200,9102	-513,000	-513,000	-540,000
182200,9418	-486,000	-459,000	-540,000
182200,9703	-486,000	-513,000	-486,000
182201,0003	-486,000	-486,000	-486,000
182201,0332	-486,000	-486,000	-486,000
182201,0621	-486,000	-459,000	-486,000
182201,0939	-486,000	-486,000	-513,000
182201,1237	-486,000	-513,000	-486,000
182201,1567	-486,000	-459,000	-486,000
182201,1841	-540,000	-513,000	-513,000
182201,2147	-486,000	-540,000	-486,000
182201,2449	-513,000	-513,000	-459,000
182201,2749	-459,000	-513,000	-513,000
182201,3051	-486,000	-513,000	-513,000
182201,3362	-513,000	-486,000	-459,000
182201,3651	-459,000	-513,000	-486,000
182201,4009	-486,000	-486,000	-513,000
182201,4283	-459,000	-513,000	-513,000
182201,4592	-486,000	-567,000	-513,000
182201,4882	-513,000	-486,000	-513,000
182201,5181	-459,000	-486,000	-486,000
182201,5480	-486,000	-513,000	-513,000
182201,5789	-486,000	-486,000	-513,000
182201,6088	-486,000	-486,000	-486,000
182201,6407	-486,000	-513,000	-513,000
182201,6717	-459,000	-486,000	-486,000
182201,7066	-486,000	-486,000	-540,000
182201,7315	-486,000	-486,000	-513,000
182201,7624	-486,000	-459,000	-486,000
182201,7913	-486,000	-513,000	-513,000
182201,8213	-513,000	-486,000	-486,000
182201,8512	-459,000	-513,000	-486,000
182201,8821	-486,000	-486,000	-459,000
182201,9132	-486,000	-513,000	-486,000
182201,9441	-486,000	-513,000	-486,000
182201,9741	-486,000	-486,000	-459,000
182202,0080	-513,000	-513,000	-486,000
182202,0339	-459,000	-513,000	-513,000
182202,0648	-486,000	-459,000	-486,000
182202,0967	-513,000	-459,000	-513,000
182202,1286	-486,000	-540,000	-513,000
182202,1556	-486,000	-486,000	-486,000
182202,1875	-486,000	-486,000	-486,000
182202,2373	-486,000	-513,000	-513,000
182202,2513	-459,000	-459,000	-486,000
182202,2782	-486,000	-486,000	-513,000
182202,3072	-459,000	-486,000	-486,000
182202,3371	-459,000	-486,000	-513,000
182202,3670	-486,000	-486,000	-567,000
182202,3979	-486,000	-486,000	-486,000
182202,4278	-486,000	-486,000	-459,000
182202,4597	-540,000	-540,000	-486,000
182202,4907	-513,000	-540,000	-459,000
182202,5197	-486,000	-513,000	-486,000
182202,5496	-486,000	-486,000	-513,000
182202,5795	-486,000	-513,000	-486,000
182202,6105	-486,000	-486,000	-486,000
182202,6404	-459,000	-486,000	-513,000
182202,6703	-513,000	-486,000	-540,000
182202,7002	-486,000	-459,000	-486,000
182202,7321	-513,000	-459,000	-513,000
182202,7631	-486,000	-459,000	-594,000
182202,7910	-459,000	-513,000	-459,000
182202,8209	-459,000	-486,000	-513,000
182202,8568	-486,000	-486,000	-486,000
182202,8817	-486,000	-513,000	-486,000
182202,9117	-486,000	-459,000	-513,000
182202,9416	-486,000	-486,000	-567,000
182202,9725	-486,000	-486,000	-486,000
182203,0014	-513,000	-459,000	-513,000
182203,0313	-459,000	-459,000	-459,000
182203,0633	-486,000	-486,000	-513,000
182203,0932	-486,000	-486,000	-513,000
182203,1221	-486,000	-486,000	-486,000
182203,1520	-513,000	-513,000	-486,000
182203,1829	-513,000	-486,000	-486,000
182203,2139	-459,000	-513,000	-513,000
182203,2438	-486,000	-513,000	-486,000
182203,2757	-486,000	-513,000	-486,000
182203,3056	-486,000	-486,000	-540,000
182203,3764	-459,000	-486,000	-540,000
182203,4602	-513,000	-513,000	-486,000
182203,4911	-459,000	-459,000	-513,000
182203,5021	-459,000	-486,000	-486,000
182203,5250	-513,000	-486,000	-486,000
182203,5551	-513,000	-486,000	-486,000
182203,5862	-459,000	-486,000	-513,000
182203,6153	-459,000	-459,000	-513,000
182203,6463	-513,000	-486,000	-540,000
182203,6774	-459,000	-459,000	-486,000
182203,7081	-459,000	-486,000	-540,000
182203,7370	-486,000	-486,000	-486,000
182203,7669	-486,000	-513,000	-486,000
182203,7972	-486,000	-459,000	-486,000
182203,8270	-540,000	-513,000	-486,000
182203,8580	-513,000	-513,000	-459,000
182203,8880	-459,000	-486,000	-486,000
182203,9186	-459,000	-486,000	-486,000
182203,9484	-513,000	-486,000	-459,000
182203,9813	-459,000	-513,000	-540,000
182204,0112	-486,000	-513,000	-540,000
182204,0399	-486,000	-486,000	-513,000
182204,0698	-459,000	-486,000	-513,000
182204,1001	-486,000	-540,000	-486,000
182204,1321	-486,000	-486,000	-486,000
182204,1644	-486,000	-459,000	-513,000
182204,1924	-513,000	-540,000	-513,000
182204,2234	-486,000	-486,000	-486,000
182204,2532	-459,000	-486,000	-513,000
182204,2840	-486,000	-486,000	-513,000
182204,3135	-27,000	-27,000	27,000
182204,3441	27,000	-27,000	27,000
182204,3756	0,000	0,000	0,000
182204,4050	0,000	0,000	-27,000
182204,4365	0,000	0,000	0,000
182204,4651	0,000	0,000	0,000
182204,4972	0,000	0,000	0,000
182204,5262	0,000	0,000	0,000
182204,5563	0,000	0,000	0,000
182204,5862	0,000	0,000	0,000
182204,6163	0,000	0,000	0,000
182204,6473	0,000	0,000	0,000
182204,6775	0,000	0,000	0,000
182204,7091	0,000	0,000	0,000
182204,7397	0,000	0,000	0,000
182204,7804	0,000	0,000	0,000
182204,8003	0,000	0,000	0,000
182204,8300	0,000	0,000	0,000
182204,8596	0,000	0,000	0,000
182204,8921	0,000	0,000	0,000
182204,9221	0,000	0,000	0,000
182204,9525	0,000	0,000	0,000
182204,9845	0,000	0,000	0,000
182205,0133	0,000	0,000	0,000
182205,0440	0,000	0,000	0,000
182205,0729	0,000	0,000	0,000
182205,1047	0,000	0,000	0,000
182205,1339	0,000	0,000	0,000
182205,1644	0,000	0,000	0,000
182205,1962	0,000	0,000	0,000
182205,2250	0,000	0,000	0,000
182205,2550	0,000	0,000	0,000
182205,2849	0,000	0,000	0,000
182205,3158	0,000	0,000	0,000
182205,3467	0,000	0,000	0,000
182205,3777	0,000	0,000	0,000
182205,4064	0,000	0,000	0,000
182205,4380	0,000	0,000	0,000
182205,4670	0,000	0,000	0,000
182205,4988	0,000	0,000	0,000
182205,5307	0,000	0,000	0,000
182205,5593	0,000	0,000	0,000
182205,5945	0,000	0,000	0,000
182205,6204	0,000	0,000	0,000
182205,6521	0,000	0,000	0,000
182205,6801	0,000	0,000	0,000
