172611,7486	-0,906	0,224	0,170	1,000	8,022
172611,7646	-0,906	0,224	0,170	1,000	8,028
172611,7826	-0,906	0,224	0,170	1,000	8,029
172611,7985	-0,906	0,224	0,170	1,000	8,023
172611,8155	-0,906	0,224	0,170	1,000	8,018
172611,8318	-0,906	0,224	0,170	1,000	8,014
172611,8482	-0,906	0,224	0,170	1,000	8,027
172611,8651	-0,906	0,224	0,170	1,000	8,027
172611,8821	-0,906	0,224	0,170	1,000	8,024
172611,8981	-0,906	0,224	0,170	1,000	8,018
172611,9154	-0,906	0,224	0,170	1,000	8,018
172611,9322	-0,906	0,224	0,170	1,000	8,013
172611,9483	-0,906	0,224	0,170	1,000	8,021
172611,9653	-0,906	0,224	0,170	1,000	8,014
172611,9818	-0,906	0,224	0,170	1,000	8,021
172611,9987	-0,906	0,224	0,170	1,000	8,027
172612,0149	-0,906	0,224	0,170	1,000	8,022
172612,0314	-0,906	0,224	0,170	1,000	8,021
172612,0476	-0,906	0,224	0,170	1,000	8,026
172612,0656	-0,906	0,224	0,170	1,000	8,019
172612,0816	-0,906	0,224	0,170	1,000	8,023
172612,0985	-0,906	0,224	0,170	1,000	8,028
172612,1145	-0,906	0,224	0,170	1,000	8,022
172612,1316	-0,906	0,224	0,170	1,000	8,027
172612,1489	-0,906	0,224	0,170	1,000	8,022
172612,1648	-0,906	0,224	0,170	1,000	8,013
172612,1817	-0,906	0,224	0,170	1,000	8,019
172612,1988	-0,906	0,223	0,170	1,000	7,902
172612,2137	-0,906	0,224	0,170	1,000	8,023
172612,2306	-0,906	0,224	0,170	1,000	8,020
172612,2479	-0,906	0,224	0,170	1,000	8,018
172612,2640	-0,906	0,224	0,170	1,000	8,020
172612,2820	-0,906	0,224	0,170	1,000	8,031
172612,2977	-0,906	0,224	0,170	1,000	8,016
172612,3147	-0,906	0,224	0,170	1,000	8,028
172612,3316	-0,906	0,224	0,170	1,000	8,022
172612,3496	-0,906	0,224	0,170	1,000	8,024
172612,3645	-0,906	0,224	0,170	1,000	8,026
172612,3815	-0,906	0,224	0,170	1,000	8,028
172612,3984	-0,906	0,224	0,170	1,000	8,026
172612,4152	-0,906	0,223	0,170	1,000	7,898
172612,4322	-0,906	0,224	0,170	1,000	8,020
172612,4482	-0,906	0,224	0,170	1,000	8,021
172612,4651	-0,906	0,224	0,170	1,000	8,028
172612,4801	-0,906	0,224	0,170	1,000	8,028
172612,4961	-0,906	0,224	0,170	1,000	8,020
172612,5140	-0,906	0,224	0,170	1,000	8,012
172612,5300	-0,906	0,223	0,170	1,000	7,895
172612,5479	-0,906	0,224	0,170	1,000	8,018
172612,5649	-0,906	0,224	0,170	1,000	8,023
172612,5819	-0,906	0,223	0,170	1,000	7,899
172612,5979	-0,906	0,224	0,170	1,000	8,022
172612,6149	-0,906	0,224	0,170	1,000	8,017
172612,6308	-0,906	0,224	0,170	1,000	8,016
172612,6488	-0,906	0,224	0,170	1,000	8,023
172612,6657	-0,906	0,224	0,170	1,000	8,016
172612,6817	-0,906	0,224	0,170	1,000	8,020
172612,6977	-0,906	0,224	0,170	1,000	8,020
172612,7148	-0,906	0,224	0,170	1,000	8,026
172612,7312	-0,906	0,224	0,170	1,000	8,025
172612,7482	-0,906	0,224	0,170	1,000	8,026
172612,7641	-0,906	0,224	0,170	1,000	8,023
172612,7811	-0,906	0,224	0,170	1,000	8,031
172612,7981	-0,906	0,224	0,170	1,000	8,029
172612,8140	-0,906	0,224	0,170	1,000	8,024
172612,8313	-0,906	0,224	0,170	1,000	8,017
172612,8482	-0,906	0,224	0,170	1,000	8,024
172612,8642	-0,906	0,224	0,170	1,000	8,027
172612,8806	-0,906	0,224	0,170	1,000	8,021
172612,8976	-0,906	0,224	0,169	1,000	8,013
172612,9145	-0,905	0,224	0,170	1,000	7,943
172612,9315	-0,904	0,224	0,170	1,000	8,066
172612,9485	-0,903	0,224	0,170	1,000	8,231
172612,9651	-0,901	0,224	0,171	1,000	8,093
172612,9832	-0,899	0,224	0,171	1,000	8,174
172612,9982	-0,896	0,224	0,172	1,000	8,063
172613,0141	-0,893	0,224	0,172	1,000	8,042
172613,0309	-0,889	0,224	0,172	1,000	8,000
172613,0478	-0,885	0,224	0,172	1,000	8,019
172613,0648	-0,882	0,223	0,173	1,000	7,974
172613,0808	-0,878	0,223	0,173	1,000	8,129
172613,0978	-0,874	0,223	0,174	1,000	8,216
172613,1148	-0,870	0,223	0,174	1,000	8,344
172613,1318	-0,866	0,223	0,174	1,000	8,225
172613,1477	-0,863	0,223	0,174	1,000	8,256
172613,1647	-0,859	0,223	0,175	1,000	8,312
172613,1827	-0,856	0,223	0,175	1,000	8,414
172613,1997	-0,852	0,223	0,175	1,000	8,347
172613,2169	-0,849	0,223	0,175	1,000	8,444
172613,2309	-0,845	0,223	0,176	1,000	8,326
172613,2479	-0,842	0,223	0,176	1,000	8,491
172613,2649	-0,838	0,223	0,176	1,000	8,384
172613,2813	-0,835	0,223	0,177	1,000	8,527
172613,2973	-0,831	0,223	0,177	1,000	8,518
172613,3142	-0,827	0,223	0,178	1,000	8,573
172613,3318	-0,824	0,223	0,178	1,000	8,674
172613,3479	-0,820	0,223	0,178	1,000	8,604
172613,3649	-0,816	0,223	0,179	1,000	8,544
172613,3818	-0,812	0,223	0,179	1,000	8,463
172613,3978	-0,809	0,223	0,180	1,000	8,494
172613,4147	-0,805	0,223	0,180	1,000	8,513
172613,4318	-0,801	0,223	0,180	1,000	8,599
172613,4478	-0,798	0,223	0,181	1,000	8,575
172613,4647	-0,794	0,223	0,181	1,000	8,594
172613,4807	-0,790	0,223	0,182	1,000	8,675
172613,4966	-0,787	0,223	0,182	1,000	8,687
172613,5126	-0,783	0,223	0,183	1,000	8,672
172613,5316	-0,779	0,223	0,183	1,000	8,714
172613,5476	-0,776	0,223	0,184	1,000	8,720
172613,5645	-0,772	0,223	0,184	1,000	8,662
172613,5815	-0,768	0,223	0,184	1,000	8,655
172613,5985	-0,765	0,223	0,185	1,000	8,665
172613,6184	-0,761	0,223	0,186	1,000	8,619
172613,6334	-0,758	0,223	0,186	1,000	8,612
172613,6484	-0,754	0,223	0,186	1,000	8,697
172613,6653	-0,751	0,223	0,187	1,000	8,657
172613,6813	-0,747	0,223	0,187	1,000	8,724
172613,6983	-0,743	0,222	0,187	1,000	8,719
172613,7152	-0,740	0,223	0,188	1,000	8,789
172613,7312	-0,736	0,222	0,188	1,000	8,774
172613,7481	-0,732	0,222	0,189	1,000	8,864
172613,7652	-0,728	0,222	0,189	1,000	8,831
172613,7821	-0,725	0,222	0,190	1,000	8,733
172613,7982	-0,721	0,222	0,190	1,000	8,736
172613,8151	-0,717	0,222	0,191	1,000	8,614
172613,8312	-0,714	0,222	0,191	1,000	8,695
172613,8482	-0,710	0,222	0,191	1,000	8,724
172613,8652	-0,706	0,222	0,192	1,000	8,754
172613,8812	-0,703	0,222	0,192	1,000	8,749
172613,8986	-0,699	0,222	0,192	1,000	8,817
172613,9148	-0,696	0,222	0,193	1,000	8,809
172613,9337	-0,692	0,222	0,193	1,000	8,885
172613,9487	-0,688	0,222	0,194	1,000	8,867
172613,9646	-0,684	0,222	0,194	1,000	8,899
172613,9816	-0,680	0,222	0,195	1,000	8,973
172613,9985	-0,677	0,222	0,195	1,000	8,876
172614,0146	-0,673	0,222	0,195	1,000	8,904
172614,0315	-0,669	0,222	0,196	1,000	8,902
172614,0485	-0,665	0,222	0,196	1,000	8,945
172614,0654	-0,662	0,222	0,196	1,000	8,908
172614,0814	-0,658	0,222	0,196	1,000	8,993
172614,0994	-0,655	0,222	0,197	1,000	9,074
172614,1145	-0,651	0,222	0,197	1,000	9,044
172614,1315	-0,648	0,222	0,198	1,000	9,022
172614,1485	-0,644	0,222	0,198	1,000	9,071
172614,1655	-0,640	0,222	0,199	1,000	9,040
172614,1820	-0,637	0,222	0,199	1,000	9,127
172614,1985	-0,633	0,222	0,199	1,000	9,104
172614,2154	-0,629	0,222	0,200	1,000	9,102
172614,2314	-0,626	0,221	0,200	1,000	9,078
172614,2483	-0,622	0,221	0,201	1,000	9,095
172614,2653	-0,618	0,221	0,201	1,000	9,048
172614,2822	-0,615	0,221	0,202	1,000	9,077
172614,2982	-0,611	0,221	0,202	1,000	9,098
172614,3152	-0,607	0,221	0,202	1,000	9,064
172614,3312	-0,604	0,221	0,203	1,000	9,152
172614,3481	-0,600	0,221	0,203	1,000	9,132
172614,3651	-0,596	0,221	0,204	1,000	9,161
172614,3831	-0,593	0,221	0,204	1,000	9,181
172614,3980	-0,589	0,221	0,205	1,000	9,219
172614,4150	-0,585	0,221	0,206	1,000	9,241
172614,4329	-0,581	0,221	0,206	1,000	9,238
172614,4479	-0,578	0,221	0,206	1,000	9,167
172614,4649	-0,574	0,221	0,207	1,000	9,204
172614,4818	-0,571	0,221	0,207	1,000	9,174
172614,4969	-0,567	0,221	0,207	1,000	9,265
172614,5139	-0,564	0,221	0,208	1,000	9,319
172614,5298	-0,560	0,221	0,208	1,000	9,365
172614,5478	-0,557	0,221	0,208	1,000	9,349
172614,5648	-0,553	0,221	0,209	1,000	9,332
172614,5818	-0,549	0,221	0,209	1,000	9,312
172614,5977	-0,546	0,221	0,210	1,000	9,434
172614,6157	-0,542	0,221	0,211	1,000	9,462
172614,6317	-0,538	0,221	0,211	1,000	9,442
172614,6507	-0,535	0,221	0,212	1,000	9,432
172614,6656	-0,531	0,221	0,213	1,000	9,364
172614,6817	-0,527	0,221	0,213	1,000	9,334
172614,6987	-0,523	0,221	0,214	1,000	9,373
172614,7157	-0,520	0,221	0,214	1,000	9,313
172614,7316	-0,516	0,221	0,214	1,000	9,428
172614,7496	-0,513	0,221	0,215	1,000	9,415
172614,7646	-0,509	0,220	0,215	1,000	9,462
172614,7815	-0,506	0,220	0,215	1,000	9,435
172614,7985	-0,502	0,220	0,216	1,000	9,435
172614,8155	-0,498	0,220	0,216	1,000	9,473
172614,8316	-0,494	0,220	0,217	1,000	9,598
172614,8482	-0,491	0,220	0,217	1,000	9,600
172614,8651	-0,487	0,220	0,218	1,000	9,531
172614,8820	-0,484	0,220	0,218	1,000	9,536
172614,8985	-0,480	0,220	0,219	1,000	9,545
172614,9155	-0,476	0,220	0,219	1,000	9,566
172614,9314	-0,473	0,220	0,220	1,000	9,591
172614,9484	-0,469	0,220	0,220	1,000	9,640
172614,9644	-0,466	0,220	0,220	1,000	9,724
172614,9814	-0,462	0,220	0,221	1,000	9,720
172614,9973	-0,458	0,220	0,221	1,000	9,766
172615,0153	-0,455	0,220	0,221	1,000	9,798
172615,0312	-0,451	0,220	0,222	1,000	9,811
172615,0484	-0,447	0,220	0,222	1,000	9,910
172615,0644	-0,444	0,220	0,223	1,000	9,799
172615,0813	-0,440	0,220	0,223	1,000	9,854
172615,0985	-0,436	0,220	0,224	1,000	9,719
172615,1147	-0,433	0,220	0,224	1,000	9,717
172615,1317	-0,429	0,220	0,225	1,000	9,810
172615,1486	-0,426	0,220	0,225	1,000	9,838
172615,1656	-0,422	0,220	0,226	1,000	9,859
172615,1812	-0,418	0,220	0,226	1,000	9,772
172615,1981	-0,415	0,220	0,227	1,000	9,879
172615,2141	-0,411	0,220	0,227	1,000	9,808
172615,2311	-0,407	0,220	0,228	1,000	9,927
172615,2481	-0,403	0,220	0,228	1,000	9,889
172615,2660	-0,400	0,220	0,229	1,000	9,941
172615,2809	-0,396	0,220	0,229	1,000	9,974
172615,2983	-0,392	0,219	0,230	1,000	9,989
172615,3152	-0,388	0,219	0,230	1,000	10,009
172615,3312	-0,385	0,219	0,230	1,000	9,981
172615,3481	-0,381	0,219	0,231	1,000	10,049
172615,3671	-0,378	0,219	0,231	1,000	10,017
172615,3813	-0,374	0,219	0,231	1,000	10,145
172615,3983	-0,370	0,219	0,232	1,000	10,148
172615,4153	-0,367	0,219	0,232	1,000	10,093
172615,4323	-0,363	0,219	0,233	1,000	10,171
172615,4482	-0,360	0,219	0,233	1,000	10,138
172615,4643	-0,356	0,219	0,234	1,000	10,214
172615,4802	-0,352	0,219	0,234	1,000	10,079
172615,4959	-0,349	0,219	0,235	1,000	10,079
172615,5130	-0,345	0,219	0,235	1,000	10,094
172615,5299	-0,341	0,219	0,236	1,000	10,131
172615,5489	-0,337	0,219	0,236	1,000	10,101
172615,5648	-0,334	0,219	0,237	1,000	10,104
172615,5818	-0,330	0,219	0,237	1,000	10,211
172615,5988	-0,327	0,219	0,238	1,000	10,173
172615,6147	-0,323	0,219	0,238	1,000	10,176
172615,6317	-0,320	0,219	0,239	1,000	10,128
172615,6486	-0,316	0,219	0,239	1,000	10,118
172615,6653	-0,312	0,219	0,240	1,000	10,203
172615,6823	-0,308	0,219	0,240	1,000	10,277
172615,6983	-0,305	0,218	0,241	1,000	10,263
172615,7154	-0,301	0,219	0,241	1,000	10,260
172615,7320	-0,297	0,219	0,242	1,000	10,252
172615,7480	-0,293	0,218	0,242	1,000	10,236
172615,7649	-0,290	0,218	0,243	1,000	10,311
172615,7820	-0,286	0,218	0,243	1,000	10,267
172615,7979	-0,283	0,218	0,244	1,000	10,290
172615,8149	-0,279	0,218	0,244	1,000	10,322
172615,8312	-0,276	0,218	0,245	1,000	10,360
172615,8481	-0,272	0,218	0,245	1,000	10,260
172615,8650	-0,268	0,218	0,246	1,000	10,340
172615,8819	-0,265	0,218	0,247	1,000	10,343
172615,8979	-0,261	0,218	0,247	1,000	10,321
172615,9148	-0,257	0,218	0,248	1,000	10,397
172615,9318	-0,254	0,218	0,248	1,000	80,935
172615,9478	-0,250	0,218	0,249	1,000	10,353
172615,9647	-0,246	0,218	0,249	1,000	10,373
172615,9817	-0,243	0,218	0,249	1,000	10,411
172615,9986	-0,239	0,218	0,250	1,000	10,472
172616,0156	-0,236	0,218	0,250	1,000	10,444
172616,0315	-0,232	0,218	0,251	1,000	10,511
172616,0485	-0,229	0,218	0,251	1,000	10,524
172616,0654	-0,225	0,218	0,252	1,000	10,522
172616,0844	-0,222	0,218	0,252	1,000	80,803
172616,0983	-0,218	0,218	0,253	1,000	10,548
172616,1153	-0,214	0,218	0,253	1,000	10,695
172616,1312	-0,210	0,218	0,254	1,000	80,792
172616,1482	-0,207	0,218	0,255	1,000	10,607
172616,1652	-0,203	0,218	0,255	1,000	10,630
172616,1871	-0,200	0,218	0,256	1,000	10,616
172616,2011	-0,196	0,218	0,256	1,000	10,588
172616,2150	-0,193	0,218	0,257	1,000	80,748
172616,2310	-0,189	0,218	0,257	1,000	10,636
172616,2489	-0,185	0,218	0,258	1,000	10,700
172616,2649	-0,182	0,218	0,258	1,000	80,620
172616,2818	-0,178	0,218	0,258	1,000	10,776
172616,2978	-0,175	0,218	0,259	1,000	10,783
172616,3148	-0,171	0,218	0,259	1,000	10,832
172616,3307	-0,167	0,218	0,260	1,000	10,899
172616,3467	-0,163	0,218	0,260	1,000	10,883
172616,3636	-0,160	0,218	0,261	1,000	80,515
172616,3816	-0,156	0,218	0,262	1,000	80,556
172616,3985	-0,152	0,218	0,262	1,000	10,781
172616,4155	-0,149	0,218	0,263	1,000	10,774
172616,4314	-0,145	0,218	0,263	1,000	80,512
172616,4484	-0,141	0,217	0,264	1,000	10,836
172616,4644	-0,138	0,218	0,264	1,000	80,544
172616,4803	-0,134	0,218	0,265	1,000	80,529
172616,4963	-0,131	0,218	0,265	1,000	10,886
172616,5122	-0,127	0,217	0,266	1,000	10,915
172616,5312	-0,123	0,217	0,266	1,000	80,448
172616,5471	-0,119	0,217	0,267	1,000	10,947
172616,5641	-0,116	0,217	0,268	1,000	11,061
172616,5810	-0,112	0,217	0,268	1,000	11,002
172616,5980	-0,108	0,217	0,269	1,000	10,902
172616,6140	-0,104	0,217	0,269	1,000	10,965
172616,6309	-0,101	0,217	0,270	1,000	10,930
172616,6479	-0,097	0,217	0,271	1,000	10,985
172616,6648	-0,094	0,217	0,271	1,000	80,407
172616,6808	-0,090	0,217	0,272	1,000	10,958
172616,6977	-0,087	0,217	0,272	1,000	11,111
172616,7157	-0,083	0,217	0,273	1,000	80,254
172616,7316	-0,080	0,217	0,273	1,000	80,312
172616,7476	-0,076	0,217	0,274	1,000	80,275
172616,7645	-0,072	0,217	0,274	1,000	11,116
172616,7815	-0,069	0,217	0,275	1,000	11,079
172616,7975	-0,065	0,217	0,276	1,000	80,307
172616,8164	-0,061	0,217	0,276	1,000	10,990
172616,8314	-0,057	0,217	0,277	1,000	11,007
172616,8483	-0,054	0,217	0,277	1,000	11,032
172616,8643	-0,050	0,217	0,278	1,000	11,020
172616,8802	-0,047	0,217	0,278	1,000	11,063
172616,8972	-0,043	0,217	0,279	1,000	10,989
172616,9141	-0,040	0,217	0,280	1,000	80,339
172616,9311	-0,036	0,217	0,280	1,000	11,015
172616,9471	-0,033	0,217	0,281	1,000	10,990
172616,9640	-0,029	0,217	0,281	1,000	80,318
172616,9810	-0,025	0,217	0,282	1,000	80,242
172616,9979	-0,021	0,217	0,283	1,000	11,124
172617,0149	-0,018	0,217	0,283	1,000	11,023
172617,0308	-0,014	0,217	0,284	1,000	80,360
172617,0478	-0,010	0,217	0,284	1,000	11,046
172617,0637	-0,007	0,216	0,285	1,000	80,300
172617,0807	-0,003	0,216	0,286	1,000	80,315
172617,0977	0,001	0,216	0,286	1,000	11,139
172617,1146	0,004	0,216	0,286	1,000	11,174
172617,1316	0,008	0,216	0,287	1,000	11,190
172617,1475	0,011	0,216	0,288	1,000	80,182
172617,1655	0,015	0,216	0,288	1,000	11,217
172617,1804	0,018	0,216	0,289	1,000	11,300
172617,1974	0,022	0,216	0,289	1,000	11,353
172617,2143	0,026	0,216	0,290	1,000	79,968
172617,2303	0,029	0,216	0,290	1,000	80,052
172617,2473	0,033	0,216	0,291	1,000	11,275
172617,2642	0,037	0,216	0,291	1,000	11,282
172617,2812	0,041	0,216	0,291	1,000	11,359
172617,2981	0,044	0,216	0,292	1,000	11,391
172617,3141	0,047	0,216	0,292	1,000	11,426
172617,3310	0,051	0,216	0,293	1,000	11,446
172617,3470	0,054	0,216	0,293	1,000	79,942
172617,3639	0,058	0,216	0,294	1,000	11,425
172617,3809	0,062	0,216	0,294	1,000	11,443
172617,3979	0,065	0,216	0,295	1,000	79,763
172617,4158	0,069	0,216	0,295	1,000	11,570
172617,4308	0,073	0,216	0,296	1,000	11,633
172617,4477	0,076	0,216	0,297	1,000	11,593
172617,4657	0,080	0,216	0,297	1,000	79,811
172617,4846	0,084	0,216	0,298	1,000	79,770
172617,4956	0,087	0,216	0,298	1,000	11,609
172617,5125	0,091	0,215	0,299	1,000	11,651
172617,5315	0,095	0,215	0,300	1,000	11,562
172617,5475	0,098	0,215	0,300	1,000	11,674
172617,5654	0,102	0,215	0,300	1,000	11,694
172617,5814	0,105	0,215	0,301	1,000	11,747
172617,5983	0,109	0,215	0,301	1,000	79,559
172617,6153	0,112	0,215	0,302	1,000	11,753
172617,6312	0,116	0,215	0,302	1,000	11,879
172617,6482	0,120	0,215	0,303	1,000	11,874
172617,6651	0,124	0,215	0,303	1,000	11,752
172617,6811	0,127	0,215	0,304	1,000	11,780
172617,6981	0,131	0,215	0,304	1,000	11,759
172617,7150	0,135	0,215	0,305	1,000	11,761
172617,7320	0,138	0,215	0,305	1,000	11,765
172617,7479	0,142	0,215	0,306	1,000	11,846
172617,7649	0,145	0,215	0,306	1,000	79,487
172617,7818	0,149	0,215	0,307	1,000	79,436
172617,7988	0,152	0,215	0,308	1,000	79,461
172617,8147	0,156	0,215	0,308	1,000	11,881
172617,8317	0,160	0,215	0,309	1,000	11,943
172617,8487	0,163	0,215	0,309	1,000	12,033
172617,8656	0,167	0,215	0,310	1,000	11,985
172617,8816	0,171	0,215	0,310	1,000	12,093
172617,8985	0,175	0,215	0,311	1,000	12,132
172617,9145	0,178	0,215	0,312	1,000	12,075
172617,9314	0,182	0,215	0,312	1,000	12,011
172617,9484	0,185	0,215	0,312	1,000	79,103
172617,9643	0,189	0,215	0,313	1,000	12,161
172617,9813	0,192	0,215	0,313	1,000	12,167
172617,9983	0,196	0,215	0,314	1,000	12,194
172618,0152	0,199	0,215	0,314	1,000	12,167
172618,0302	0,203	0,215	0,315	1,000	12,167
172618,0471	0,206	0,215	0,316	1,000	78,965
172618,0651	0,210	0,215	0,316	1,000	12,353
172618,0820	0,214	0,215	0,317	1,000	12,344
172618,0990	0,218	0,214	0,317	1,000	12,332
172618,1149	0,221	0,214	0,318	1,000	12,189
172618,1319	0,225	0,214	0,319	1,000	12,215
172618,1479	0,229	0,214	0,319	1,000	79,002
172618,1648	0,232	0,214	0,320	1,000	79,003
172618,1818	0,236	0,214	0,320	1,000	12,269
172618,1987	0,239	0,214	0,321	1,000	12,363
172618,2147	0,243	0,214	0,322	1,000	12,334
172618,2336	0,247	0,214	0,322	1,000	12,363
172618,2486	0,250	0,214	0,323	1,000	12,368
172618,2645	0,254	0,214	0,324	1,000	12,355
172618,2805	0,258	0,214	0,325	1,000	12,447
172618,2975	0,262	0,214	0,325	1,000	12,478
172618,3154	0,265	0,214	0,326	1,000	12,460
172618,3314	0,269	0,214	0,326	1,000	12,443
172618,3483	0,272	0,214	0,327	1,000	12,562
172618,3653	0,276	0,214	0,327	1,000	12,572
172618,3822	0,279	0,214	0,328	1,000	12,574
172618,3982	0,283	0,214	0,328	1,000	12,584
172618,4151	0,286	0,214	0,329	1,000	12,604
172618,4311	0,290	0,214	0,329	1,000	12,586
172618,4480	0,293	0,214	0,330	1,000	12,584
172618,4650	0,297	0,214	0,331	1,000	12,657
172618,4820	0,301	0,214	0,332	1,000	12,633
172618,4979	0,304	0,214	0,333	1,000	12,637
172618,5135	0,308	0,214	0,334	1,000	12,725
172618,5295	0,312	0,214	0,335	1,000	12,626
172618,5465	0,315	0,214	0,335	1,000	12,617
172618,5630	0,319	0,214	0,336	1,000	12,636
172618,5810	0,323	0,213	0,337	1,000	12,650
172618,5982	0,327	0,213	0,338	1,000	12,609
172618,6141	0,330	0,213	0,338	1,000	12,658
172618,6314	0,334	0,213	0,339	1,000	12,619
172618,6486	0,337	0,214	0,340	1,000	12,562
172618,6653	0,341	0,213	0,341	1,000	12,584
172618,6813	0,344	0,213	0,341	1,000	12,635
172618,6983	0,348	0,213	0,342	1,000	12,672
172618,7155	0,352	0,213	0,343	1,000	12,688
172618,7315	0,355	0,213	0,344	1,000	12,745
172618,7522	0,359	0,213	0,345	1,000	12,667
172618,7672	0,362	0,213	0,345	1,000	12,550
172618,7812	0,366	0,213	0,346	1,000	12,711
172618,7985	0,369	0,213	0,347	1,000	12,775
172618,8154	0,373	0,213	0,347	1,000	12,730
172618,8314	0,377	0,213	0,348	1,000	12,796
172618,8489	0,380	0,213	0,348	1,000	12,833
172618,8659	0,384	0,213	0,349	1,000	12,793
172618,8817	0,387	0,213	0,349	1,000	12,861
172618,8989	0,391	0,213	0,350	1,000	12,995
172618,9148	0,395	0,213	0,351	1,000	12,986
172618,9310	0,398	0,213	0,351	1,000	12,987
172618,9510	0,402	0,213	0,352	1,000	12,913
172618,9649	0,406	0,213	0,353	1,000	12,828
172618,9809	0,409	0,213	0,354	1,000	12,742
172618,9988	0,413	0,213	0,354	1,000	12,765
172619,0148	0,416	0,213	0,355	1,000	12,791
172619,0318	0,420	0,213	0,356	1,000	12,773
172619,0487	0,423	0,213	0,357	1,000	12,803
172619,0647	0,427	0,213	0,357	1,000	12,839
172619,0817	0,430	0,213	0,358	1,000	12,787
172619,0987	0,434	0,213	0,359	1,000	12,760
172619,1156	0,437	0,213	0,360	1,000	12,785
172619,1316	0,441	0,213	0,361	1,000	12,839
172619,1486	0,445	0,213	0,362	1,000	12,907
172619,1655	0,448	0,213	0,363	1,000	12,869
172619,1815	0,452	0,213	0,363	1,000	12,826
172619,1988	0,456	0,213	0,364	1,000	12,856
172619,2148	0,460	0,213	0,364	1,000	12,866
172619,2318	0,463	0,213	0,365	1,000	12,827
172619,2477	0,467	0,213	0,366	1,000	12,856
172619,2647	0,470	0,213	0,366	1,000	12,904
172619,2817	0,474	0,213	0,367	1,000	12,898
172619,2988	0,477	0,213	0,367	1,000	12,949
172619,3148	0,481	0,213	0,368	1,000	12,904
172619,3312	0,484	0,213	0,369	1,000	12,898
172619,3482	0,488	0,213	0,370	1,000	12,957
172619,3652	0,492	0,213	0,370	1,000	12,906
172619,3831	0,495	0,213	0,371	1,000	12,767
172619,3991	0,499	0,213	0,372	1,000	12,795
172619,4151	0,502	0,213	0,373	1,000	12,748
172619,4311	0,506	0,213	0,374	1,000	12,798
172619,4481	0,509	0,213	0,374	1,000	12,850
172619,4649	0,513	0,213	0,375	1,000	12,849
172619,4799	0,517	0,213	0,376	1,000	12,790
172619,4966	0,520	0,213	0,377	1,000	12,747
172619,5136	0,524	0,213	0,377	1,000	12,911
172619,5331	0,528	0,213	0,378	1,000	12,788
172619,5480	0,531	0,213	0,379	1,000	12,838
172619,5660	0,535	0,213	0,379	1,000	12,860
172619,5820	0,538	0,213	0,380	1,000	12,880
172619,5979	0,542	0,213	0,381	1,000	12,901
172619,6149	0,546	0,213	0,381	1,000	12,853
172619,6319	0,550	0,213	0,382	1,000	12,829
172619,6478	0,553	0,213	0,383	1,000	12,876
172619,6678	0,557	0,213	0,383	1,000	12,917
172619,6817	0,560	0,213	0,384	1,000	12,943
172619,6977	0,564	0,213	0,385	1,000	12,929
172619,7157	0,567	0,213	0,385	1,000	12,956
172619,7316	0,571	0,213	0,386	1,000	12,953
172619,7476	0,574	0,213	0,387	1,000	12,914
172619,7656	0,578	0,213	0,388	1,000	12,834
172619,7816	0,581	0,213	0,389	1,000	12,959
172619,7986	0,585	0,213	0,390	1,000	13,005
172619,8145	0,588	0,213	0,391	1,000	13,002
172619,8315	0,592	0,213	0,392	1,000	12,938
172619,8484	0,596	0,213	0,393	1,000	12,730
172619,8654	0,600	0,213	0,393	1,000	12,811
172619,8823	0,603	0,213	0,394	1,000	12,782
172619,8983	0,607	0,213	0,395	1,000	12,859
172619,9155	0,610	0,213	0,396	1,000	12,862
172619,9316	0,614	0,213	0,396	1,000	12,817
172619,9497	0,617	0,213	0,397	1,000	12,920
172619,9646	0,621	0,213	0,398	1,000	12,909
172619,9817	0,624	0,213	0,398	1,000	12,918
172619,9977	0,628	0,213	0,399	1,000	13,040
172620,0206	0,632	0,213	0,399	1,000	13,018
172620,0435	0,636	0,213	0,400	1,000	13,050
172620,0555	0,639	0,213	0,400	1,000	13,020
172620,0683	0,643	0,213	0,401	1,000	13,026
172620,0813	0,646	0,213	0,402	1,000	13,082
172620,0985	0,650	0,212	0,402	1,000	13,131
172620,1134	0,653	0,212	0,403	1,000	13,070
172620,1304	0,657	0,212	0,404	1,000	13,200
172620,1474	0,661	0,212	0,404	1,000	13,149
172620,1653	0,664	0,212	0,405	1,000	13,227
172620,1813	0,668	0,212	0,406	1,000	13,220
172620,1983	0,671	0,212	0,406	1,000	13,172
172620,2152	0,675	0,212	0,407	1,000	13,277
172620,2322	0,679	0,212	0,408	1,000	13,288
172620,2482	0,682	0,212	0,408	1,000	13,199
172620,2652	0,686	0,212	0,409	1,000	13,156
172620,2829	0,690	0,212	0,410	1,000	13,137
172620,2988	0,693	0,212	0,411	1,000	13,130
172620,3148	0,697	0,212	0,411	1,000	13,191
172620,3313	0,700	0,212	0,412	1,000	13,216
172620,3483	0,704	0,212	0,413	1,000	13,164
172620,3650	0,707	0,212	0,413	1,000	13,154
172620,3840	0,711	0,212	0,414	1,000	13,154
172620,3982	0,715	0,212	0,415	1,000	13,190
172620,4152	0,718	0,212	0,416	1,000	13,247
172620,4312	0,722	0,212	0,416	1,000	13,334
172620,4482	0,726	0,212	0,417	1,000	13,322
172620,4652	0,729	0,212	0,418	1,000	13,354
172620,4811	0,733	0,212	0,418	1,000	13,300
172620,4961	0,737	0,212	0,419	1,000	13,385
172620,5130	0,740	0,212	0,420	1,000	13,361
172620,5300	0,744	0,212	0,420	1,000	13,403
172620,5470	0,747	0,212	0,421	1,000	13,420
172620,5649	0,751	0,212	0,421	1,000	13,434
172620,5822	0,754	0,212	0,422	1,000	13,446
172620,5981	0,758	0,212	0,423	1,000	13,448
172620,6151	0,762	0,212	0,423	1,000	13,528
172620,6321	0,765	0,212	0,424	1,000	13,498
172620,6480	0,769	0,211	0,425	1,000	13,575
172620,6687	0,772	0,212	0,425	1,000	13,536
172620,6826	0,776	0,211	0,426	1,000	13,511
172620,7066	0,780	0,212	0,427	1,000	13,488
172620,7168	0,784	0,211	0,427	1,000	13,529
172620,7337	0,787	0,211	0,428	1,000	13,546
172620,7487	0,791	0,211	0,429	1,000	13,594
172620,7646	0,794	0,211	0,430	1,000	13,544
172620,7816	0,798	0,211	0,430	1,000	13,546
172620,7986	0,801	0,211	0,431	1,000	13,633
172620,8224	0,805	0,211	0,431	1,000	13,644
172620,8334	0,809	0,211	0,432	1,000	13,595
172620,8483	0,812	0,211	0,433	1,000	13,676
172620,8663	0,816	0,211	0,434	1,000	13,672
172620,8813	0,820	0,211	0,435	1,000	13,670
172620,8982	0,823	0,211	0,435	1,000	13,776
172620,9152	0,827	0,211	0,436	1,000	13,674
172620,9311	0,831	0,211	0,437	1,000	13,700
172620,9482	0,834	0,211	0,437	1,000	13,719
172620,9648	0,838	0,211	0,438	1,000	13,768
172620,9818	0,841	0,211	0,438	1,000	13,781
172620,9987	0,845	0,211	0,439	1,000	13,707
172621,0147	0,848	0,211	0,440	1,000	13,872
172621,0316	0,852	0,211	0,441	1,000	13,866
172621,0486	0,855	0,211	0,441	1,000	13,876
172621,0643	0,859	0,211	0,442	1,000	13,854
172621,0813	0,862	0,211	0,443	1,000	13,931
172621,0983	0,866	0,211	0,444	1,000	13,942
172621,1163	0,870	0,210	0,445	1,000	13,893
172621,1303	0,874	0,210	0,445	1,000	77,440
172621,1473	0,878	0,210	0,446	1,000	13,933
172621,1652	0,881	0,210	0,447	1,000	13,958
172621,1802	0,885	0,210	0,447	1,000	14,038
172621,1971	0,888	0,210	0,448	1,000	13,980
172621,2141	0,892	0,210	0,449	1,000	13,989
172621,2300	0,895	0,210	0,449	1,000	13,958
172621,2490	0,899	0,210	0,450	1,000	14,026
172621,2630	0,902	0,210	0,451	1,000	14,055
172621,2819	0,906	0,210	0,451	1,000	14,079
172621,2979	0,910	0,210	0,452	1,000	14,149
172621,3159	0,913	0,210	0,453	1,000	14,066
172621,3319	0,917	0,210	0,454	1,000	13,950
172621,3487	0,921	0,210	0,455	1,000	14,046
172621,3656	0,924	0,210	0,456	1,000	14,098
172621,3816	0,927	0,210	0,456	1,000	14,035
172621,3986	0,931	0,210	0,457	1,000	14,141
172621,4146	0,934	0,210	0,458	1,000	77,139
172621,4318	0,938	0,210	0,458	1,000	14,133
172621,4477	0,942	0,210	0,459	1,000	14,189
172621,4647	0,945	0,210	0,460	1,000	14,191
172621,4816	0,949	0,210	0,460	1,000	14,242
172621,4992	0,953	0,210	0,461	1,000	14,328
172621,5130	0,956	0,210	0,462	1,000	14,391
172621,5300	0,960	0,210	0,462	1,000	14,361
172621,5469	0,964	0,210	0,463	1,000	14,264
172621,5629	0,968	0,210	0,464	1,000	14,224
172621,5819	0,971	0,210	0,465	1,000	14,192
172621,5978	0,975	0,210	0,465	1,000	14,260
172621,6148	0,978	0,210	0,466	1,000	14,285
172621,6317	0,981	0,210	0,467	1,000	14,316
172621,6488	0,985	0,210	0,468	1,000	14,336
172621,6658	0,988	0,210	0,468	1,000	14,346
172621,6817	0,992	0,209	0,469	1,000	14,366
172621,6977	0,996	0,210	0,470	1,000	14,356
172621,7156	0,999	0,209	0,471	1,000	14,395
172621,7316	1,003	0,209	0,471	1,000	14,445
172621,7480	1,007	0,209	0,472	1,000	14,492
172621,7660	1,010	0,209	0,473	1,000	14,509
172621,7819	1,014	0,209	0,474	1,000	14,502
172621,7989	1,018	0,209	0,474	1,000	14,512
172621,8149	1,021	0,209	0,475	1,000	14,570
172621,8330	1,025	0,209	0,476	1,000	14,535
172621,8480	1,028	0,209	0,476	1,000	14,495
172621,8659	1,032	0,209	0,477	1,000	14,544
172621,8834	1,035	0,209	0,478	1,000	14,564
172621,8984	1,037	0,209	0,478	0,000	14,583
172621,9154	1,042	0,209	0,479	1,000	14,536
172621,9313	1,046	0,209	0,480	1,000	14,545
172621,9533	1,048	0,209	0,480	0,000	14,675
172621,9701	1,053	0,209	0,481	1,000	14,662
172621,9821	1,057	0,209	0,482	1,000	14,612
172621,9980	1,061	0,209	0,483	1,000	14,569
172622,0148	1,064	0,209	0,483	1,000	76,579
172622,0317	1,068	0,209	0,484	1,000	14,738
172622,0482	1,071	0,209	0,485	1,000	14,697
172622,0651	1,075	0,209	0,486	1,000	14,657
172622,0821	1,078	0,209	0,486	1,000	14,692
172622,0991	1,082	0,209	0,487	1,000	14,768
172622,1155	1,085	0,209	0,488	1,000	14,792
172622,1318	1,089	0,209	0,488	1,000	14,753
172622,1478	1,093	0,209	0,489	1,000	14,798
172622,1648	1,096	0,209	0,490	1,000	14,796
172622,1827	1,100	0,209	0,491	1,000	14,796
172622,1977	1,104	0,209	0,492	1,000	14,822
172622,2147	1,107	0,209	0,493	1,000	14,761
172622,2317	1,111	0,209	0,494	1,000	14,856
172622,2487	1,114	0,209	0,494	1,000	14,877
172622,2646	1,118	0,209	0,495	1,000	14,976
172622,2824	1,121	0,208	0,496	1,000	14,939
172622,2984	1,125	0,208	0,496	1,000	15,031
172622,3154	1,128	0,208	0,497	1,000	14,944
172622,3313	1,132	0,208	0,498	1,000	15,014
172622,3483	1,135	0,208	0,499	1,000	15,001
172622,3642	1,139	0,208	0,500	1,000	14,966
172622,3812	1,143	0,208	0,500	1,000	14,998
172622,3981	1,146	0,208	0,501	1,000	15,121
172622,4151	1,150	0,208	0,502	1,000	15,038
172622,4331	1,154	0,208	0,502	1,000	15,059
172622,4490	1,157	0,208	0,503	1,000	15,132
172622,4650	1,161	0,208	0,504	1,000	15,233
172622,4799	1,164	0,208	0,505	1,000	15,206
172622,4969	1,168	0,208	0,505	1,000	15,237
172622,5138	1,171	0,208	0,506	1,000	15,237
172622,5318	1,175	0,208	0,507	1,000	15,258
172622,5487	1,178	0,208	0,508	1,000	15,230
172622,5647	1,182	0,208	0,508	1,000	15,281
172622,5817	1,185	0,208	0,509	1,000	15,303
172622,5996	1,189	0,208	0,510	1,000	15,350
172622,6146	1,193	0,208	0,511	1,000	15,354
172622,6315	1,196	0,208	0,512	1,000	15,374
172622,6485	1,200	0,208	0,512	1,000	15,297
172622,6644	1,203	0,208	0,513	1,000	15,304
172622,6814	1,207	0,208	0,514	1,000	15,362
172622,6973	1,210	0,208	0,515	1,000	15,404
172622,7143	1,214	0,208	0,515	1,000	15,476
172622,7313	1,217	0,208	0,516	1,000	15,455
172622,7482	1,221	0,208	0,517	1,000	15,536
172622,7642	1,224	0,208	0,518	1,000	15,514
172622,7811	1,228	0,208	0,518	1,000	15,495
172622,7981	1,231	0,208	0,519	1,000	75,730
172622,8150	1,235	0,208	0,520	1,000	15,611
172622,8320	1,239	0,208	0,521	1,000	15,583
172622,8479	1,243	0,208	0,521	1,000	15,572
172622,8649	1,246	0,208	0,522	1,000	15,613
172622,8819	1,250	0,208	0,523	1,000	15,605
172622,8968	1,253	0,208	0,524	1,000	75,655
172622,9138	1,257	0,208	0,524	1,000	75,624
172622,9317	1,260	0,208	0,525	1,000	15,608
172622,9477	1,263	0,208	0,526	1,000	75,621
172622,9646	1,267	0,208	0,527	1,000	15,542
172622,9816	1,271	0,208	0,528	1,000	15,687
172622,9975	1,274	0,207	0,529	1,000	15,689
172623,0155	1,278	0,207	0,529	1,000	15,670
172623,0315	1,282	0,207	0,530	1,000	15,769
172623,0474	1,285	0,207	0,531	1,000	15,803
172623,0644	1,289	0,207	0,532	1,000	15,841
172623,0813	1,293	0,207	0,533	1,000	15,838
172623,0983	1,296	0,207	0,533	1,000	15,874
172623,1152	1,300	0,207	0,534	1,000	15,831
172623,1322	1,303	0,207	0,535	1,000	15,866
172623,1491	1,306	0,207	0,536	1,000	15,935
172623,1641	1,310	0,207	0,536	1,000	15,909
172623,1811	1,313	0,207	0,537	1,000	75,332
172623,1980	1,317	0,207	0,538	1,000	75,302
172623,2190	1,321	0,207	0,539	1,000	15,954
172623,2439	1,324	0,207	0,540	1,000	75,232
172623,2539	1,328	0,207	0,540	1,000	15,965
172623,2658	1,331	0,207	0,541	1,000	15,930
172623,2818	1,335	0,207	0,542	1,000	15,945
172623,2977	1,339	0,207	0,543	1,000	15,936
172623,3147	1,342	0,207	0,544	1,000	75,256
172623,3307	1,346	0,207	0,545	1,000	16,014
172623,3486	1,349	0,207	0,546	1,000	16,044
172623,3646	1,353	0,207	0,546	1,000	16,027
172623,3815	1,356	0,207	0,547	1,000	16,039
172623,3985	1,360	0,207	0,548	1,000	16,073
172623,4154	1,363	0,207	0,549	1,000	16,113
172623,4314	1,367	0,207	0,550	1,000	16,080
172623,4493	1,370	0,207	0,551	1,000	16,137
172623,4653	1,374	0,207	0,552	1,000	16,111
172623,4813	1,378	0,207	0,553	1,000	16,198
172623,4962	1,381	0,207	0,554	1,000	16,176
172623,5142	1,385	0,207	0,554	1,000	16,209
172623,5291	1,388	0,207	0,555	1,000	16,187
172623,5461	1,392	0,207	0,556	1,000	75,003
172623,5640	1,395	0,207	0,557	1,000	16,241
172623,5810	1,399	0,207	0,558	1,000	16,243
172623,5979	1,402	0,207	0,558	1,000	74,980
172623,6149	1,406	0,207	0,559	1,000	16,239
172623,6319	1,409	0,207	0,560	1,000	16,250
172623,6478	1,413	0,207	0,561	1,000	16,366
172623,6638	1,416	0,207	0,562	1,000	16,379
172623,6807	1,420	0,207	0,563	1,000	16,393
172623,6977	1,424	0,207	0,564	1,000	74,787
172623,7146	1,428	0,207	0,565	1,000	16,290
172623,7306	1,431	0,207	0,565	1,000	16,359
172623,7475	1,435	0,207	0,566	1,000	74,938
172623,7645	1,438	0,207	0,567	1,000	16,447
172623,7805	1,442	0,207	0,568	1,000	16,349
172623,7974	1,445	0,207	0,569	1,000	16,376
172623,8144	1,448	0,207	0,570	1,000	16,371
172623,8323	1,452	0,207	0,571	1,000	16,411
172623,8473	1,455	0,207	0,572	1,000	16,436
172623,8772	1,459	0,207	0,573	1,000	16,456
172623,8872	1,462	0,207	0,573	1,000	74,778
172623,8981	1,466	0,207	0,574	1,000	74,738
172623,9141	1,470	0,207	0,575	1,000	16,581
172623,9311	1,474	0,207	0,576	1,000	16,540
172623,9480	1,477	0,207	0,577	1,000	16,562
172623,9650	1,481	0,207	0,578	1,000	16,583
172623,9809	1,484	0,207	0,579	1,000	74,661
172623,9979	1,488	0,207	0,580	1,000	16,581
172624,0138	1,491	0,207	0,580	1,000	16,648
172624,0318	1,494	0,207	0,581	1,000	74,581
172624,0477	1,498	0,207	0,582	1,000	16,690
172624,0637	1,502	0,207	0,583	1,000	74,509
172624,0807	1,505	0,207	0,583	1,000	16,719
172624,0976	1,509	0,207	0,584	1,000	74,473
172624,1146	1,513	0,207	0,585	1,000	16,776
172624,1305	1,517	0,207	0,586	1,000	16,746
172624,1475	1,520	0,207	0,587	1,000	16,727
172624,1644	1,524	0,207	0,588	1,000	16,650
172624,1814	1,527	0,207	0,589	1,000	16,678
172624,1983	1,530	0,207	0,590	1,000	16,630
172624,2143	1,534	0,207	0,591	1,000	16,727
172624,2312	1,536	0,207	0,592	1,000	16,636
172624,2472	1,539	0,207	0,592	1,000	16,668
172624,2642	1,540	0,207	0,592	1,000	16,581
172624,2821	1,540	0,207	0,592	1,000	16,506
172624,2981	1,540	0,207	0,592	1,000	16,477
172624,3140	1,540	0,207	0,591	1,000	16,412
172624,3310	1,539	0,207	0,591	1,000	16,430
172624,3479	1,539	0,207	0,591	1,000	16,454
172624,3639	1,539	0,207	0,591	1,000	16,463
172624,3808	1,539	0,207	0,591	1,000	16,466
172624,3988	1,539	0,207	0,591	1,000	16,468
172624,4148	1,539	0,207	0,591	1,000	16,480
172624,4307	1,539	0,207	0,591	1,000	16,475
172624,4477	1,539	0,207	0,591	1,000	16,469
172624,4636	1,539	0,207	0,591	1,000	16,482
172624,4806	1,539	0,207	0,591	1,000	16,473
172624,4995	1,539	0,207	0,591	1,000	16,479
172624,5265	1,539	0,207	0,591	1,000	16,468
172624,5394	1,539	0,207	0,591	1,000	16,488
172624,5494	1,539	0,207	0,591	1,000	16,486
172624,5634	1,539	0,207	0,591	1,000	16,462
172624,5833	1,539	0,207	0,591	1,000	16,488
172624,5993	1,539	0,207	0,591	1,000	16,467
172624,6142	1,539	0,207	0,591	1,000	16,488
172624,6312	1,539	0,207	0,591	1,000	16,484
172624,6471	1,539	0,207	0,591	1,000	16,464
172624,6631	1,539	0,207	0,591	1,000	16,483
172624,6800	1,539	0,207	0,591	1,000	16,504
172624,6970	1,539	0,207	0,591	1,000	16,487
172624,7140	1,539	0,207	0,591	1,000	16,474
172624,7299	1,539	0,207	0,591	1,000	16,488
172624,7469	1,539	0,207	0,591	1,000	16,472
172624,7638	1,539	0,207	0,591	1,000	16,474
172624,7808	1,539	0,207	0,591	1,000	16,480
172624,7967	1,539	0,207	0,591	1,000	16,467
172624,8137	1,539	0,207	0,591	1,000	16,463
172624,8306	1,539	0,207	0,591	1,000	16,470
172624,8476	1,539	0,207	0,591	1,000	16,485
172624,8646	1,539	0,207	0,591	1,000	16,499
172624,8805	1,539	0,207	0,591	1,000	16,479
172624,8975	1,539	0,207	0,591	1,000	16,467
172624,9134	1,539	0,207	0,591	1,000	16,493
172624,9304	1,539	0,207	0,591	1,000	16,476
172624,9473	1,539	0,207	0,591	1,000	16,464
172624,9632	1,539	0,207	0,591	1,000	16,488
172624,9802	1,539	0,207	0,591	1,000	16,466
172624,9975	1,539	0,207	0,591	1,000	16,474
172625,0135	1,539	0,207	0,591	1,000	16,487
172625,0307	1,539	0,207	0,591	1,000	16,495
172625,0476	1,539	0,207	0,591	1,000	16,466
172625,0636	1,539	0,207	0,591	1,000	16,464
172625,0806	1,539	0,207	0,591	1,000	16,478
172625,0975	1,539	0,207	0,591	1,000	16,493
172625,1135	1,539	0,207	0,591	1,000	16,488
172625,1305	1,539	0,207	0,591	1,000	16,472
172625,1470	1,539	0,207	0,591	1,000	16,477
172625,1649	1,539	0,207	0,591	1,000	16,492
172625,1799	1,539	0,207	0,591	1,000	16,477
172625,1970	1,539	0,207	0,591	1,000	16,485
172625,2139	1,539	0,207	0,591	1,000	16,488
172625,2300	1,539	0,207	0,591	1,000	16,467
172625,2470	1,539	0,207	0,591	1,000	16,490
172625,2639	1,539	0,207	0,591	1,000	16,475
172625,2809	1,539	0,207	0,591	1,000	16,478
172625,2997	1,539	0,207	0,591	1,000	16,496
172625,3147	1,539	0,207	0,591	1,000	16,495
172625,3306	1,539	0,207	0,591	1,000	16,489
172625,3466	1,539	0,207	0,591	1,000	16,475
172625,3636	1,539	0,207	0,591	1,000	16,478
172625,3805	1,539	0,207	0,591	1,000	16,473
172625,3977	1,539	0,207	0,591	1,000	16,469
172625,4136	1,539	0,207	0,591	1,000	16,472
172625,4306	1,539	0,207	0,591	1,000	16,472
172625,4476	1,539	0,207	0,591	1,000	16,496
172625,4642	1,539	0,207	0,591	1,000	16,489
172625,4793	1,539	0,207	0,591	1,000	16,491
172625,4953	1,539	0,207	0,591	1,000	16,466
172625,5132	1,539	0,207	0,591	1,000	16,475
172625,5322	1,539	0,207	0,591	1,000	16,470
172625,5471	1,539	0,207	0,591	1,000	16,473
172625,5641	1,539	0,207	0,591	1,000	16,500
172625,5801	1,539	0,207	0,591	1,000	16,465
172625,5971	1,539	0,207	0,591	1,000	16,469
172625,6141	1,539	0,207	0,591	1,000	16,474
172625,6311	1,539	0,207	0,591	1,000	16,490
172625,6471	1,539	0,207	0,591	1,000	16,480
172625,6660	1,539	0,207	0,591	1,000	16,481
172625,6810	1,539	0,207	0,591	1,000	16,480
172625,6970	1,539	0,207	0,591	1,000	16,486
172625,7135	1,539	0,207	0,591	1,000	16,489
172625,7306	1,539	0,207	0,591	1,000	16,502
172625,7475	1,539	0,207	0,591	1,000	16,472
172625,7636	1,539	0,207	0,591	1,000	16,457
172625,7875	1,539	0,207	0,591	1,000	16,472
172625,7995	1,539	0,207	0,591	1,000	16,519
172625,8145	1,539	0,207	0,591	1,000	16,510
172625,8314	1,539	0,207	0,591	1,000	16,464
172625,8477	1,539	0,207	0,591	1,000	16,510
172625,8657	1,539	0,207	0,591	1,000	16,500
172625,8806	1,539	0,207	0,591	1,000	16,474
172625,8966	1,539	0,207	0,591	1,000	16,488
172625,9145	1,539	0,207	0,591	1,000	16,498
172625,9315	1,539	0,207	0,591	1,000	16,489
172625,9475	1,539	0,207	0,591	1,000	16,504
172625,9645	1,539	0,207	0,591	1,000	16,493
172625,9810	1,539	0,207	0,591	1,000	16,494
172625,9970	1,539	0,207	0,591	1,000	16,495
172626,0169	1,539	0,207	0,591	1,000	16,492
172626,0315	1,539	0,207	0,591	1,000	16,458
172626,0474	1,539	0,207	0,591	1,000	16,494
172626,0644	1,539	0,207	0,591	1,000	16,495
172626,0813	1,539	0,207	0,591	1,000	16,483
172626,0973	1,539	0,207	0,591	1,000	16,471
172626,1142	1,539	0,207	0,591	1,000	16,495
172626,1302	1,539	0,207	0,591	1,000	16,474
172626,1472	1,539	0,207	0,591	1,000	16,501
172626,1641	1,539	0,207	0,591	1,000	16,486
172626,1811	1,539	0,207	0,591	1,000	16,491
172626,1980	1,539	0,207	0,591	1,000	16,489
172626,2140	1,539	0,207	0,591	1,000	16,464
172626,2299	1,539	0,207	0,591	1,000	16,490
172626,2469	1,539	0,207	0,591	1,000	16,470
172626,2638	1,539	0,207	0,591	1,000	16,489
172626,2818	1,539	0,207	0,591	1,000	16,464
172626,2967	1,539	0,207	0,591	1,000	16,472
172626,3137	1,539	0,207	0,591	1,000	16,488
172626,3307	1,539	0,207	0,591	1,000	16,469
172626,3466	1,539	0,207	0,591	1,000	16,473
172626,3646	1,539	0,207	0,591	1,000	16,474
172626,3815	1,539	0,207	0,591	1,000	16,478
172626,3975	1,539	0,207	0,591	1,000	16,466
172626,4134	1,539	0,207	0,591	1,000	16,472
172626,4334	1,539	0,207	0,591	1,000	16,469
172626,4553	1,539	0,207	0,591	1,000	16,493
172626,4793	1,539	0,207	0,591	1,000	16,469
172626,5042	1,539	0,207	0,591	1,000	16,494
172626,5301	1,539	0,207	0,591	1,000	16,497
172626,5561	1,539	0,207	0,591	1,000	16,478
172626,5810	1,539	0,207	0,591	1,000	16,472
172626,6059	1,539	0,207	0,591	1,000	16,491
172626,6309	1,539	0,207	0,591	1,000	16,485
172626,6558	1,539	0,207	0,591	1,000	16,487
172626,6817	1,539	0,207	0,591	1,000	16,478
172626,7057	1,539	0,207	0,591	1,000	16,493
172626,7336	1,539	0,207	0,591	1,000	16,497
172626,7555	1,539	0,207	0,591	1,000	16,467
172626,7815	1,539	0,207	0,591	1,000	16,474
172626,8064	1,539	0,207	0,591	1,000	16,464
172626,8313	1,539	0,207	0,591	1,000	16,489
172626,8553	1,539	0,207	0,591	1,000	16,484
172626,8812	1,539	0,207	0,591	1,000	16,495
172626,9061	1,539	0,207	0,591	1,000	16,510
172626,9311	1,539	0,207	0,591	1,000	16,470
172626,9550	1,539	0,207	0,591	1,000	16,480
172626,9799	1,539	0,207	0,591	1,000	16,491
172627,0049	1,539	0,207	0,591	1,000	16,509
172627,0298	1,539	0,207	0,591	1,000	16,497
172627,0597	1,539	0,207	0,591	1,000	16,497
172627,0797	1,539	0,207	0,591	1,000	16,484
172627,1046	1,539	0,207	0,591	1,000	16,475
172627,1315	1,539	0,207	0,591	1,000	16,485
172627,1555	1,539	0,207	0,591	1,000	16,489
172627,1814	1,539	0,207	0,591	1,000	16,476
172627,2063	1,539	0,207	0,591	1,000	16,473
172627,2312	1,539	0,207	0,591	1,000	16,505
172627,2562	1,539	0,207	0,591	1,000	16,509
172627,2811	1,539	0,207	0,591	1,000	16,471
172627,3061	1,539	0,207	0,591	1,000	16,489
172627,3310	1,539	0,207	0,591	1,000	16,469
172627,3559	1,539	0,207	0,591	1,000	16,501
172627,3799	1,539	0,207	0,591	1,000	16,486
172627,4058	1,539	0,207	0,591	1,000	16,498
172627,4307	1,539	0,207	0,591	1,000	16,499
172627,4556	1,539	0,207	0,591	1,000	16,471
172627,4806	1,539	0,207	0,591	1,000	16,481
172627,5045	1,539	0,207	0,591	1,000	16,465
172627,5295	1,539	0,207	0,591	1,000	16,493
172627,5564	1,539	0,207	0,591	1,000	16,465
172627,5803	1,539	0,207	0,591	1,000	16,487
172627,6062	1,539	0,207	0,591	1,000	16,490
172627,6312	1,539	0,207	0,591	1,000	16,491
172627,6561	1,539	0,207	0,591	1,000	16,490
172627,6810	1,539	0,207	0,591	1,000	16,472
172627,7269	1,539	0,207	0,591	1,000	16,478
172627,7439	1,539	0,207	0,591	1,000	16,491
172627,7608	1,539	0,207	0,591	1,000	16,473
172627,7808	1,539	0,207	0,591	1,000	16,491
172627,8057	1,539	0,207	0,591	1,000	16,489
172627,8306	1,539	0,207	0,591	1,000	16,482
172627,8556	1,539	0,207	0,591	1,000	16,475
172627,8815	1,539	0,207	0,591	1,000	16,472
172627,9044	1,539	0,207	0,591	1,000	16,475
172627,9304	1,539	0,207	0,591	1,000	16,494
172627,9553	1,539	0,207	0,591	1,000	16,483
172627,9802	1,539	0,207	0,591	1,000	16,479
172628,0052	1,539	0,207	0,591	1,000	16,493
172628,0311	1,539	0,207	0,591	1,000	16,496
172628,0560	1,539	0,207	0,591	1,000	16,492
172628,0820	1,539	0,207	0,591	1,000	16,492
172628,1059	1,539	0,207	0,591	1,000	16,499
172628,1308	1,539	0,207	0,591	1,000	16,477
172628,1558	1,539	0,207	0,591	1,000	16,484
172628,1817	1,539	0,207	0,591	1,000	16,482
172628,2056	1,539	0,207	0,591	1,000	16,485
172628,2316	1,539	0,207	0,591	1,000	16,501
172628,2565	1,539	0,207	0,591	1,000	16,498
172628,2814	1,539	0,207	0,591	1,000	16,491
172628,3054	1,539	0,207	0,591	1,000	16,472
172628,3313	1,539	0,207	0,591	1,000	16,508
172628,3719	1,539	0,207	0,591	1,000	16,476
172628,3868	1,539	0,207	0,591	1,000	16,493
172628,4058	1,539	0,207	0,591	1,000	16,487
172628,4317	1,539	0,207	0,591	1,000	16,484
172628,4556	1,539	0,207	0,591	1,000	16,468
172628,4796	1,539	0,207	0,591	1,000	16,495
172628,5035	1,539	0,207	0,591	1,000	16,465
172628,5305	1,539	0,207	0,591	1,000	16,492
172628,5554	1,539	0,207	0,591	1,000	16,481
172628,5804	1,539	0,207	0,591	1,000	16,470
172628,6053	1,539	0,207	0,591	1,000	16,474
172628,6306	1,539	0,207	0,591	1,000	16,476
172628,6555	1,539	0,207	0,591	1,000	16,512
172628,6805	1,539	0,207	0,591	1,000	16,485
172628,7054	1,539	0,207	0,591	1,000	16,487
172628,7303	1,539	0,207	0,591	1,000	16,480
172628,7553	1,539	0,207	0,591	1,000	16,490
172628,7812	1,539	0,207	0,591	1,000	16,494
172628,8052	1,539	0,207	0,591	1,000	16,510
172628,8302	1,539	0,207	0,591	1,000	16,468
172628,8551	1,539	0,207	0,591	1,000	16,503
172628,8801	1,539	0,207	0,591	1,000	16,469
172628,9050	1,539	0,207	0,591	1,000	16,482
172628,9310	1,539	0,207	0,591	1,000	16,500
172628,9549	1,539	0,207	0,591	1,000	16,492
172628,9809	1,539	0,207	0,591	1,000	16,500
172629,0058	1,539	0,207	0,591	1,000	16,489
172629,0307	1,539	0,207	0,591	1,000	16,498
172629,0557	1,539	0,207	0,591	1,000	16,486
172629,0817	1,539	0,207	0,591	1,000	16,470
172629,1056	1,539	0,207	0,591	1,000	16,494
172629,1305	1,539	0,207	0,591	1,000	16,495
172629,1554	1,539	0,207	0,591	1,000	16,479
172629,1804	1,539	0,207	0,591	1,000	16,473
172629,2057	1,539	0,207	0,591	1,000	16,492
172629,2306	1,539	0,207	0,591	1,000	16,496
172629,2566	1,539	0,207	0,591	1,000	16,489
172629,2816	1,539	0,207	0,591	1,000	16,496
172629,3055	1,539	0,207	0,591	1,000	16,484
172629,3313	1,539	0,207	0,591	1,000	16,475
172629,3553	1,539	0,207	0,591	1,000	16,486
172629,3805	1,539	0,207	0,591	1,000	16,489
172629,4064	1,539	0,207	0,591	1,000	16,467
172629,4309	1,539	0,207	0,591	1,000	16,493
172629,4560	1,539	0,207	0,591	1,000	16,470
172629,4810	1,539	0,207	0,591	1,000	16,487
172629,5039	1,539	0,207	0,591	1,000	16,495
172629,5291	1,539	0,207	0,591	1,000	16,501
172629,5558	1,539	0,207	0,591	1,000	16,488
172629,5807	1,539	0,207	0,591	1,000	16,472
172629,6062	1,539	0,207	0,591	1,000	16,489
172629,6311	1,539	0,207	0,591	1,000	16,476
172629,6560	1,539	0,207	0,591	1,000	16,488
172629,6810	1,539	0,207	0,591	1,000	16,469
172629,7059	1,539	0,207	0,591	1,000	16,473
172629,7309	1,539	0,207	0,591	1,000	16,466
172629,7558	1,539	0,207	0,591	1,000	16,492
172629,7798	1,539	0,207	0,591	1,000	16,486
172629,8057	1,539	0,207	0,591	1,000	16,472
172629,8296	1,539	0,207	0,591	1,000	16,474
172629,8556	1,539	0,207	0,591	1,000	16,485
172629,8809	1,539	0,207	0,591	1,000	16,493
172629,9079	1,539	0,207	0,591	1,000	16,472
172629,9308	1,539	0,207	0,591	1,000	16,476
172629,9553	1,539	0,207	0,591	1,000	16,488
172629,9813	1,539	0,207	0,591	1,000	16,499
172630,0062	1,539	0,207	0,591	1,000	16,495
172630,0311	1,539	0,207	0,591	1,000	16,494
172630,0554	1,539	0,207	0,591	1,000	16,488
172630,0813	1,539	0,207	0,591	1,000	16,492
172630,1053	1,539	0,207	0,591	1,000	16,492
172630,1312	1,539	0,207	0,591	1,000	16,491
172630,1551	1,539	0,207	0,591	1,000	16,474
172630,1821	1,539	0,207	0,591	1,000	16,465
172630,2061	1,539	0,207	0,591	1,000	16,491
172630,2306	1,539	0,207	0,591	1,000	16,480
172630,2605	1,539	0,207	0,591	1,000	16,477
172630,2895	1,539	0,207	0,591	1,000	16,484
172630,3054	1,539	0,207	0,591	1,000	16,493
172630,3314	1,539	0,207	0,591	1,000	16,502
172630,3563	1,539	0,207	0,591	1,000	16,489
172630,3812	1,539	0,207	0,591	1,000	16,468
172630,4052	1,539	0,207	0,591	1,000	16,493
172630,4311	1,539	0,207	0,591	1,000	16,491
172630,4560	1,539	0,207	0,591	1,000	16,472
172630,4800	1,539	0,207	0,591	1,000	16,479
172630,5039	1,539	0,207	0,591	1,000	16,508
172630,5308	1,539	0,207	0,591	1,000	16,507
172630,5558	1,539	0,207	0,591	1,000	16,487
172630,5807	1,539	0,207	0,591	1,000	16,469
172630,6056	1,539	0,207	0,591	1,000	16,484
172630,6306	1,539	0,207	0,591	1,000	16,470
172630,6565	1,539	0,207	0,591	1,000	16,512
172630,6814	1,539	0,207	0,591	1,000	16,491
172630,7054	1,539	0,207	0,591	1,000	16,479
172630,7313	1,539	0,207	0,591	1,000	16,479
172630,7562	1,539	0,207	0,591	1,000	16,468
172630,7812	1,539	0,207	0,591	1,000	16,482
172630,8051	1,539	0,207	0,591	1,000	16,483
172630,8310	1,539	0,207	0,591	1,000	16,494
172630,8560	1,539	0,207	0,591	1,000	16,475
172630,8809	1,539	0,207	0,591	1,000	16,494
172630,9108	1,539	0,207	0,591	1,000	16,486
172630,9317	1,539	0,207	0,591	1,000	16,471
172630,9557	1,539	0,207	0,591	1,000	16,484
172630,9806	1,539	0,207	0,591	1,000	16,490
172631,0056	1,539	0,207	0,591	1,000	16,478
172631,0305	1,539	0,207	0,591	1,000	16,494
172631,0554	1,539	0,207	0,591	1,000	16,494
172631,0814	1,539	0,207	0,591	1,000	16,470
172631,1053	1,539	0,207	0,591	1,000	16,471
172631,1302	1,539	0,207	0,591	1,000	16,495
172631,1552	1,539	0,207	0,591	1,000	16,489
172631,1811	1,539	0,207	0,591	1,000	16,504
172631,2060	1,539	0,207	0,591	1,000	16,500
172631,2309	1,539	0,207	0,591	1,000	16,472
172631,2559	1,539	0,207	0,591	1,000	16,496
172631,2808	1,539	0,207	0,591	1,000	16,488
172631,3057	1,539	0,207	0,591	1,000	16,483
172631,3307	1,539	0,207	0,591	1,000	16,477
172631,3556	1,539	0,207	0,591	1,000	16,499
172631,3816	1,539	0,207	0,591	1,000	16,485
172631,4065	1,539	0,207	0,591	1,000	16,474
172631,4314	1,539	0,207	0,591	1,000	16,474
172631,4553	1,539	0,207	0,591	1,000	16,468
172631,4793	1,539	0,207	0,591	1,000	16,491
172631,5042	1,539	0,207	0,591	1,000	16,491
172631,5292	1,539	0,207	0,591	1,000	16,495
172631,5541	1,539	0,207	0,591	1,000	16,479
172631,5800	1,539	0,207	0,591	1,000	16,486
172631,6059	1,539	0,207	0,591	1,000	16,471
172631,6309	1,539	0,207	0,591	1,000	16,489
172631,6558	1,539	0,207	0,591	1,000	16,492
172631,6807	1,539	0,207	0,591	1,000	16,470
172631,7067	1,539	0,207	0,591	1,000	16,475
172631,7306	1,539	0,207	0,591	1,000	16,500
172631,7555	1,539	0,207	0,591	1,000	16,488
172631,7815	1,539	0,207	0,591	1,000	16,488
172631,8054	1,539	0,207	0,591	1,000	16,500
172631,8313	1,539	0,207	0,591	1,000	16,498
172631,8553	1,539	0,207	0,591	1,000	16,472
172631,8812	1,539	0,207	0,591	1,000	16,497
172631,9051	1,539	0,207	0,591	1,000	16,476
172631,9321	1,539	0,207	0,591	1,000	16,495
172631,9560	1,539	0,207	0,591	1,000	16,498
172631,9809	1,539	0,207	0,591	1,000	16,499
172632,0059	1,539	0,207	0,591	1,000	16,497
172632,0298	1,539	0,207	0,591	1,000	16,482
172632,0587	1,539	0,207	0,591	1,000	16,480
172632,0807	1,539	0,207	0,591	1,000	16,500
172632,1056	1,539	0,207	0,591	1,000	16,468
172632,1315	1,539	0,207	0,591	1,000	16,482
172632,1555	1,539	0,207	0,591	1,000	16,505
172632,1844	1,539	0,207	0,591	1,000	16,497
172632,2053	1,539	0,207	0,591	1,000	16,480
172632,2313	1,539	0,207	0,591	1,000	16,479
172632,2552	1,539	0,207	0,591	1,000	16,511
172632,2811	1,539	0,207	0,591	1,000	16,494
172632,3061	1,539	0,207	0,591	1,000	16,470
172632,3310	1,539	0,207	0,591	1,000	16,495
172632,3559	1,539	0,207	0,591	1,000	16,497
172632,3799	1,539	0,207	0,591	1,000	16,468
172632,4058	1,539	0,207	0,591	1,000	16,472
172632,4307	1,539	0,207	0,591	1,000	16,483
172632,4557	1,539	0,207	0,591	1,000	16,484
172632,4806	1,539	0,207	0,591	1,000	16,489
172632,5055	1,539	0,207	0,591	1,000	16,491
172632,5295	1,539	0,207	0,591	1,000	16,482
172632,5544	1,539	0,207	0,591	1,000	16,495
172632,5803	1,539	0,207	0,591	1,000	16,497
172632,6053	1,539	0,207	0,591	1,000	16,504
172632,6306	1,539	0,207	0,591	1,000	16,503
172632,6558	1,539	0,207	0,591	1,000	16,499
172632,6808	1,539	0,207	0,591	1,000	16,472
172632,7057	1,539	0,207	0,591	1,000	16,495
172632,7306	1,539	0,207	0,591	1,000	16,499
172632,7556	1,539	0,207	0,591	1,000	16,497
172632,7805	1,539	0,207	0,591	1,000	16,470
172632,8054	1,539	0,207	0,591	1,000	16,480
172632,8394	1,539	0,207	0,591	1,000	16,489
172632,8553	1,539	0,207	0,591	1,000	16,467
172632,8803	1,539	0,207	0,591	1,000	16,498
172632,9057	1,539	0,207	0,591	1,000	16,496
172632,9297	1,539	0,207	0,591	1,000	16,494
172632,9556	1,539	0,207	0,591	1,000	16,477
172632,9803	1,539	0,207	0,591	1,000	16,500
172633,0045	1,539	0,207	0,591	1,000	16,476
172633,0294	1,539	0,207	0,591	1,000	16,464
172633,0544	1,539	0,207	0,591	1,000	16,482
172633,0823	1,539	0,207	0,591	1,000	16,472
172633,1053	1,539	0,207	0,591	1,000	16,501
172633,1313	1,539	0,207	0,591	1,000	16,485
172633,1556	1,539	0,207	0,591	1,000	16,470
172633,1815	1,539	0,207	0,591	1,000	16,491
172633,2059	1,539	0,207	0,591	1,000	16,481
172633,2309	1,539	0,207	0,591	1,000	16,497
172633,2558	1,539	0,207	0,591	1,000	16,502
172633,2809	1,539	0,207	0,591	1,000	16,505
172633,3059	1,539	0,207	0,591	1,000	16,467
172633,3299	1,539	0,207	0,591	1,000	16,504
172633,3559	1,539	0,207	0,591	1,000	16,471
172633,3808	1,539	0,207	0,591	1,000	16,500
172633,4048	1,539	0,207	0,591	1,000	16,473
172633,4307	1,539	0,207	0,591	1,000	16,497
172633,4673	1,539	0,207	0,591	1,000	16,471
172633,4833	1,539	0,207	0,591	1,000	16,489
172633,5042	1,539	0,207	0,591	1,000	16,494
172633,5305	1,539	0,207	0,591	1,000	16,481
172633,5556	1,539	0,207	0,591	1,000	16,493
172633,5810	1,539	0,207	0,591	1,000	16,496
172633,6060	1,539	0,207	0,591	1,000	16,483
172633,6309	1,539	0,207	0,591	1,000	16,497
172633,6549	1,539	0,207	0,591	1,000	16,488
172633,6806	1,539	0,207	0,591	1,000	16,475
172633,7057	1,539	0,207	0,591	1,000	16,473
172633,7308	1,539	0,207	0,591	1,000	16,486
172633,7559	1,539	0,207	0,591	1,000	16,491
172633,7807	1,539	0,207	0,591	1,000	16,475
172633,8051	1,539	0,207	0,591	1,000	16,492
172633,8313	1,539	0,207	0,591	1,000	16,476
172633,8565	1,539	0,207	0,591	1,000	16,485
172633,8810	1,539	0,207	0,591	1,000	16,471
