173035,0422	1,580	0,204	-0,276	1,000	-51,990
173035,0681	1,580	0,204	-0,276	1,000	-52,008
173035,0851	1,580	0,204	-0,276	1,000	-52,011
173035,1010	1,580	0,204	-0,276	1,000	-51,988
173035,1180	1,580	0,204	-0,276	1,000	-51,984
173035,1340	1,580	0,204	-0,276	1,000	-52,002
173035,1429	1,580	0,204	-0,276	1,000	-51,990
173035,1589	1,580	0,204	-0,276	1,000	-51,996
173035,1679	1,580	0,204	-0,276	1,000	-51,986
173035,1928	1,580	0,204	-0,276	1,000	-51,996
173035,2177	1,580	0,204	-0,276	1,000	-52,005
173035,2347	1,580	0,204	-0,276	1,000	-52,002
173035,2506	1,580	0,204	-0,276	1,000	-51,998
173035,2676	1,580	0,204	-0,276	1,000	-51,991
173035,2846	1,580	0,204	-0,276	1,000	-52,010
173035,2925	1,580	0,204	-0,276	1,000	-52,006
173035,3105	1,580	0,204	-0,276	1,000	-51,996
173035,3195	1,580	0,204	-0,276	1,000	-52,007
173035,3434	1,580	0,204	-0,276	1,000	-51,999
173035,3683	1,580	0,204	-0,276	1,000	-51,997
173035,3923	1,580	0,204	-0,276	1,000	-51,998
173035,4042	1,580	0,204	-0,276	1,000	-52,004
173035,4192	1,580	0,204	-0,276	1,000	-52,006
173035,4352	1,580	0,204	-0,276	1,000	-52,009
173035,4441	1,580	0,204	-0,276	1,000	-52,010
173035,4611	1,580	0,204	-0,276	1,000	-51,996
173035,4691	1,580	0,204	-0,276	1,000	-51,990
173035,4920	1,580	0,204	-0,276	1,000	-51,985
173035,5169	1,580	0,204	-0,276	1,000	-52,005
173035,5339	1,580	0,204	-0,276	1,000	-52,000
173035,5518	1,580	0,204	-0,276	1,000	-51,994
173035,5688	1,580	0,204	-0,276	1,000	-52,006
173035,5858	1,580	0,204	-0,276	1,000	-51,988
173035,5937	1,580	0,204	-0,276	1,000	-51,994
173035,6107	1,580	0,204	-0,276	1,000	-52,000
173035,6187	1,580	0,204	-0,276	1,000	-51,998
173035,6436	1,580	0,204	-0,276	1,000	-51,996
173035,6695	1,580	0,204	-0,276	1,000	-51,999
173035,6865	1,580	0,204	-0,276	1,000	-52,000
173035,7024	1,580	0,204	-0,276	1,000	-51,995
173035,7194	1,580	0,204	-0,276	1,000	-52,005
173035,7354	1,580	0,204	-0,276	1,000	-51,992
173035,7423	1,580	0,204	-0,276	1,000	-51,992
173035,7593	1,580	0,204	-0,276	1,000	-52,005
173035,7683	1,580	0,204	-0,276	1,000	-52,008
173035,7922	1,580	0,204	-0,276	1,000	-51,994
173035,8191	1,580	0,204	-0,276	1,000	-52,002
173035,8361	1,580	0,204	-0,276	1,000	-52,006
173035,8520	1,580	0,204	-0,276	1,000	-52,001
173035,8690	1,580	0,204	-0,276	1,000	-51,989
173035,8860	1,580	0,204	-0,276	1,000	-52,000
173035,8939	1,580	0,204	-0,276	1,000	-51,991
173035,9109	1,580	0,204	-0,276	1,000	-52,003
173035,9189	1,580	0,204	-0,276	1,000	-51,996
173035,9438	1,580	0,204	-0,276	1,000	-52,002
173035,9687	1,580	0,204	-0,276	1,000	-52,007
173035,9857	1,580	0,204	-0,276	1,000	-52,012
173036,0026	1,580	0,204	-0,276	1,000	-51,985
173036,0196	1,580	0,204	-0,276	1,000	-51,999
173036,0515	1,580	0,204	-0,276	1,000	-52,001
173036,0575	1,580	0,204	-0,276	1,000	-51,997
173036,0685	1,580	0,204	-0,276	1,000	-51,997
173036,0744	1,580	0,204	-0,276	1,000	-51,999
173036,0944	1,580	0,204	-0,276	1,000	-52,011
173036,1193	1,580	0,204	-0,276	1,000	-52,000
173036,1353	1,580	0,204	-0,276	1,000	-52,008
173036,1522	1,580	0,204	-0,276	1,000	-51,990
173036,1692	1,580	0,204	-0,276	1,000	-51,991
173036,1852	1,580	0,204	-0,276	1,000	-52,001
173036,1941	1,580	0,204	-0,276	1,000	-52,003
173036,2101	1,580	0,204	-0,276	1,000	-51,998
173036,2191	1,580	0,204	-0,276	1,000	-52,004
173036,2440	1,580	0,204	-0,276	1,000	-51,986
173036,2689	1,580	0,204	-0,276	1,000	-52,008
173036,2859	1,580	0,204	-0,276	1,000	-52,006
173036,3028	1,580	0,204	-0,276	1,000	-52,000
173036,3188	1,580	0,204	-0,276	1,000	-51,984
173036,3357	1,580	0,204	-0,276	1,000	-51,996
173036,3427	1,580	0,204	-0,276	1,000	-52,006
173036,3607	1,580	0,204	-0,276	1,000	-52,003
173036,3687	1,580	0,204	-0,276	1,000	-52,000
173036,3926	1,580	0,204	-0,276	1,000	-51,997
173036,4175	1,580	0,204	-0,276	1,000	-52,002
173036,4345	1,580	0,204	-0,276	1,000	-51,998
173036,4514	1,580	0,204	-0,276	1,000	-52,005
173036,4674	1,580	0,204	-0,276	1,000	-52,003
173036,4844	1,580	0,204	-0,276	1,000	-52,005
173036,4923	1,580	0,204	-0,276	1,000	-52,007
173036,5093	1,580	0,204	-0,276	1,000	-51,997
173036,5183	1,580	0,204	-0,276	1,000	-52,002
173036,5432	1,580	0,204	-0,276	1,000	-52,001
173036,5681	1,580	0,204	-0,276	1,000	-52,170
173036,5861	1,580	0,204	-0,276	1,000	-52,751
173036,6020	1,580	0,204	-0,276	1,000	-53,231
173036,6190	1,580	0,204	-0,276	1,000	-53,674
173036,6359	1,580	0,204	-0,276	1,000	-53,991
173036,6439	1,580	0,204	-0,276	1,000	-54,133
173036,6609	1,580	0,204	-0,276	1,000	-54,405
173036,6689	1,579	0,204	-0,276	1,000	-54,554
173036,6938	1,579	0,204	-0,276	1,000	-55,147
173036,7197	1,579	0,204	-0,275	1,000	-55,708
173036,7357	1,579	0,204	-0,275	1,000	-56,108
173036,7526	1,579	0,204	-0,275	1,000	-56,455
173036,7686	1,578	0,204	-0,275	1,000	-56,765
173036,7855	1,578	0,204	-0,275	1,000	-57,098
173036,7955	1,578	0,204	-0,275	1,000	-57,275
173036,8115	1,578	0,204	-0,275	1,000	-57,580
173036,8195	1,578	0,204	-0,275	1,000	-57,788
173036,8434	1,577	0,204	-0,275	1,000	-58,312
173036,8683	1,577	0,204	-0,275	1,000	-58,819
173036,8853	1,576	0,203	-0,275	1,000	-59,216
173036,9022	1,576	0,203	-0,275	1,000	-59,609
173036,9192	1,576	0,204	-0,275	1,000	-59,952
173036,9351	1,576	0,204	-0,275	1,000	-60,273
173036,9431	1,575	0,204	-0,275	1,000	-60,435
173036,9601	1,575	0,204	-0,275	1,000	-60,778
173036,9691	1,575	0,204	-0,275	1,000	-60,969
173036,9940	1,575	0,204	-0,275	1,000	-61,510
173037,0199	1,575	0,204	-0,275	1,000	-61,995
173037,0359	1,575	0,204	-0,275	1,000	-62,354
173037,0518	1,575	0,204	-0,275	1,000	-62,670
173037,0688	1,575	0,204	-0,276	1,000	-63,076
173037,0857	1,575	0,204	-0,276	1,000	-63,397
173037,0937	1,575	0,204	-0,276	1,000	-63,577
173037,1107	1,575	0,204	-0,276	1,000	-63,939
173037,1187	1,575	0,204	-0,276	1,000	-64,121
173037,1436	1,575	0,204	-0,276	1,000	-64,618
173037,1685	1,574	0,204	-0,276	1,000	-65,104
173037,1855	1,574	0,204	-0,276	1,000	-65,489
173037,2054	1,574	0,204	-0,276	1,000	-65,802
173037,2194	1,574	0,204	-0,276	1,000	-66,166
173037,2353	1,574	0,204	-0,277	1,000	-66,522
173037,2433	1,574	0,204	-0,277	1,000	-66,691
173037,2603	1,574	0,204	-0,277	1,000	-67,024
173037,2683	1,574	0,204	-0,277	1,000	-67,225
173037,2932	1,574	0,204	-0,277	1,000	-67,803
173037,3201	1,574	0,204	-0,277	1,000	-68,400
173037,3361	1,573	0,204	-0,277	1,000	-68,730
173037,3520	1,573	0,204	-0,277	1,000	-69,070
173037,3690	1,573	0,204	-0,277	1,000	-69,418
173037,3859	1,573	0,204	-0,277	1,000	-69,760
173037,3939	1,573	0,204	-0,277	1,000	-69,939
173037,4099	1,572	0,204	-0,277	1,000	-70,276
173037,4189	1,572	0,204	-0,277	1,000	-70,451
173037,4438	1,572	0,204	-0,277	1,000	-70,974
173037,4677	1,572	0,204	-0,277	1,000	-71,522
173037,4844	1,572	0,204	-0,278	1,000	-71,874
173037,5003	1,572	0,204	-0,278	1,000	-72,224
173037,5163	1,571	0,204	-0,278	1,000	-72,560
173037,5342	1,571	0,204	-0,278	1,000	-72,890
173037,5432	1,571	0,204	-0,278	1,000	-73,083
173037,5592	1,571	0,204	-0,278	1,000	-73,453
173037,5682	1,571	0,204	-0,278	1,000	-73,635
173037,5931	1,571	0,204	-0,278	1,000	-74,239
173037,6180	1,571	0,204	-0,278	1,000	-74,776
173037,6340	1,571	0,204	-0,278	1,000	-75,209
173037,6509	1,571	0,204	-0,278	1,000	-75,608
173037,6679	1,571	0,204	-0,279	1,000	-76,035
173037,6848	1,571	0,204	-0,279	1,000	-76,488
173037,6928	1,570	0,204	-0,279	1,000	-76,674
173037,7097	1,570	0,204	-0,279	1,000	-76,953
173037,7177	1,570	0,204	-0,279	1,000	-77,012
173037,7426	1,570	0,204	-0,279	1,000	-77,316
173037,7675	1,570	0,204	-0,279	1,000	-77,927
173037,7845	1,570	0,204	-0,279	1,000	-78,393
173037,8016	1,570	0,204	-0,279	1,000	-78,776
173037,8195	1,570	0,204	-0,279	1,000	-79,195
173037,8345	1,570	0,204	-0,279	1,000	-79,548
173037,8425	1,570	0,204	-0,279	1,000	-79,706
173037,8590	1,570	0,204	-0,279	1,000	-80,086
173037,8683	1,570	0,204	-0,279	1,000	-80,243
173037,8932	1,570	0,204	-0,280	1,000	-80,738
173037,9182	1,570	0,204	-0,280	1,000	-81,256
173037,9351	1,570	0,204	-0,280	1,000	-81,621
173037,9706	1,570	0,204	-0,280	1,000	-81,991
173037,9816	1,569	0,204	-0,280	1,000	-82,338
173037,9936	1,569	0,204	-0,280	1,000	-82,728
173037,9986	1,569	0,204	-0,280	1,000	-82,911
173038,0114	1,569	0,204	-0,279	1,000	-83,261
173038,0183	1,569	0,204	-0,279	1,000	-83,439
173038,0433	1,569	0,204	-0,279	1,000	-84,049
173038,0682	1,569	0,204	-0,279	1,000	-84,604
173038,0852	1,569	0,204	-0,279	1,000	-84,958
173038,1011	1,569	0,204	-0,279	1,000	-85,331
173038,1181	1,569	0,204	-0,279	1,000	-85,739
173038,1340	1,569	0,204	-0,278	1,000	-86,148
173038,1430	1,569	0,204	-0,278	1,000	-86,334
173038,1599	1,569	0,204	-0,278	1,000	-86,696
173038,1689	1,569	0,204	-0,278	1,000	-86,879
173038,1938	1,569	0,204	-0,278	1,000	-87,436
173038,2188	1,569	0,204	-0,278	1,000	-88,034
173038,2367	1,569	0,204	-0,278	1,000	-88,351
173038,2527	1,569	0,204	-0,277	1,000	-88,779
173038,2686	1,569	0,204	-0,277	1,000	-89,147
173038,2856	1,569	0,204	-0,277	1,000	-89,532
173038,2946	1,569	0,204	-0,277	1,000	-89,747
173038,3105	1,569	0,204	-0,277	1,000	-90,094
173038,3185	1,569	0,204	-0,277	1,000	-90,289
173038,3434	1,568	0,204	-0,277	1,000	-90,803
173038,3684	1,568	0,204	-0,277	1,000	-91,398
173038,3854	1,568	0,204	-0,277	1,000	-91,736
173038,4024	1,568	0,204	-0,277	1,000	-92,129
173038,4194	1,568	0,204	-0,277	1,000	-92,457
173038,4352	1,568	0,204	-0,277	1,000	-92,816
173038,4432	1,568	0,204	-0,277	1,000	-92,990
173038,4601	1,568	0,204	-0,276	1,000	-93,332
173038,4690	1,568	0,204	-0,276	1,000	-93,493
173038,4922	1,567	0,204	-0,276	1,000	-93,982
173038,5171	1,567	0,204	-0,276	1,000	-94,499
173038,5371	1,567	0,204	-0,276	1,000	-94,846
173038,5520	1,567	0,204	-0,276	1,000	-95,219
173038,5691	1,566	0,204	-0,275	1,000	-95,593
173038,5863	1,566	0,204	-0,275	1,000	-95,917
173038,5944	1,566	0,204	-0,275	1,000	-96,056
173038,6100	1,566	0,204	-0,275	1,000	-96,395
173038,6190	1,566	0,204	-0,275	1,000	-96,584
173038,6438	1,566	0,204	-0,275	1,000	-97,110
173038,6689	1,565	0,204	-0,275	1,000	-97,660
173038,6857	1,565	0,204	-0,275	1,000	-98,018
173038,7007	1,565	0,204	-0,275	1,000	-98,368
173038,7176	1,565	0,204	-0,275	1,000	-98,720
173038,7346	1,565	0,204	-0,275	1,000	-99,055
173038,7427	1,565	0,204	-0,275	1,000	-99,237
173038,7587	1,565	0,204	-0,274	1,000	-99,584
173038,7676	1,564	0,204	-0,274	1,000	-99,761
173038,7936	1,564	0,204	-0,274	1,000	-100,283
173038,8186	1,564	0,204	-0,274	1,000	-100,835
173038,8356	1,564	0,204	-0,275	1,000	-101,152
173038,8515	1,564	0,204	-0,275	1,000	-101,528
173038,8685	1,564	0,204	-0,275	1,000	-101,870
173038,8845	1,563	0,204	-0,275	1,000	-102,221
173038,8925	1,563	0,204	-0,275	1,000	-102,402
173038,9094	1,563	0,204	-0,275	1,000	-102,721
173038,9184	1,563	0,204	-0,275	1,000	-102,915
173038,9421	1,563	0,204	-0,275	1,000	-103,456
173038,9690	1,563	0,204	-0,275	1,000	-103,957
173038,9860	1,563	0,204	-0,275	1,000	-104,282
173039,0024	1,563	0,204	-0,275	1,000	-104,607
173039,0194	1,562	0,204	-0,275	1,000	-104,974
173039,0363	1,562	0,204	-0,275	1,000	-105,296
173039,0433	1,562	0,204	-0,275	1,000	-105,493
173039,0602	1,562	0,204	-0,275	1,000	-105,825
173039,0693	1,562	0,204	-0,275	1,000	-106,006
173039,0932	1,562	0,204	-0,275	1,000	-106,536
173039,1187	1,561	0,204	-0,275	1,000	-107,013
173039,1357	1,561	0,204	-0,275	1,000	-107,374
173039,1516	1,561	0,204	-0,275	1,000	-107,693
173039,1686	1,561	0,204	-0,275	1,000	-108,063
173039,1856	1,561	0,204	-0,275	1,000	-108,396
173039,1935	1,561	0,204	-0,275	1,000	-108,560
173039,2095	1,560	0,204	-0,275	1,000	-108,888
173039,2195	1,560	0,204	-0,275	1,000	-109,035
173039,2494	1,560	0,204	-0,275	1,000	-109,604
173039,2712	1,560	0,204	-0,275	1,000	-110,118
173039,2852	1,560	0,204	-0,276	1,000	-110,476
173039,3021	1,559	0,204	-0,276	1,000	-110,859
173039,3191	1,559	0,204	-0,276	1,000	-111,302
173039,3340	1,559	0,204	-0,276	1,000	-111,663
173039,3430	1,559	0,204	-0,276	1,000	-111,862
173039,3590	1,559	0,204	-0,276	1,000	-112,232
173039,3680	1,559	0,204	-0,276	1,000	-112,388
173039,3929	1,559	0,204	-0,276	1,000	-112,817
173039,4179	1,559	0,204	-0,276	1,000	-112,863
173039,4349	1,559	0,204	-0,276	1,000	-112,719
173039,4508	1,559	0,204	-0,276	1,000	-112,567
173039,4678	1,559	0,204	-0,276	1,000	-112,589
173039,4837	1,559	0,204	-0,276	1,000	-112,640
173039,4917	1,559	0,204	-0,276	1,000	-112,625
173039,5087	1,559	0,204	-0,276	1,000	-112,574
173039,5167	1,559	0,204	-0,276	1,000	-112,573
173039,5427	1,559	0,204	-0,276	1,000	-112,563
173039,5694	1,558	0,204	-0,276	1,000	-112,553
173039,5857	1,558	0,204	-0,276	1,000	-112,539
173039,6026	1,558	0,204	-0,276	1,000	-112,522
173039,6186	1,558	0,204	-0,276	1,000	-112,517
173039,6345	1,558	0,204	-0,276	1,000	-112,503
173039,6435	1,558	0,204	-0,276	1,000	-112,507
173039,6625	1,558	0,204	-0,276	1,000	-112,479
173039,6695	1,558	0,204	-0,276	1,000	-112,477
173039,6931	1,558	0,204	-0,276	1,000	-112,473
173039,7191	1,558	0,204	-0,276	1,000	-112,457
173039,7350	1,558	0,204	-0,276	1,000	-112,466
173039,7523	1,558	0,204	-0,276	1,000	-112,462
173039,7693	1,558	0,204	-0,276	1,000	-112,455
173039,7852	1,558	0,204	-0,276	1,000	-112,460
173039,7932	1,558	0,204	-0,276	1,000	-112,446
173039,8101	1,558	0,204	-0,276	1,000	-112,459
173039,8192	1,558	0,204	-0,276	1,000	-112,452
173039,8441	1,558	0,204	-0,276	1,000	-112,457
173039,8686	1,558	0,204	-0,276	1,000	-112,439
173039,8876	1,558	0,204	-0,276	1,000	-112,440
173039,9016	1,558	0,204	-0,276	1,000	-112,457
173039,9189	1,558	0,204	-0,276	1,000	-112,438
173039,9369	1,558	0,204	-0,276	1,000	-112,435
173039,9429	1,558	0,204	-0,276	1,000	-112,444
173039,9608	1,558	0,204	-0,276	1,000	-112,442
173039,9707	1,558	0,204	-0,276	1,000	-112,438
173039,9937	1,558	0,204	-0,276	1,000	-112,443
173040,0186	1,558	0,204	-0,276	1,000	-112,438
173040,0359	1,558	0,204	-0,276	1,000	-112,439
173040,0519	1,558	0,204	-0,276	1,000	-112,446
173040,0688	1,558	0,204	-0,276	1,000	-112,448
173040,0858	1,558	0,204	-0,276	1,000	-112,441
173040,0937	1,558	0,204	-0,276	1,000	-112,456
173040,1097	1,558	0,204	-0,276	1,000	-112,439
173040,1187	1,558	0,204	-0,276	1,000	-112,452
173040,1435	1,558	0,204	-0,276	1,000	-112,449
173040,1685	1,558	0,204	-0,276	1,000	-112,437
173040,1854	1,558	0,204	-0,276	1,000	-112,450
173040,2024	1,558	0,204	-0,276	1,000	-112,436
173040,2183	1,558	0,204	-0,276	1,000	-112,447
173040,2353	1,558	0,204	-0,276	1,000	-112,438
173040,2433	1,558	0,204	-0,276	1,000	-112,439
173040,2602	1,558	0,204	-0,276	1,000	-112,428
173040,2692	1,558	0,204	-0,276	1,000	-112,450
173040,2951	1,558	0,204	-0,276	1,000	-112,436
173040,3191	1,558	0,204	-0,276	1,000	-112,429
173040,3350	1,558	0,204	-0,276	1,000	-112,439
173040,3520	1,558	0,204	-0,276	1,000	-112,449
173040,3689	1,558	0,204	-0,276	1,000	-112,440
173040,3859	1,558	0,204	-0,276	1,000	-112,441
173040,3929	1,558	0,204	-0,276	1,000	-112,430
173040,4098	1,558	0,204	-0,276	1,000	-112,449
173040,4188	1,558	0,204	-0,276	1,000	-112,441
173040,4447	1,558	0,204	-0,276	1,000	-112,432
173040,4677	1,558	0,204	-0,276	1,000	-112,450
173040,4846	1,558	0,204	-0,276	1,000	-112,433
173040,4996	1,558	0,204	-0,276	1,000	-112,434
173040,5365	1,558	0,204	-0,276	1,000	-112,448
173040,5484	1,558	0,204	-0,276	1,000	-112,433
173040,5544	1,558	0,204	-0,276	1,000	-112,446
173040,5644	1,558	0,204	-0,276	1,000	-112,428
173040,5694	1,558	0,204	-0,276	1,000	-112,429
173040,5923	1,558	0,204	-0,276	1,000	-112,434
173040,6173	1,558	0,204	-0,276	1,000	-112,431
173040,6342	1,558	0,204	-0,276	1,000	-112,433
173040,6532	1,558	0,204	-0,276	1,000	-112,429
173040,6691	1,558	0,204	-0,276	1,000	-112,444
173040,6871	1,558	0,204	-0,276	1,000	-112,424
173040,6941	1,558	0,204	-0,276	1,000	-112,436
173040,7100	1,558	0,204	-0,276	1,000	-112,436
173040,7190	1,558	0,204	-0,276	1,000	-112,431
173040,7439	1,558	0,204	-0,276	1,000	-112,432
173040,7689	1,558	0,204	-0,276	1,000	-112,429
173040,7858	1,558	0,204	-0,276	1,000	-112,436
173040,8018	1,558	0,204	-0,276	1,000	-112,448
173040,8187	1,558	0,204	-0,276	1,000	-112,428
173040,8357	1,558	0,204	-0,276	1,000	-112,429
173040,8437	1,558	0,204	-0,276	1,000	-112,435
173040,8606	1,558	0,204	-0,276	1,000	-112,420
173040,8686	1,558	0,204	-0,276	1,000	-112,427
173040,8945	1,558	0,204	-0,276	1,000	-112,433
173040,9185	1,558	0,204	-0,276	1,000	-112,439
173040,9354	1,558	0,204	-0,276	1,000	-112,426
173040,9514	1,558	0,204	-0,276	1,000	-112,434
173040,9683	1,558	0,204	-0,276	1,000	-112,430
173040,9853	1,558	0,204	-0,276	1,000	-112,435
173040,9942	1,558	0,204	-0,276	1,000	-112,430
173041,0102	1,558	0,204	-0,276	1,000	-112,432
173041,0192	1,558	0,204	-0,276	1,000	-112,439
173041,0431	1,558	0,204	-0,276	1,000	-112,432
173041,0681	1,558	0,204	-0,276	1,000	-112,426
173041,0850	1,558	0,204	-0,276	1,000	-112,425
173041,1030	1,558	0,204	-0,276	1,000	-112,432
173041,1189	1,558	0,204	-0,276	1,000	-112,429
173041,1349	1,558	0,204	-0,276	1,000	-112,433
173041,1438	1,558	0,204	-0,276	1,000	-112,426
173041,1628	1,558	0,204	-0,276	1,000	-112,434
173041,1688	1,558	0,204	-0,276	1,000	-112,430
173041,1937	1,558	0,204	-0,276	1,000	-112,424
173041,2197	1,558	0,204	-0,276	1,000	-112,446
173041,2356	1,558	0,204	-0,276	1,000	-112,431
173041,2516	1,558	0,204	-0,276	1,000	-112,443
173041,2685	1,558	0,204	-0,276	1,000	-112,432
173041,2855	1,558	0,204	-0,276	1,000	-112,440
173041,2934	1,558	0,204	-0,276	1,000	-112,426
173041,3104	1,558	0,204	-0,276	1,000	-112,431
173041,3194	1,558	0,204	-0,276	1,000	-112,427
173041,3433	1,558	0,204	-0,276	1,000	-112,422
173041,3682	1,558	0,204	-0,276	1,000	-112,428
173041,3862	1,558	0,204	-0,276	1,000	-112,428
173041,4042	1,558	0,204	-0,276	1,000	-112,428
173041,4191	1,558	0,204	-0,276	1,000	-112,423
173041,4351	1,558	0,204	-0,276	1,000	-112,427
173041,4440	1,558	0,204	-0,276	1,000	-112,429
173041,4590	1,558	0,204	-0,276	1,000	-112,425
173041,4680	1,558	0,204	-0,276	1,000	-112,445
173041,4919	1,558	0,204	-0,276	1,000	-112,422
173041,5178	1,558	0,204	-0,276	1,000	-112,425
173041,5348	1,558	0,204	-0,276	1,000	-112,423
173041,5528	1,558	0,204	-0,276	1,000	-112,426
173041,5687	1,558	0,204	-0,276	1,000	-112,422
173041,5857	1,558	0,204	-0,276	1,000	-112,426
173041,5936	1,558	0,204	-0,276	1,000	-112,430
173041,6096	1,558	0,204	-0,276	1,000	-112,431
173041,6186	1,558	0,204	-0,276	1,000	-112,421
173041,6435	1,558	0,204	-0,276	1,000	-112,415
173041,6684	1,558	0,204	-0,276	1,000	-112,423
173041,6854	1,558	0,204	-0,276	1,000	-112,435
173041,7014	1,558	0,204	-0,276	1,000	-112,434
173041,7183	1,558	0,204	-0,276	1,000	-112,426
173041,7353	1,558	0,204	-0,276	1,000	-112,420
173041,7432	1,558	0,204	-0,276	1,000	-112,428
173041,7602	1,558	0,204	-0,276	1,000	-112,425
173041,7692	1,558	0,204	-0,276	1,000	-112,427
173041,7941	1,558	0,204	-0,276	1,000	-112,423
173041,8190	1,558	0,204	-0,276	1,000	-112,425
173041,8350	1,558	0,204	-0,276	1,000	-112,431
173041,8520	1,558	0,204	-0,276	1,000	-112,439
173041,8689	1,558	0,204	-0,276	1,000	-112,430
173041,8849	1,558	0,204	-0,276	1,000	-112,431
173041,8928	1,558	0,204	-0,276	1,000	-112,428
173041,9098	1,558	0,204	-0,276	1,000	-112,430
173041,9188	1,558	0,204	-0,276	1,000	-112,424
173041,9437	1,558	0,204	-0,276	1,000	-112,423
173041,9686	1,558	0,204	-0,276	1,000	-112,431
173041,9856	1,558	0,204	-0,276	1,000	-112,425
173042,0026	1,558	0,204	-0,276	1,000	-112,432
173042,0185	1,558	0,204	-0,276	1,000	-112,422
173042,0355	1,558	0,204	-0,276	1,000	-112,425
173042,0434	1,558	0,204	-0,276	1,000	-112,423
173042,0604	1,558	0,204	-0,276	1,000	-112,422
173042,0684	1,558	0,204	-0,276	1,000	-112,421
173042,0933	1,558	0,204	-0,276	1,000	-112,421
173042,1202	1,558	0,204	-0,276	1,000	-112,419
173042,1352	1,558	0,204	-0,276	1,000	-112,434
173042,1522	1,558	0,204	-0,276	1,000	-112,429
173042,1681	1,558	0,204	-0,276	1,000	-112,424
173042,1851	1,558	0,204	-0,276	1,000	-112,424
173042,1930	1,558	0,204	-0,276	1,000	-112,425
173042,2100	1,558	0,204	-0,276	1,000	-112,426
173042,2190	1,558	0,204	-0,276	1,000	-112,441
173042,2439	1,558	0,204	-0,276	1,000	-112,439
173042,2688	1,558	0,204	-0,276	1,000	-112,430
173042,2848	1,558	0,204	-0,276	1,000	-112,426
173042,3018	1,558	0,204	-0,276	1,000	-112,426
173042,3187	1,558	0,204	-0,276	1,000	-112,425
173042,3347	1,558	0,204	-0,276	1,000	-112,430
173042,3436	1,558	0,204	-0,276	1,000	-112,427
173042,3596	1,558	0,204	-0,276	1,000	-112,432
173042,3686	1,558	0,204	-0,276	1,000	-112,424
173042,3935	1,558	0,204	-0,276	1,000	-112,425
173042,4184	1,558	0,204	-0,276	1,000	-112,434
173042,4394	1,558	0,204	-0,276	1,000	-112,429
173042,4524	1,558	0,204	-0,276	1,000	-112,427
173042,4683	1,558	0,204	-0,276	1,000	-112,420
173042,4833	1,558	0,204	-0,276	1,000	-112,427
173042,4922	1,558	0,204	-0,276	1,000	-112,439
173042,5082	1,558	0,204	-0,276	1,000	-112,429
173042,5162	1,558	0,204	-0,276	1,000	-112,427
173042,5431	1,558	0,204	-0,276	1,000	-112,427
173042,5680	1,558	0,204	-0,276	1,000	-112,433
173042,5850	1,558	0,204	-0,276	1,000	-112,433
173042,6010	1,558	0,204	-0,276	1,000	-112,429
173042,6179	1,558	0,204	-0,276	1,000	-112,432
173042,6349	1,558	0,204	-0,276	1,000	-112,440
173042,6438	1,558	0,204	-0,276	1,000	-112,428
173042,6598	1,558	0,204	-0,276	1,000	-112,430
173042,6688	1,558	0,204	-0,276	1,000	-112,432
173042,6937	1,558	0,204	-0,276	1,000	-112,435
173042,7176	1,558	0,204	-0,276	1,000	-112,433
173042,7346	1,558	0,204	-0,276	1,000	-112,445
173042,7527	1,558	0,204	-0,276	1,000	-112,429
173042,7677	1,558	0,204	-0,276	1,000	-112,424
173042,7847	1,558	0,204	-0,276	1,000	-112,433
173042,7926	1,558	0,204	-0,276	1,000	-112,430
173042,8096	1,558	0,204	-0,276	1,000	-112,427
173042,8176	1,558	0,204	-0,276	1,000	-112,433
173042,8424	1,558	0,204	-0,276	1,000	-112,428
173042,8674	1,558	0,204	-0,276	1,000	-112,427
173042,8843	1,558	0,204	-0,276	1,000	-112,428
173042,9022	1,558	0,204	-0,276	1,000	-112,422
173042,9182	1,558	0,204	-0,276	1,000	-112,428
173042,9352	1,558	0,204	-0,276	1,000	-112,429
173042,9421	1,558	0,204	-0,276	1,000	-112,434
173042,9591	1,558	0,204	-0,276	1,000	-112,425
173042,9681	1,558	0,204	-0,276	1,000	-112,431
173042,9930	1,558	0,204	-0,276	1,000	-112,428
173043,0180	1,558	0,204	-0,276	1,000	-112,426
173043,0349	1,558	0,204	-0,276	1,000	-112,425
173043,0509	1,558	0,204	-0,276	1,000	-112,430
173043,0688	1,558	0,204	-0,276	1,000	-112,429
173043,0848	1,558	0,204	-0,276	1,000	-112,426
173043,0928	1,558	0,204	-0,276	1,000	-112,427
173043,1098	1,558	0,204	-0,276	1,000	-112,430
173043,1178	1,558	0,204	-0,276	1,000	-112,424
173043,1446	1,558	0,204	-0,276	1,000	-112,429
173043,1675	1,558	0,204	-0,276	1,000	-112,422
173043,1845	1,558	0,204	-0,276	1,000	-112,437
173043,2015	1,558	0,204	-0,276	1,000	-112,423
173043,2174	1,558	0,204	-0,276	1,000	-112,431
173043,2354	1,558	0,204	-0,276	1,000	-112,429
173043,2424	1,558	0,204	-0,276	1,000	-112,431
173043,2594	1,558	0,204	-0,276	1,000	-112,432
173043,2684	1,558	0,204	-0,276	1,000	-112,430
173043,2923	1,558	0,204	-0,277	1,000	-112,408
173043,3183	1,557	0,204	-0,278	1,000	-112,308
173043,3342	1,556	0,204	-0,280	1,000	-112,184
173043,3512	1,556	0,204	-0,281	1,000	-112,039
173043,3682	1,555	0,204	-0,283	1,000	-111,940
173043,3842	1,555	0,204	-0,285	1,000	-111,785
173043,3931	1,554	0,204	-0,286	1,000	-111,693
173043,4101	1,553	0,204	-0,288	1,000	-111,511
173043,4181	1,553	0,204	-0,290	1,000	-111,461
173043,4430	1,551	0,204	-0,294	1,000	-111,400
173043,4680	1,549	0,204	-0,298	1,000	-111,342
173043,4839	1,548	0,204	-0,301	1,000	-111,410
173043,4993	1,546	0,204	-0,304	1,000	-111,329
173043,5162	1,545	0,204	-0,307	1,000	-111,327
173043,5342	1,544	0,204	-0,310	1,000	-111,279
173043,5432	1,543	0,204	-0,311	1,000	-111,287
173043,5591	1,542	0,204	-0,314	1,000	-111,280
173043,5681	1,541	0,204	-0,316	1,000	-111,274
173043,5930	1,539	0,204	-0,320	1,000	-111,223
173043,6180	1,537	0,204	-0,324	1,000	-111,128
173043,6339	1,536	0,204	-0,327	1,000	-111,045
173043,6509	1,535	0,204	-0,330	1,000	-110,951
173043,6678	1,533	0,204	-0,333	1,000	-110,926
173043,6848	1,532	0,204	-0,336	1,000	-110,921
173043,6928	1,532	0,204	-0,337	1,000	-110,926
173043,7127	1,530	0,204	-0,340	1,000	-110,962
173043,7187	1,530	0,204	-0,341	1,000	-110,938
173043,7426	1,528	0,204	-0,346	1,000	-110,987
173043,7676	1,526	0,204	-0,350	1,000	-111,059
173043,7845	1,525	0,204	-0,353	1,000	-111,066
173043,8015	1,523	0,204	-0,356	1,000	-111,063
173043,8194	1,522	0,204	-0,359	1,000	-111,094
173043,8344	1,521	0,204	-0,362	1,000	-111,104
173043,8434	1,520	0,204	-0,363	1,000	-111,100
173043,8613	1,519	0,204	-0,366	1,000	-111,048
173043,8683	1,519	0,204	-0,367	1,000	-111,070
173043,8922	1,517	0,204	-0,371	1,000	-111,066
173043,9172	1,515	0,204	-0,376	1,000	-111,121
173043,9341	1,514	0,204	-0,379	1,000	-111,036
173043,9501	1,513	0,204	-0,381	1,000	-111,139
173043,9670	1,512	0,204	-0,384	1,000	-111,132
173043,9840	1,511	0,204	-0,387	1,000	-111,198
173043,9920	1,510	0,204	-0,388	1,000	-111,188
173044,0089	1,509	0,204	-0,391	1,000	-111,270
173044,0169	1,508	0,204	-0,393	1,000	-111,221
173044,0418	1,506	0,204	-0,397	1,000	-111,292
173044,0668	1,505	0,204	-0,401	1,000	-111,303
173044,0837	1,503	0,204	-0,404	1,000	-111,320
173044,1017	1,502	0,204	-0,407	1,000	-111,301
173044,1186	1,501	0,204	-0,410	1,000	-111,299
173044,1346	1,500	0,205	-0,412	1,000	-111,237
173044,1436	1,499	0,204	-0,414	1,000	-111,268
173044,1595	1,498	0,205	-0,417	1,000	-111,206
173044,1705	1,497	0,205	-0,418	1,000	-111,243
173044,1934	1,496	0,205	-0,422	1,000	-111,262
173044,2184	1,494	0,205	-0,427	1,000	-111,365
173044,2353	1,493	0,205	-0,430	1,000	-111,381
173044,2523	1,491	0,205	-0,433	1,000	-111,443
173044,2712	1,490	0,205	-0,436	1,000	-111,483
173044,2852	1,488	0,205	-0,439	1,000	-111,574
173044,2932	1,488	0,205	-0,440	1,000	-111,542
173044,3101	1,486	0,205	-0,443	1,000	-111,523
173044,3181	1,486	0,205	-0,444	1,000	-111,529
173044,3470	1,484	0,205	-0,448	1,000	-111,459
173044,3699	1,482	0,205	-0,453	1,000	-111,478
173044,3859	1,481	0,205	-0,455	1,000	-111,426
173044,4019	1,480	0,205	-0,458	1,000	-111,470
173044,4188	1,479	0,205	-0,461	1,000	-111,427
173044,4348	1,478	0,205	-0,464	1,000	-111,406
173044,4437	1,477	0,205	-0,466	1,000	-111,486
173044,4597	1,476	0,205	-0,469	1,000	-111,468
173044,4687	1,475	0,205	-0,470	1,000	-111,513
173044,4916	1,474	0,205	-0,474	1,000	-111,554
173044,5166	1,472	0,205	-0,479	1,000	-111,595
173044,5335	1,471	0,205	-0,481	1,000	-111,591
173044,5515	1,469	0,205	-0,484	1,000	-111,560
173044,5684	1,468	0,205	-0,487	1,000	-111,574
173044,5844	1,467	0,205	-0,490	1,000	-111,555
173044,5933	1,466	0,205	-0,491	1,000	-111,568
173044,6093	1,465	0,205	-0,494	1,000	-111,512
173044,6183	1,464	0,205	-0,495	1,000	-111,519
173044,6422	1,462	0,205	-0,500	1,000	-111,530
173044,6681	1,460	0,205	-0,504	1,000	-111,406
173044,6861	1,459	0,205	-0,507	1,000	-111,392
173044,7021	1,458	0,205	-0,510	1,000	-111,449
173044,7180	1,457	0,205	-0,512	1,000	-111,439
173044,7350	1,456	0,205	-0,515	1,000	-111,391
173044,7430	1,455	0,205	-0,517	1,000	-111,369
173044,7599	1,454	0,205	-0,519	1,000	-111,409
173044,7679	1,453	0,205	-0,521	1,000	-111,343
173044,7928	1,451	0,205	-0,525	1,000	-111,472
173044,8178	1,449	0,205	-0,530	1,000	-111,377
173044,8348	1,447	0,205	-0,533	1,000	-111,379
173044,8517	1,446	0,205	-0,536	1,000	-111,335
173044,8679	1,445	0,205	-0,539	1,000	-111,315
173044,8849	1,444	0,205	-0,542	1,000	-111,291
173044,8928	1,443	0,205	-0,543	1,000	-111,283
173044,9092	1,442	0,205	-0,546	1,000	-111,262
173044,9182	1,441	0,205	-0,547	1,000	-111,205
173044,9435	1,439	0,205	-0,552	1,000	-111,195
173044,9685	1,437	0,205	-0,556	1,000	-111,254
173044,9873	1,436	0,206	-0,559	1,000	-111,302
173045,0062	1,435	0,206	-0,562	1,000	-111,358
173045,0182	1,434	0,206	-0,565	1,000	-111,347
173045,0351	1,433	0,206	-0,567	1,000	-111,365
173045,0421	1,432	0,206	-0,569	1,000	-111,299
173045,0601	1,431	0,206	-0,572	1,000	-111,337
173045,0681	1,430	0,206	-0,573	1,000	-111,309
173045,0930	1,428	0,206	-0,577	1,000	-111,182
173045,1179	1,426	0,206	-0,581	1,000	-111,189
173045,1349	1,425	0,206	-0,584	1,000	-111,172
173045,1518	1,424	0,206	-0,587	1,000	-111,130
173045,1678	1,422	0,206	-0,590	1,000	-111,081
173045,1847	1,421	0,206	-0,593	1,000	-111,003
173045,1927	1,421	0,206	-0,594	1,000	-111,011
173045,2097	1,419	0,206	-0,598	1,000	-110,986
173045,2187	1,419	0,206	-0,599	1,000	-111,047
173045,2436	1,417	0,206	-0,604	1,000	-111,080
173045,2675	1,415	0,206	-0,608	1,000	-111,092
173045,2845	1,413	0,206	-0,611	1,000	-111,095
173045,3014	1,412	0,206	-0,614	1,000	-111,067
173045,3184	1,410	0,206	-0,617	1,000	-111,017
173045,3353	1,409	0,206	-0,619	1,000	-110,952
173045,3423	1,408	0,206	-0,621	1,000	-110,982
173045,3593	1,407	0,206	-0,623	1,000	-110,956
173045,3683	1,407	0,206	-0,625	1,000	-110,866
173045,3932	1,405	0,206	-0,629	1,000	-110,870
173045,4181	1,403	0,206	-0,633	1,000	-110,796
173045,4351	1,402	0,206	-0,636	1,000	-110,788
173045,4510	1,400	0,206	-0,639	1,000	-110,749
173045,4680	1,399	0,206	-0,642	1,000	-110,828
173045,4849	1,398	0,206	-0,644	1,000	-110,756
173045,4929	1,398	0,206	-0,646	1,000	-110,785
173045,5099	1,396	0,206	-0,648	1,000	-110,739
173045,5179	1,396	0,206	-0,650	1,000	-110,790
173045,5428	1,394	0,206	-0,654	1,000	-110,770
173045,5677	1,392	0,206	-0,658	1,000	-110,749
173045,5847	1,390	0,206	-0,661	1,000	-110,683
173045,6026	1,389	0,206	-0,664	1,000	-110,671
173045,6176	1,387	0,207	-0,666	1,000	-110,662
173045,6505	1,386	0,207	-0,669	1,000	-110,667
173045,6565	1,386	0,207	-0,671	1,000	-110,658
173045,6665	1,384	0,207	-0,673	1,000	-110,605
173045,6724	1,384	0,207	-0,675	1,000	-110,604
173045,6924	1,382	0,207	-0,679	1,000	-110,527
173045,7183	1,380	0,207	-0,684	1,000	-110,482
173045,7343	1,378	0,207	-0,686	1,000	-110,470
173045,7512	1,377	0,207	-0,689	1,000	-110,497
173045,7682	1,375	0,207	-0,692	1,000	-110,522
173045,7841	1,374	0,207	-0,695	1,000	-110,494
173045,7931	1,373	0,207	-0,697	1,000	-110,595
173045,8101	1,372	0,207	-0,700	1,000	-110,532
173045,8181	1,371	0,207	-0,701	1,000	-110,566
173045,8430	1,370	0,207	-0,705	1,000	-110,438
173045,8679	1,368	0,207	-0,710	1,000	-110,383
173045,8849	1,367	0,207	-0,713	1,000	-110,412
173045,9018	1,365	0,207	-0,715	1,000	-110,413
173045,9178	1,364	0,207	-0,718	1,000	-110,329
173045,9347	1,363	0,207	-0,721	1,000	-110,342
173045,9437	1,362	0,207	-0,723	1,000	-110,272
173045,9597	1,361	0,207	-0,726	1,000	-110,320
173045,9677	1,360	0,207	-0,727	1,000	-110,295
173045,9926	1,359	0,207	-0,732	1,000	-110,245
173046,0185	1,357	0,207	-0,736	1,000	-110,302
173046,0345	1,355	0,207	-0,739	1,000	-110,203
173046,0514	1,354	0,207	-0,741	1,000	-110,210
173046,0684	1,353	0,207	-0,744	1,000	-110,186
173046,0843	1,352	0,207	-0,747	1,000	-110,064
173046,0933	1,351	0,207	-0,748	1,000	-110,098
173046,1083	1,350	0,207	-0,751	1,000	-110,166
173046,1173	1,349	0,207	-0,752	1,000	-110,110
173046,1412	1,347	0,207	-0,757	1,000	-110,101
173046,1661	1,345	0,207	-0,761	1,000	-109,961
173046,1841	1,344	0,207	-0,764	1,000	-109,966
173046,2010	1,343	0,207	-0,767	1,000	-109,880
173046,2180	1,342	0,207	-0,770	1,000	-109,862
173046,2349	1,341	0,207	-0,773	1,000	-109,863
173046,2429	1,340	0,207	-0,774	1,000	-109,856
173046,2609	1,339	0,207	-0,777	1,000	-109,905
173046,2678	1,338	0,207	-0,779	1,000	-109,893
173046,2928	1,336	0,207	-0,783	1,000	-109,952
173046,3187	1,334	0,207	-0,788	1,000	-109,901
173046,3347	1,333	0,207	-0,791	1,000	-109,861
173046,3516	1,332	0,207	-0,794	1,000	-109,792
173046,3676	1,330	0,207	-0,796	1,000	-109,842
173046,3845	1,329	0,207	-0,799	1,000	-109,793
173046,3925	1,328	0,207	-0,801	1,000	-109,807
173046,4095	1,327	0,207	-0,803	1,000	-109,748
173046,4174	1,327	0,207	-0,805	1,000	-109,753
173046,4434	1,325	0,207	-0,808	0,000	-109,685
173046,4683	1,323	0,207	-0,814	1,000	-109,758
173046,4853	1,322	0,207	-0,817	1,000	-109,776
173046,5002	1,321	0,207	-0,820	1,000	-109,816
173046,5172	1,320	0,207	-0,822	1,000	-109,815
173046,5351	1,319	0,207	-0,825	1,000	-109,784
173046,5431	1,318	0,207	-0,827	1,000	-109,831
173046,5591	1,317	0,207	-0,830	1,000	-109,840
173046,5680	1,316	0,207	-0,831	1,000	-109,832
173046,5930	1,315	0,207	-0,835	1,000	-109,763
173046,6179	1,313	0,208	-0,839	1,000	-109,685
173046,6349	1,311	0,207	-0,842	1,000	-109,600
173046,6518	1,310	0,208	-0,845	1,000	-109,676
173046,6678	1,309	0,208	-0,848	1,000	-109,657
173046,6847	1,308	0,208	-0,851	1,000	-109,654
173046,6927	1,308	0,208	-0,852	1,000	-109,625
173046,7097	1,307	0,208	-0,855	1,000	-109,612
173046,7176	1,306	0,208	-0,857	1,000	-109,588
173046,7426	1,304	0,208	-0,861	1,000	-109,655
173046,7685	1,303	0,208	-0,866	1,000	-109,721
173046,7845	1,301	0,207	-0,869	1,000	-109,768
173046,8014	1,300	0,208	-0,871	1,000	-109,806
173046,8184	1,299	0,208	-0,874	1,000	-109,784
173046,8343	1,298	0,208	-0,877	1,000	-109,760
173046,8433	1,297	0,208	-0,878	1,000	-109,740
173046,8593	1,296	0,208	-0,881	1,000	-109,742
173046,8683	1,295	0,208	-0,882	1,000	-109,726
173046,8932	1,293	0,208	-0,887	1,000	-109,698
173046,9191	1,292	0,208	-0,891	1,000	-109,730
173046,9351	1,290	0,208	-0,894	1,000	-109,733
173046,9510	1,289	0,208	-0,896	1,000	-109,650
173046,9680	1,288	0,208	-0,899	1,000	-109,742
173046,9839	1,287	0,208	-0,901	1,000	-109,873
173046,9919	1,287	0,208	-0,902	1,000	-109,898
173047,0079	1,287	0,208	-0,902	1,000	-109,952
173047,0168	1,287	0,208	-0,902	1,000	-109,957
173047,0418	1,287	0,208	-0,902	1,000	-109,920
173047,0677	1,287	0,208	-0,901	1,000	-109,897
173047,0847	1,287	0,208	-0,901	1,000	-109,887
173047,1016	1,287	0,208	-0,901	1,000	-109,882
173047,1176	1,287	0,208	-0,901	1,000	-109,865
173047,1335	1,287	0,208	-0,901	1,000	-109,865
173047,1425	1,287	0,208	-0,901	1,000	-109,853
173047,1585	1,287	0,208	-0,901	1,000	-109,855
173047,1674	1,287	0,208	-0,901	1,000	-109,872
173047,1924	1,287	0,208	-0,901	1,000	-109,848
173047,2173	1,287	0,208	-0,901	1,000	-109,834
173047,2343	1,287	0,208	-0,901	1,000	-109,836
173047,2512	1,287	0,208	-0,901	1,000	-109,838
173047,2672	1,287	0,208	-0,901	1,000	-109,834
173047,2851	1,287	0,208	-0,901	1,000	-109,830
173047,2921	1,287	0,208	-0,901	1,000	-109,837
173047,3091	1,287	0,208	-0,901	1,000	-109,835
173047,3180	1,287	0,208	-0,901	1,000	-109,841
173047,3430	1,287	0,208	-0,901	1,000	-109,856
173047,3689	1,287	0,208	-0,901	1,000	-109,847
173047,3849	1,287	0,208	-0,901	1,000	-109,844
173047,4008	1,287	0,208	-0,901	1,000	-109,845
173047,4168	1,287	0,208	-0,901	1,000	-109,850
173047,4347	1,287	0,208	-0,901	1,000	-109,844
173047,4457	1,287	0,208	-0,901	1,000	-109,849
173047,4597	1,287	0,208	-0,901	1,000	-109,839
173047,4686	1,287	0,208	-0,901	1,000	-109,837
173047,4916	1,287	0,208	-0,901	1,000	-109,833
173047,5165	1,287	0,208	-0,901	1,000	-109,861
173047,5335	1,287	0,208	-0,901	1,000	-109,854
173047,5524	1,287	0,208	-0,901	1,000	-109,843
173047,5695	1,287	0,208	-0,901	1,000	-109,842
173047,5848	1,287	0,208	-0,901	1,000	-109,861
173047,5928	1,287	0,208	-0,901	1,000	-109,857
173047,6097	1,287	0,208	-0,901	1,000	-109,838
173047,6177	1,287	0,208	-0,901	1,000	-109,835
173047,6434	1,287	0,208	-0,901	1,000	-109,838
173047,6684	1,287	0,208	-0,901	1,000	-109,849
173047,6853	1,287	0,208	-0,901	1,000	-109,850
173047,7023	1,287	0,208	-0,901	1,000	-109,840
173047,7192	1,287	0,208	-0,901	1,000	-109,860
173047,7342	1,287	0,208	-0,901	1,000	-109,838
173047,7431	1,287	0,208	-0,901	1,000	-109,847
173047,7601	1,287	0,208	-0,901	1,000	-109,848
173047,7681	1,287	0,208	-0,901	1,000	-109,846
173047,7930	1,287	0,208	-0,901	1,000	-109,842
173047,8183	1,287	0,208	-0,901	1,000	-109,840
173047,8353	1,287	0,208	-0,901	1,000	-109,838
173047,8512	1,287	0,208	-0,901	1,000	-109,841
173047,8682	1,287	0,208	-0,901	1,000	-109,836
173047,8851	1,287	0,208	-0,901	1,000	-109,837
173047,8931	1,287	0,208	-0,901	1,000	-109,841
173047,9091	1,287	0,208	-0,901	1,000	-109,845
173047,9187	1,287	0,208	-0,901	1,000	-109,857
173047,9437	1,287	0,208	-0,901	1,000	-109,840
173047,9686	1,287	0,208	-0,901	1,000	-109,838
173047,9856	1,287	0,208	-0,901	1,000	-109,844
173048,0016	1,287	0,208	-0,901	1,000	-109,839
173048,0188	1,287	0,208	-0,901	1,000	-109,844
173048,0348	1,287	0,208	-0,901	1,000	-109,857
173048,0428	1,287	0,208	-0,901	1,000	-109,844
173048,0597	1,287	0,208	-0,901	1,000	-109,841
173048,0679	1,287	0,208	-0,901	1,000	-109,846
173048,0928	1,287	0,208	-0,901	1,000	-109,848
173048,1188	1,287	0,208	-0,901	1,000	-109,842
173048,1348	1,287	0,208	-0,901	1,000	-109,846
173048,1517	1,287	0,208	-0,901	1,000	-109,839
173048,1687	1,287	0,208	-0,901	1,000	-109,841
173048,1847	1,287	0,208	-0,901	1,000	-109,836
173048,1917	1,287	0,208	-0,901	1,000	-109,845
173048,2086	1,287	0,208	-0,901	1,000	-109,860
173048,2176	1,287	0,208	-0,901	1,000	-109,850
173048,2415	1,287	0,208	-0,901	1,000	-109,840
173048,2755	1,287	0,208	-0,901	1,000	-109,841
173048,2922	1,287	0,208	-0,901	1,000	-109,842
173048,3092	1,287	0,208	-0,901	1,000	-109,859
173048,3251	1,287	0,208	-0,901	1,000	-109,844
173048,3421	1,287	0,208	-0,901	1,000	-109,843
173048,3501	1,287	0,208	-0,901	1,000	-109,845
173048,3680	1,287	0,208	-0,901	1,000	-109,849
173048,3760	1,287	0,208	-0,901	1,000	-109,839
173048,4020	1,287	0,208	-0,901	1,000	-109,844
173048,4357	1,287	0,208	-0,901	1,000	-109,838
173048,4517	1,287	0,208	-0,901	1,000	-109,839
173048,4696	1,287	0,208	-0,901	1,000	-109,847
173048,4856	1,287	0,208	-0,901	1,000	-109,835
173048,5016	1,287	0,208	-0,901	1,000	-109,837
173048,5086	1,287	0,208	-0,901	1,000	-109,856
173048,5245	1,287	0,208	-0,901	1,000	-109,838
173048,5345	1,287	0,208	-0,901	1,000	-109,843
173048,5584	1,287	0,208	-0,901	1,000	-109,840
173048,5931	1,287	0,208	-0,901	1,000	-109,841
173048,6101	1,287	0,208	-0,901	1,000	-109,836
173048,6260	1,287	0,208	-0,901	1,000	-109,843
173048,6430	1,287	0,208	-0,901	1,000	-109,837
173048,6600	1,287	0,208	-0,901	1,000	-109,847
173048,6683	1,287	0,208	-0,901	1,000	-109,841
173048,6845	1,287	0,208	-0,901	1,000	-109,843
173048,6935	1,287	0,208	-0,901	1,000	-109,833
173048,7182	1,287	0,208	-0,901	1,000	-109,844
173048,7521	1,287	0,208	-0,901	1,000	-109,857
173048,7681	1,287	0,208	-0,901	1,000	-109,858
173048,7832	1,287	0,208	-0,901	1,000	-109,841
173048,8005	1,287	0,208	-0,901	1,000	-109,836
173048,8172	1,287	0,208	-0,901	1,000	-109,844
173048,8291	1,287	0,208	-0,901	1,000	-109,840
173048,8661	1,287	0,208	-0,901	1,000	-109,847
173048,8711	1,287	0,208	-0,901	1,000	-109,843
173048,8880	1,287	0,208	-0,901	1,000	-109,846
173048,9087	1,287	0,208	-0,901	1,000	-109,838
173048,9251	1,287	0,208	-0,901	1,000	-109,841
173048,9422	1,287	0,208	-0,901	1,000	-109,846
173048,9582	1,287	0,208	-0,901	1,000	-109,848
173048,9748	1,287	0,208	-0,901	1,000	-109,844
173048,9838	1,287	0,208	-0,901	1,000	-109,836
173049,0018	1,287	0,208	-0,901	1,000	-109,838
173049,0101	1,287	0,208	-0,901	1,000	-109,841
173049,0351	1,287	0,208	-0,901	1,000	-109,844
173049,0684	1,287	0,208	-0,901	1,000	-109,851
173049,0844	1,287	0,208	-0,901	1,000	-109,848
173049,1014	1,287	0,208	-0,901	1,000	-109,837
173049,1183	1,287	0,208	-0,901	1,000	-109,840
173049,1343	1,287	0,208	-0,901	1,000	-109,840
173049,1433	1,287	0,208	-0,901	1,000	-109,845
173049,1597	1,287	0,208	-0,901	1,000	-109,846
173049,1676	1,287	0,208	-0,901	1,000	-109,840
173049,1926	1,287	0,208	-0,901	1,000	-109,841
173049,2264	1,287	0,208	-0,901	1,000	-109,844
173049,2434	1,287	0,208	-0,901	1,000	-109,840
173049,2593	1,287	0,208	-0,901	1,000	-109,844
173049,2753	1,287	0,208	-0,901	1,000	-109,842
173049,2923	1,287	0,208	-0,901	1,000	-109,836
173049,3003	1,287	0,208	-0,901	1,000	-109,846
173049,3172	1,287	0,208	-0,901	1,000	-109,852
173049,3252	1,287	0,208	-0,901	1,000	-109,841
173049,3513	1,287	0,208	-0,901	1,000	-109,846
173049,3852	1,287	0,208	-0,901	1,000	-109,841
173049,4021	1,287	0,208	-0,901	1,000	-109,845
173049,4181	1,287	0,208	-0,901	1,000	-109,843
173049,4350	1,287	0,208	-0,901	1,000	-109,838
173049,4524	1,287	0,208	-0,901	1,000	-109,841
173049,4594	1,287	0,208	-0,901	1,000	-109,843
173049,4763	1,287	0,208	-0,901	1,000	-109,832
173049,4879	1,287	0,208	-0,901	1,000	-109,846
173049,5096	1,287	0,208	-0,901	1,000	-109,858
173049,5435	1,287	0,208	-0,901	1,000	-109,841
173049,5598	1,287	0,208	-0,901	1,000	-109,839
173049,5768	1,287	0,208	-0,901	1,000	-109,839
173049,5958	1,287	0,208	-0,901	1,000	-109,842
173049,6095	1,287	0,208	-0,901	1,000	-109,843
173049,6185	1,287	0,208	-0,901	1,000	-109,846
173049,6349	1,287	0,208	-0,901	1,000	-109,841
173049,6428	1,287	0,208	-0,901	1,000	-109,844
173049,6678	1,287	0,208	-0,901	1,000	-109,840
173049,7017	1,287	0,208	-0,901	1,000	-109,836
173049,7187	1,287	0,208	-0,901	1,000	-109,850
173049,7347	1,287	0,208	-0,901	1,000	-109,842
173049,7516	1,287	0,208	-0,901	1,000	-109,844
173049,7686	1,287	0,208	-0,901	1,000	-109,850
173049,7766	1,287	0,208	-0,901	1,000	-109,845
173049,7934	1,287	0,208	-0,901	1,000	-109,841
173049,8014	1,287	0,208	-0,901	1,000	-109,863
173049,8256	1,287	0,208	-0,901	1,000	-109,841
173049,8595	1,287	0,208	-0,901	1,000	-109,842
173049,8765	1,287	0,208	-0,901	1,000	-109,844
173049,8934	1,287	0,208	-0,901	1,000	-109,839
173049,9094	1,287	0,208	-0,901	1,000	-109,842
173049,9271	1,287	0,208	-0,901	1,000	-109,852
173049,9341	1,287	0,208	-0,901	1,000	-109,841
173049,9521	1,287	0,208	-0,901	1,000	-109,845
173049,9600	1,287	0,208	-0,901	1,000	-109,839
173049,9850	1,287	0,208	-0,901	1,000	-109,840
173050,0179	1,287	0,208	-0,901	1,000	-109,842
173050,0348	1,287	0,208	-0,901	1,000	-109,831
173050,0518	1,287	0,208	-0,901	1,000	-109,843
173050,0678	1,287	0,208	-0,901	1,000	-109,848
173050,0847	1,287	0,208	-0,901	1,000	-109,839
173050,0927	1,287	0,208	-0,901	1,000	-109,839
173050,1106	1,287	0,208	-0,901	1,000	-109,846
173050,1186	1,287	0,208	-0,901	1,000	-109,833
173050,1426	1,287	0,208	-0,901	1,000	-109,844
173050,1765	1,287	0,208	-0,901	1,000	-109,839
173050,1924	1,287	0,208	-0,901	1,000	-109,849
173050,2104	1,287	0,208	-0,901	1,000	-109,842
173050,2263	1,287	0,208	-0,901	1,000	-109,838
173050,2423	1,287	0,208	-0,901	1,000	-109,834
173050,2513	1,287	0,208	-0,901	1,000	-109,840
173050,2672	1,287	0,208	-0,901	1,000	-109,845
173050,2762	1,287	0,208	-0,901	1,000	-109,845
173050,3011	1,287	0,208	-0,901	1,000	-109,841
173050,3350	1,287	0,208	-0,901	1,000	-109,839
173050,3520	1,287	0,208	-0,901	1,000	-109,842
173050,3680	1,287	0,208	-0,901	1,000	-109,840
173050,3849	1,287	0,208	-0,901	1,000	-109,841
173050,4019	1,287	0,208	-0,901	1,000	-109,843
173050,4098	1,287	0,208	-0,901	1,000	-109,849
173050,4258	1,287	0,208	-0,901	1,000	-109,845
173050,4348	1,287	0,208	-0,901	1,000	-109,842
173050,4597	1,287	0,208	-0,901	1,000	-109,837
173050,4916	1,287	0,208	-0,901	1,000	-109,848
173050,5076	1,287	0,208	-0,901	1,000	-109,842
173050,5245	1,287	0,208	-0,901	1,000	-109,840
173050,5405	1,287	0,208	-0,901	1,000	-109,838
173050,5594	1,287	0,208	-0,901	1,000	-109,847
173050,5684	1,287	0,208	-0,901	1,000	-109,835
173050,5844	1,287	0,208	-0,901	1,000	-109,840
173050,5924	1,287	0,208	-0,901	1,000	-109,845
173050,6193	1,287	0,208	-0,901	1,000	-109,837
173050,6512	1,287	0,208	-0,901	1,000	-109,835
173050,6682	1,287	0,208	-0,901	1,000	-109,845
173050,6841	1,287	0,208	-0,901	1,000	-109,852
173050,7011	1,287	0,208	-0,901	1,000	-109,840
173050,7180	1,287	0,208	-0,901	1,000	-109,836
173050,7260	1,287	0,208	-0,901	1,000	-109,842
173050,7459	1,287	0,208	-0,901	1,000	-109,838
173050,7519	1,287	0,208	-0,901	1,000	-109,841
173050,7759	1,287	0,208	-0,901	1,000	-109,842
173050,8098	1,287	0,208	-0,901	1,000	-109,837
173050,8267	1,287	0,208	-0,901	1,000	-109,842
173050,8427	1,287	0,208	-0,901	1,000	-109,839
173050,8596	1,287	0,208	-0,901	1,000	-109,839
173050,8766	1,287	0,208	-0,901	1,000	-109,845
173050,8856	1,287	0,208	-0,901	1,000	-109,845
173050,9015	1,287	0,208	-0,901	1,000	-109,859
173050,9095	1,287	0,208	-0,901	1,000	-109,839
173050,9344	1,287	0,208	-0,901	1,000	-109,840
173050,9684	1,287	0,208	-0,901	1,000	-109,840
173050,9853	1,287	0,208	-0,901	1,000	-109,834
173051,0013	1,287	0,208	-0,901	1,000	-109,844
173051,0182	1,287	0,208	-0,901	1,000	-109,839
173051,0352	1,287	0,208	-0,901	1,000	-109,837
173051,0432	1,287	0,208	-0,901	1,000	-109,841
173051,0591	1,287	0,208	-0,901	1,000	-109,840
173051,0681	1,287	0,208	-0,901	1,000	-109,843
173051,0920	1,287	0,208	-0,901	1,000	-109,850
173051,1269	1,287	0,208	-0,901	1,000	-109,847
173051,1429	1,287	0,208	-0,901	1,000	-109,846
173051,1598	1,287	0,208	-0,901	1,000	-109,839
173051,1758	1,287	0,208	-0,901	1,000	-109,838
173051,1928	1,287	0,208	-0,901	1,000	-109,845
173051,2017	1,287	0,208	-0,901	1,000	-109,842
173051,2177	1,287	0,208	-0,901	1,000	-109,858
173051,2257	1,287	0,208	-0,901	1,000	-109,840
173051,2526	1,287	0,208	-0,901	1,000	-109,846
173051,2845	1,287	0,208	-0,901	1,000	-109,848
173051,3015	1,287	0,208	-0,901	1,000	-109,836
173051,3184	1,287	0,208	-0,901	1,000	-109,845
173051,3364	1,287	0,208	-0,901	1,000	-109,840
173051,3513	1,287	0,208	-0,901	1,000	-109,833
173051,3593	1,287	0,208	-0,901	1,000	-109,837
173051,3763	1,287	0,208	-0,901	1,000	-109,846
173051,3842	1,287	0,208	-0,901	1,000	-109,839
173051,4092	1,287	0,208	-0,901	1,000	-109,840
173051,4431	1,287	0,208	-0,901	1,000	-109,845
173051,4590	1,287	0,208	-0,901	1,000	-109,838
173051,4770	1,287	0,208	-0,901	1,000	-109,843
173051,4910	1,287	0,208	-0,901	1,000	-109,838
173051,5079	1,287	0,208	-0,901	1,000	-109,843
173051,5169	1,287	0,208	-0,901	1,000	-109,833
173051,5328	1,287	0,208	-0,901	1,000	-109,840
173051,5428	1,287	0,208	-0,901	1,000	-109,833
173051,5677	1,287	0,208	-0,901	1,000	-109,840
173051,6027	1,287	0,208	-0,901	1,000	-109,840
173051,6176	1,287	0,208	-0,901	1,000	-109,843
173051,6346	1,287	0,208	-0,901	1,000	-109,847
173051,6515	1,287	0,208	-0,901	1,000	-109,844
173051,6675	1,287	0,208	-0,901	1,000	-109,836
173051,6765	1,287	0,208	-0,901	1,000	-109,848
173051,6934	1,287	0,208	-0,901	1,000	-109,837
173051,7014	1,287	0,208	-0,901	1,000	-109,840
173051,7263	1,287	0,208	-0,901	1,000	-109,842
173051,7592	1,287	0,208	-0,901	1,000	-109,846
173051,7762	1,287	0,208	-0,901	1,000	-109,849
173051,7921	1,287	0,208	-0,901	1,000	-109,836
173051,8101	1,287	0,208	-0,901	1,000	-109,838
173051,8261	1,287	0,208	-0,901	1,000	-109,840
173051,8340	1,287	0,208	-0,901	1,000	-109,841
173051,8520	1,287	0,208	-0,901	1,000	-109,844
173051,8600	1,287	0,208	-0,901	1,000	-109,844
173051,8849	1,287	0,208	-0,901	1,000	-109,843
173051,9188	1,287	0,208	-0,901	1,000	-109,840
173051,9348	1,287	0,208	-0,901	1,000	-109,846
173051,9527	1,287	0,208	-0,901	1,000	-109,850
173051,9687	1,287	0,208	-0,901	1,000	-109,842
173051,9846	1,287	0,208	-0,901	1,000	-109,837
173051,9926	1,287	0,208	-0,901	1,000	-109,841
173052,0096	1,287	0,208	-0,901	1,000	-109,839
173052,0175	1,287	0,208	-0,901	1,000	-109,840
173052,0425	1,287	0,208	-0,901	1,000	-109,841
173052,0764	1,287	0,208	-0,901	1,000	-109,847
173052,0923	1,287	0,208	-0,901	1,000	-109,836
173052,1093	1,287	0,208	-0,901	1,000	-109,838
173052,1263	1,287	0,208	-0,901	1,000	-109,841
173052,1422	1,287	0,208	-0,901	1,000	-109,840
173052,1512	1,287	0,208	-0,901	1,000	-109,839
173052,1681	1,287	0,208	-0,901	1,000	-109,846
173052,1761	1,287	0,208	-0,901	1,000	-109,838
173052,2011	1,287	0,208	-0,901	1,000	-109,838
173052,2350	1,287	0,208	-0,901	1,000	-109,845
173052,2519	1,287	0,208	-0,901	1,000	-109,842
173052,2679	1,287	0,208	-0,901	1,000	-109,832
173052,2848	1,287	0,208	-0,901	1,000	-109,836
173052,3008	1,287	0,208	-0,901	1,000	-109,832
173052,3098	1,287	0,208	-0,901	1,000	-109,840
173052,3267	1,287	0,208	-0,901	1,000	-109,844
173052,3347	1,287	0,208	-0,901	1,000	-109,845
173052,3606	1,287	0,208	-0,901	1,000	-109,840
173052,3927	1,287	0,208	-0,901	1,000	-109,839
173052,4097	1,287	0,208	-0,901	1,000	-109,839
173052,4275	1,287	0,208	-0,901	1,000	-109,835
173052,4415	1,287	0,208	-0,901	1,000	-109,843
173052,4584	1,287	0,208	-0,901	1,000	-109,837
173052,4675	1,287	0,208	-0,901	1,000	-109,833
173052,4844	1,287	0,208	-0,901	1,000	-109,842
173052,4924	1,287	0,208	-0,901	1,000	-109,836
173052,5164	1,287	0,208	-0,901	1,000	-109,843
173052,5492	1,287	0,208	-0,901	1,000	-109,836
173052,5681	1,287	0,208	-0,901	1,000	-109,835
173052,5850	1,287	0,208	-0,901	1,000	-109,844
173052,6020	1,287	0,208	-0,901	1,000	-109,844
173052,6179	1,287	0,208	-0,901	1,000	-109,837
173052,6259	1,287	0,208	-0,901	1,000	-109,832
173052,6429	1,287	0,208	-0,901	1,000	-109,836
173052,6508	1,287	0,208	-0,901	1,000	-109,836
173052,6788	1,287	0,208	-0,901	1,000	-109,839
173052,7087	1,287	0,208	-0,901	1,000	-109,852
173052,7247	1,287	0,208	-0,901	1,000	-109,849
173052,7427	1,287	0,208	-0,901	1,000	-109,842
173052,7586	1,287	0,208	-0,901	1,000	-109,839
173052,7756	1,287	0,208	-0,901	1,000	-109,836
173052,7836	1,287	0,208	-0,901	1,000	-109,837
173052,8006	1,287	0,208	-0,901	1,000	-109,842
173052,8085	1,287	0,208	-0,901	1,000	-109,846
173052,8335	1,287	0,208	-0,901	1,000	-109,844
173052,8681	1,287	0,208	-0,901	1,000	-109,840
173052,8850	1,287	0,208	-0,901	1,000	-109,836
173052,9010	1,287	0,208	-0,901	1,000	-109,838
173052,9178	1,287	0,208	-0,901	1,000	-109,845
173052,9348	1,287	0,208	-0,901	1,000	-109,841
173052,9428	1,287	0,208	-0,901	1,000	-109,841
173052,9598	1,287	0,208	-0,901	1,000	-109,847
173052,9677	1,287	0,208	-0,901	1,000	-109,836
173052,9927	1,287	0,208	-0,901	1,000	-109,840
173053,0264	1,287	0,208	-0,901	1,000	-109,844
173053,0439	1,287	0,208	-0,901	1,000	-109,838
173053,0588	1,287	0,208	-0,901	1,000	-109,841
173053,0779	1,287	0,208	-0,901	1,000	-109,836
173053,0938	1,287	0,208	-0,901	1,000	-109,843
173053,1017	1,287	0,208	-0,901	1,000	-109,841
173053,1177	1,287	0,208	-0,901	1,000	-109,840
173053,1259	1,287	0,208	-0,901	1,000	-109,840
173053,1508	1,287	0,208	-0,901	1,000	-109,843
173053,1841	1,287	0,208	-0,901	1,000	-109,844
173053,2011	1,287	0,208	-0,901	1,000	-109,845
173053,2181	1,287	0,208	-0,901	1,000	-109,842
173053,2347	1,287	0,208	-0,901	1,000	-109,842
173053,2517	1,287	0,208	-0,901	1,000	-109,844
173053,2597	1,287	0,208	-0,901	1,000	-109,835
173053,2757	1,287	0,208	-0,901	1,000	-109,833
173053,2836	1,287	0,208	-0,901	1,000	-109,841
173053,3095	1,287	0,208	-0,901	1,000	-109,653
173053,3554	1,287	0,208	-0,901	1,000	-108,836
173053,3654	1,287	0,208	-0,901	1,000	-108,508
173053,3774	1,288	0,208	-0,902	1,000	-108,246
173053,3933	1,288	0,208	-0,902	1,000	-107,907
173053,4097	1,288	0,208	-0,902	1,000	-107,513
173053,4187	1,288	0,208	-0,902	1,000	-107,340
173053,4346	1,288	0,208	-0,902	1,000	-106,972
173053,4436	1,288	0,208	-0,902	1,000	-106,780
173053,4676	1,289	0,208	-0,903	1,000	-106,214
173053,4996	1,289	0,208	-0,903	1,000	-105,436
173053,5166	1,289	0,208	-0,903	1,000	-105,081
173053,5345	1,289	0,208	-0,903	1,000	-104,710
173053,5515	1,289	0,208	-0,903	1,000	-104,371
173053,5684	1,289	0,208	-0,903	1,000	-103,995
173053,5776	1,289	0,208	-0,903	1,000	-103,821
173053,5929	1,290	0,208	-0,903	1,000	-103,468
173053,6019	1,290	0,208	-0,903	1,000	-103,288
173053,6258	1,290	0,208	-0,903	1,000	-102,771
173053,6598	1,290	0,208	-0,904	1,000	-102,040
173053,6767	1,290	0,208	-0,904	1,000	-101,685
173053,6927	1,290	0,208	-0,904	1,000	-101,338
173053,7086	1,291	0,208	-0,904	1,000	-100,997
173053,7246	1,291	0,208	-0,904	1,000	-100,661
173053,7345	1,291	0,208	-0,904	1,000	-100,479
173053,7515	1,291	0,208	-0,905	1,000	-100,180
173053,7585	1,291	0,208	-0,905	1,000	-100,023
173053,7834	1,292	0,208	-0,905	1,000	-99,515
173053,8175	1,292	0,208	-0,905	1,000	-98,775
173053,8334	1,292	0,208	-0,905	1,000	-98,347
173053,8514	1,292	0,208	-0,905	1,000	-97,956
173053,8685	1,292	0,208	-0,905	1,000	-97,562
173053,8846	1,293	0,208	-0,905	1,000	-97,113
173053,8929	1,293	0,208	-0,906	1,000	-96,921
173053,9088	1,293	0,208	-0,906	1,000	-96,568
173053,9178	1,293	0,208	-0,906	1,000	-96,402
173053,9428	1,294	0,208	-0,906	1,000	-95,765
173053,9778	1,294	0,208	-0,906	1,000	-94,899
173053,9938	1,295	0,208	-0,906	1,000	-94,512
173054,0097	1,295	0,208	-0,906	1,000	-94,154
173054,0257	1,295	0,208	-0,906	1,000	-93,828
173054,0436	1,295	0,208	-0,906	1,000	-93,466
173054,0516	1,295	0,208	-0,906	1,000	-93,300
173054,0679	1,295	0,208	-0,906	1,000	-92,910
173054,0770	1,296	0,208	-0,906	1,000	-92,734
173054,1019	1,296	0,208	-0,906	1,000	-92,109
173054,1348	1,296	0,208	-0,906	1,000	-91,319
173054,1528	1,296	0,208	-0,906	1,000	-90,929
173054,1678	1,297	0,208	-0,906	1,000	-90,569
173054,1847	1,297	0,208	-0,906	1,000	-90,170
173054,2037	1,297	0,208	-0,906	1,000	-89,828
173054,2097	1,297	0,208	-0,906	1,000	-89,644
173054,2277	1,297	0,208	-0,906	1,000	-89,281
173054,2346	1,297	0,208	-0,906	1,000	-89,076
173054,2596	1,297	0,208	-0,906	1,000	-88,482
173054,2935	1,298	0,208	-0,906	1,000	-87,685
173054,3095	1,298	0,208	-0,905	1,000	-87,300
173054,3264	1,298	0,208	-0,905	1,000	-86,913
173054,3424	1,298	0,208	-0,905	1,000	-86,504
173054,3612	1,298	0,208	-0,905	1,000	-86,129
173054,3681	1,298	0,208	-0,905	1,000	-85,922
173054,3841	1,299	0,208	-0,905	1,000	-85,497
173054,3931	1,299	0,208	-0,905	1,000	-85,286
173054,4180	1,299	0,208	-0,904	1,000	-84,689
173054,4510	1,299	0,208	-0,904	1,000	-83,996
173054,4686	1,299	0,208	-0,904	1,000	-83,603
173054,4845	1,299	0,208	-0,904	1,000	-83,248
173054,5015	1,299	0,208	-0,904	1,000	-82,893
173054,5174	1,299	0,208	-0,904	1,000	-82,513
173054,5274	1,299	0,208	-0,904	1,000	-82,366
173054,5434	1,299	0,208	-0,904	1,000	-82,026
173054,5513	1,299	0,208	-0,904	1,000	-81,870
173054,5761	1,299	0,208	-0,904	1,000	-81,393
173054,6103	1,299	0,208	-0,904	1,000	-80,725
173054,6275	1,299	0,208	-0,904	1,000	-80,351
173054,6415	1,299	0,208	-0,904	1,000	-79,962
173054,6607	1,299	0,208	-0,904	1,000	-79,585
173054,6766	1,299	0,208	-0,904	1,000	-79,142
173054,6846	1,299	0,208	-0,904	1,000	-78,941
173054,7016	1,299	0,208	-0,904	1,000	-78,565
173054,7105	1,299	0,208	-0,904	1,000	-78,374
173054,7345	1,299	0,208	-0,904	1,000	-77,854
173054,7674	1,299	0,208	-0,904	1,000	-77,194
173054,7844	1,299	0,208	-0,904	1,000	-76,810
173054,8028	1,299	0,208	-0,904	1,000	-76,446
173054,8188	1,300	0,208	-0,904	1,000	-76,048
173054,8348	1,299	0,208	-0,904	1,000	-75,721
173054,8438	1,299	0,208	-0,904	1,000	-75,551
173054,8598	1,300	0,208	-0,904	1,000	-75,192
173054,8678	1,300	0,208	-0,904	1,000	-75,038
173054,8926	1,300	0,208	-0,904	1,000	-74,579
173054,9269	1,299	0,208	-0,904	1,000	-73,959
173054,9431	1,299	0,208	-0,904	1,000	-73,641
173054,9600	1,299	0,208	-0,904	1,000	-73,303
173054,9770	1,299	0,208	-0,904	1,000	-72,963
173054,9930	1,300	0,208	-0,904	1,000	-72,599
173055,0019	1,300	0,208	-0,904	1,000	-72,378
173055,0179	1,300	0,208	-0,904	1,000	-72,084
173055,0259	1,300	0,208	-0,904	1,000	-71,910
173055,0507	1,300	0,208	-0,904	1,000	-71,432
173055,0846	1,300	0,208	-0,904	1,000	-70,753
173055,1016	1,300	0,208	-0,904	1,000	-70,421
173055,1175	1,300	0,208	-0,904	1,000	-70,073
173055,1345	1,300	0,208	-0,904	1,000	-69,690
173055,1514	1,301	0,208	-0,904	1,000	-69,244
173055,1606	1,301	0,208	-0,904	1,000	-69,051
173055,1769	1,301	0,208	-0,904	1,000	-68,655
173055,1848	1,301	0,208	-0,904	1,000	-68,479
173055,2098	1,301	0,208	-0,904	1,000	-67,940
173055,2441	1,301	0,208	-0,904	1,000	-67,254
173055,2590	1,301	0,208	-0,904	1,000	-66,909
173055,2750	1,302	0,208	-0,904	1,000	-66,566
173055,2920	1,302	0,208	-0,904	1,000	-66,176
173055,3089	1,302	0,208	-0,904	1,000	-65,809
173055,3169	1,302	0,208	-0,904	1,000	-65,619
173055,3339	1,302	0,208	-0,904	1,000	-65,281
173055,3419	1,302	0,208	-0,904	1,000	-65,106
173055,3669	1,302	0,208	-0,904	1,000	-64,566
173055,4002	1,303	0,208	-0,904	1,000	-63,840
173055,4171	1,303	0,208	-0,904	1,000	-63,463
173055,4331	1,303	0,208	-0,904	1,000	-63,047
173055,4509	1,303	0,208	-0,904	1,000	-62,621
173055,4678	1,303	0,208	-0,904	1,000	-62,174
173055,4768	1,303	0,208	-0,904	1,000	-61,965
173055,4938	1,303	0,208	-0,904	1,000	-61,579
173055,5017	1,304	0,208	-0,904	1,000	-61,342
173055,5267	1,304	0,208	-0,903	1,000	-60,849
173055,5596	1,304	0,208	-0,903	1,000	-60,101
173055,5766	1,304	0,208	-0,903	1,000	-59,754
173055,5935	1,305	0,208	-0,903	1,000	-59,360
173055,6104	1,305	0,208	-0,903	1,000	-58,927
173055,6264	1,305	0,208	-0,903	1,000	-58,469
173055,6374	1,305	0,208	-0,903	1,000	-58,257
173055,6513	1,306	0,208	-0,903	1,000	-57,848
173055,6603	1,306	0,208	-0,903	1,000	-57,653
173055,6852	1,306	0,208	-0,902	1,000	-57,167
173055,7182	1,306	0,208	-0,902	1,000	-56,517
173055,7341	1,307	0,208	-0,902	1,000	-56,055
173055,7511	1,307	0,208	-0,902	1,000	-55,584
173055,7680	1,307	0,208	-0,902	1,000	-55,169
173055,7840	1,307	0,208	-0,902	1,000	-54,735
173055,7930	1,307	0,208	-0,902	1,000	-54,571
173055,8099	1,307	0,208	-0,902	1,000	-54,182
173055,8179	1,307	0,208	-0,902	1,000	-54,009
173055,8428	1,307	0,208	-0,902	1,000	-53,467
173055,8767	1,307	0,208	-0,901	1,000	-52,717
173055,8917	1,307	0,208	-0,901	1,000	-52,217
173055,9086	1,307	0,208	-0,901	1,000	-51,873
173055,9246	1,307	0,208	-0,901	1,000	-51,447
173055,9446	1,307	0,208	-0,901	1,000	-51,056
173055,9505	1,307	0,208	-0,901	1,000	-50,860
173055,9665	1,307	0,208	-0,901	1,000	-50,487
173055,9745	1,307	0,208	-0,901	1,000	-50,296
173056,0004	1,307	0,208	-0,901	1,000	-49,697
173056,0333	1,307	0,208	-0,900	1,000	-48,970
173056,0503	1,307	0,208	-0,900	1,000	-48,512
173056,0662	1,307	0,208	-0,900	1,000	-48,201
173056,0832	1,307	0,208	-0,900	1,000	-47,804
173056,1001	1,307	0,208	-0,900	1,000	-47,461
173056,1081	1,307	0,208	-0,900	1,000	-47,278
173056,1251	1,307	0,208	-0,900	1,000	-46,921
173056,1330	1,307	0,208	-0,900	1,000	-46,746
173056,1600	1,307	0,208	-0,900	1,000	-46,256
173056,1929	1,307	0,208	-0,900	1,000	-45,552
173056,2108	1,307	0,208	-0,900	1,000	-45,243
173056,2258	1,307	0,208	-0,900	1,000	-44,796
173056,2438	1,307	0,208	-0,900	1,000	-44,420
173056,2597	1,307	0,208	-0,900	1,000	-44,010
173056,2697	1,307	0,208	-0,900	1,000	-43,873
173056,2846	1,307	0,208	-0,900	1,000	-43,470
173056,2926	1,307	0,208	-0,900	1,000	-43,275
173056,3176	1,307	0,208	-0,900	1,000	-42,731
173056,3515	1,307	0,208	-0,900	1,000	-42,031
173056,3674	1,306	0,208	-0,900	1,000	-41,646
173056,3844	1,306	0,208	-0,900	1,000	-41,294
173056,4013	1,306	0,208	-0,900	1,000	-40,940
173056,4193	1,307	0,208	-0,900	1,000	-40,528
173056,4263	1,307	0,208	-0,900	1,000	-40,370
173056,4432	1,307	0,208	-0,900	1,000	-40,004
173056,4512	1,307	0,208	-0,900	1,000	-39,817
173056,4761	1,307	0,208	-0,900	1,000	-39,293
173056,5090	1,306	0,208	-0,900	1,000	-38,593
173056,5300	1,306	0,208	-0,900	1,000	-38,209
173056,5410	1,306	0,208	-0,901	1,000	-37,911
173056,5599	1,306	0,208	-0,901	1,000	-37,588
173056,5769	1,306	0,208	-0,901	1,000	-37,276
173056,5848	1,306	0,208	-0,901	1,000	-37,110
173056,6008	1,306	0,208	-0,901	1,000	-36,743
173056,6098	1,306	0,208	-0,901	1,000	-36,577
173056,6337	1,306	0,208	-0,901	1,000	-36,022
173056,6676	1,306	0,208	-0,900	1,000	-35,394
173056,6836	1,306	0,208	-0,900	1,000	-35,002
173056,7015	1,306	0,208	-0,900	1,000	-34,705
173056,7185	1,306	0,208	-0,900	1,000	-34,314
173056,7344	1,306	0,208	-0,900	1,000	-33,952
173056,7434	1,307	0,208	-0,900	1,000	-33,812
173056,7594	1,307	0,208	-0,900	1,000	-33,446
173056,7684	1,307	0,208	-0,900	1,000	-33,222
173056,7933	1,307	0,208	-0,900	1,000	-32,654
173056,8262	1,307	0,208	-0,900	1,000	-31,929
173056,8432	1,307	0,208	-0,900	1,000	-31,574
173056,8581	1,308	0,208	-0,900	1,000	-31,229
173056,8751	1,308	0,208	-0,900	1,000	-30,879
173056,8920	1,308	0,208	-0,900	1,000	-30,471
173056,9000	1,308	0,208	-0,900	1,000	-30,288
173056,9170	1,308	0,208	-0,900	1,000	-29,888
173056,9249	1,308	0,208	-0,900	1,000	-29,704
173056,9499	1,308	0,208	-0,899	1,000	-29,178
173056,9838	1,308	0,208	-0,899	1,000	-28,519
173056,9997	1,309	0,208	-0,899	1,000	-28,189
173057,0167	1,309	0,208	-0,899	1,000	-27,832
173057,0346	1,309	0,208	-0,899	1,000	-27,481
173057,0516	1,309	0,208	-0,898	1,000	-27,103
173057,0596	1,309	0,208	-0,898	1,000	-26,868
173057,0765	1,309	0,208	-0,898	1,000	-26,485
173057,0845	1,309	0,208	-0,898	1,000	-26,323
173057,1094	1,310	0,208	-0,898	1,000	-25,779
173057,1424	1,310	0,208	-0,898	1,000	-25,076
173057,1583	1,310	0,208	-0,898	1,000	-24,579
173057,1743	1,310	0,208	-0,897	1,000	-24,216
173057,1912	1,310	0,208	-0,897	1,000	-23,845
173057,2082	1,310	0,208	-0,897	1,000	-23,449
173057,2172	1,310	0,208	-0,897	1,000	-23,267
173057,2341	1,310	0,208	-0,897	1,000	-22,917
173057,2421	1,310	0,208	-0,897	1,000	-22,706
173057,2670	1,310	0,208	-0,896	1,000	-22,223
173057,2999	1,311	0,208	-0,896	1,000	-21,474
173057,3169	1,311	0,208	-0,896	1,000	-21,100
173057,3338	1,311	0,208	-0,895	1,000	-20,714
173057,3498	1,311	0,208	-0,895	1,000	-20,243
173057,3668	1,311	0,208	-0,895	1,000	-19,922
173057,3757	1,311	0,208	-0,895	1,000	-19,687
173057,3927	1,311	0,208	-0,895	1,000	-19,362
173057,3997	1,311	0,208	-0,895	1,000	-19,128
173057,4266	1,311	0,208	-0,895	1,000	-18,483
173057,4595	1,312	0,208	-0,895	1,000	-17,618
173057,4755	1,312	0,208	-0,894	1,000	-17,163
173057,4924	1,312	0,208	-0,894	1,000	-16,733
173057,5094	1,312	0,208	-0,894	1,000	-16,208
173057,5243	1,312	0,208	-0,894	1,000	-15,736
173057,5333	1,312	0,208	-0,894	1,000	-15,516
173057,5513	1,312	0,208	-0,894	1,000	-15,278
173057,5592	1,312	0,208	-0,894	1,000	-15,112
173057,5842	1,312	0,208	-0,894	1,000	-14,525
173057,6171	1,312	0,208	-0,894	1,000	-14,451
173057,6330	1,312	0,208	-0,894	1,000	-14,562
173057,6500	1,312	0,208	-0,894	1,000	-14,691
173057,6669	1,312	0,208	-0,894	1,000	-14,674
173057,6849	1,312	0,208	-0,894	1,000	-14,664
173057,6919	1,312	0,208	-0,894	1,000	-14,645
173057,7088	1,312	0,208	-0,894	1,000	-14,617
173057,7168	1,312	0,208	-0,894	1,000	-14,610
173057,7417	1,312	0,208	-0,894	1,000	-14,622
173057,7757	1,312	0,208	-0,894	1,000	-14,651
173057,7936	1,312	0,208	-0,894	1,000	-14,671
173057,8096	1,312	0,208	-0,894	1,000	-14,684
173057,8255	1,312	0,208	-0,894	1,000	-14,679
173057,8425	1,312	0,208	-0,894	1,000	-14,672
173057,8515	1,312	0,208	-0,894	1,000	-14,669
173057,8674	1,312	0,208	-0,894	1,000	-14,667
173057,8754	1,312	0,208	-0,894	1,000	-14,668
173057,9013	1,312	0,208	-0,893	1,000	-14,645
173057,9342	1,312	0,208	-0,894	1,000	-14,678
173057,9512	1,312	0,208	-0,894	1,000	-14,669
173057,9672	1,312	0,208	-0,894	1,000	-14,676
173057,9849	1,312	0,208	-0,894	1,000	-14,676
173058,0008	1,312	0,208	-0,894	1,000	-14,676
173058,0098	1,312	0,208	-0,894	1,000	-14,678
173058,0258	1,312	0,208	-0,894	1,000	-14,671
173058,0348	1,312	0,208	-0,894	1,000	-14,671
173058,0587	1,312	0,208	-0,894	1,000	-14,700
173058,0918	1,312	0,208	-0,893	1,000	-14,650
173058,1084	1,312	0,208	-0,894	1,000	-14,670
173058,1254	1,312	0,208	-0,894	1,000	-14,682
173058,1418	1,312	0,208	-0,894	1,000	-14,686
173058,1587	1,312	0,208	-0,894	1,000	-14,706
173058,1667	1,312	0,208	-0,894	1,000	-14,684
173058,1836	1,312	0,208	-0,894	1,000	-14,670
173058,1914	1,312	0,208	-0,894	1,000	-14,673
173058,2183	1,312	0,208	-0,894	1,000	-14,673
173058,2512	1,312	0,208	-0,893	1,000	-14,644
173058,2681	1,312	0,208	-0,894	1,000	-14,676
173058,2842	1,312	0,208	-0,894	1,000	-14,673
173058,3011	1,312	0,208	-0,894	1,000	-14,672
173058,3181	1,312	0,208	-0,894	1,000	-14,668
173058,3255	1,312	0,208	-0,894	1,000	-14,675
173058,3425	1,312	0,208	-0,894	1,000	-14,679
173058,3514	1,312	0,208	-0,894	1,000	-14,669
173058,3764	1,312	0,207	-0,894	1,000	-14,676
173058,4098	1,312	0,208	-0,894	1,000	-14,665
173058,4288	1,312	0,208	-0,894	1,000	-14,669
173058,4447	1,312	0,208	-0,894	1,000	-14,669
173058,4597	1,312	0,208	-0,894	1,000	-14,674
173058,4761	1,312	0,208	-0,894	1,000	-14,670
173058,4852	1,312	0,208	-0,894	1,000	-14,674
173058,5001	1,312	0,208	-0,894	1,000	-14,672
173058,5081	1,312	0,208	-0,894	1,000	-14,676
173058,5338	1,312	0,208	-0,894	1,000	-14,664
173058,5677	1,312	0,207	-0,893	1,000	-14,681
173058,5846	1,312	0,208	-0,894	1,000	-14,672
173058,6006	1,312	0,208	-0,894	1,000	-14,674
173058,6179	1,312	0,208	-0,894	1,000	-14,673
173058,6348	1,312	0,208	-0,894	1,000	-14,667
173058,6428	1,312	0,207	-0,894	1,000	-14,674
173058,6598	1,312	0,208	-0,894	1,000	-14,672
173058,6688	1,312	0,208	-0,894	1,000	-14,668
173058,6926	1,312	0,208	-0,894	1,000	-14,673
173058,7265	1,312	0,208	-0,894	1,000	-14,668
173058,7425	1,312	0,208	-0,894	1,000	-14,671
173058,7590	1,312	0,208	-0,894	1,000	-14,671
173058,7757	1,312	0,207	-0,894	1,000	-14,673
173058,7930	1,312	0,208	-0,894	1,000	-14,664
173058,8012	1,312	0,208	-0,894	1,000	-14,661
173058,8172	1,312	0,208	-0,894	1,000	-14,670
173058,8261	1,312	0,208	-0,894	1,000	-14,663
173058,8510	1,312	0,208	-0,894	1,000	-14,667
173058,8846	1,312	0,207	-0,894	1,000	-14,669
173058,9017	1,312	0,208	-0,894	1,000	-14,662
173058,9177	1,312	0,207	-0,893	1,000	-14,670
173058,9347	1,312	0,207	-0,894	1,000	-14,666
173058,9507	1,312	0,207	-0,894	1,000	-14,664
173058,9597	1,312	0,207	-0,894	1,000	-14,676
173058,9755	1,312	0,208	-0,894	1,000	-14,673
173058,9844	1,312	0,208	-0,894	1,000	-14,664
173059,0094	1,312	0,208	-0,894	1,000	-14,668
173059,0424	1,312	0,207	-0,894	1,000	-14,672
173059,0594	1,312	0,208	-0,894	1,000	-14,664
173059,0764	1,312	0,207	-0,894	1,000	-14,662
173059,0943	1,312	0,208	-0,893	1,000	-14,672
173059,1083	1,312	0,208	-0,894	1,000	-14,672
173059,1193	1,312	0,207	-0,894	1,000	-14,665
173059,1332	1,312	0,208	-0,894	1,000	-14,693
173059,1422	1,312	0,207	-0,894	1,000	-14,659
173059,1664	1,312	0,208	-0,894	1,000	-14,666
173059,1993	1,312	0,208	-0,894	1,000	-14,654
173059,2163	1,312	0,208	-0,894	1,000	-14,671
173059,2333	1,312	0,208	-0,894	1,000	-14,647
173059,2504	1,312	0,207	-0,893	1,000	-14,670
173059,2664	1,312	0,207	-0,894	1,000	-14,668
173059,2758	1,312	0,208	-0,894	1,000	-14,667
173059,2918	1,312	0,208	-0,893	1,000	-14,665
173059,2998	1,312	0,207	-0,894	1,000	-14,664
173059,3247	1,312	0,207	-0,894	1,000	-14,662
173059,3586	1,312	0,208	-0,894	1,000	-14,656
173059,3750	1,312	0,207	-0,893	1,000	-14,662
173059,3920	1,312	0,207	-0,893	1,000	-14,672
173059,4090	1,312	0,207	-0,894	1,000	-14,671
173059,4259	1,312	0,208	-0,894	1,000	-14,661
173059,4329	1,312	0,208	-0,893	1,000	-14,665
173059,4500	1,312	0,208	-0,894	1,000	-14,698
173059,4590	1,312	0,207	-0,894	1,000	-14,665
173059,4839	1,312	0,207	-0,894	1,000	-14,666
173059,5162	1,312	0,207	-0,893	1,000	-14,669
173059,5342	1,312	0,207	-0,894	1,000	-14,671
173059,5513	1,312	0,207	-0,893	1,000	-14,669
173059,5678	1,312	0,207	-0,893	1,000	-14,669
173059,5847	1,312	0,208	-0,894	1,000	-14,647
173059,5937	1,312	0,207	-0,894	1,000	-14,668
173059,6088	1,312	0,207	-0,893	1,000	-14,666
173059,6178	1,312	0,207	-0,894	1,000	-14,658
173059,6427	1,312	0,207	-0,894	1,000	-14,666
173059,6758	1,312	0,207	-0,893	1,000	-14,671
173059,6936	1,312	0,207	-0,894	1,000	-14,672
173059,7106	1,312	0,207	-0,894	1,000	-14,668
173059,7275	1,312	0,207	-0,893	1,000	-14,666
173059,7428	1,312	0,207	-0,893	1,000	-14,660
173059,7508	1,312	0,207	-0,893	1,000	-14,661
173059,7677	1,312	0,207	-0,894	1,000	-14,654
173059,7756	1,312	0,207	-0,893	1,000	-14,673
173059,8025	1,312	0,207	-0,894	1,000	-14,665
173059,8354	1,312	0,207	-0,893	1,000	-14,668
173059,8524	1,312	0,208	-0,893	1,000	-14,659
173059,8693	1,312	0,207	-0,893	1,000	-14,676
173059,8848	1,312	0,207	-0,894	1,000	-14,661
173059,9008	1,312	0,207	-0,893	1,000	-14,669
173059,9097	1,312	0,207	-0,893	1,000	-14,666
173059,9257	1,312	0,207	-0,893	1,000	-14,667
173059,9347	1,312	0,207	-0,893	1,000	-14,665
173059,9596	1,312	0,207	-0,893	1,000	-14,670
173059,9922	1,312	0,207	-0,893	1,000	-14,661
173100,0091	1,312	0,208	-0,894	1,000	-14,641
173100,0261	1,312	0,207	-0,894	1,000	-14,664
173100,0430	1,312	0,207	-0,893	1,000	-14,663
173100,0590	1,312	0,207	-0,894	1,000	-14,665
173100,0679	1,312	0,208	-0,894	1,000	-14,691
173100,0846	1,312	0,207	-0,893	1,000	-14,658
173100,0935	1,312	0,207	-0,893	1,000	-14,697
173100,1175	1,312	0,207	-0,893	1,000	-14,658
173100,1512	1,312	0,207	-0,893	1,000	-14,663
173100,1677	1,312	0,207	-0,893	1,000	-14,669
173100,1846	1,312	0,207	-0,893	1,000	-14,668
173100,2013	1,312	0,207	-0,893	1,000	-14,656
173100,2173	1,312	0,207	-0,893	1,000	-14,674
173100,2263	1,312	0,207	-0,893	1,000	-14,665
173100,2458	1,312	0,207	-0,893	1,000	-14,668
173100,2518	1,312	0,207	-0,893	1,000	-14,665
173100,2755	1,312	0,207	-0,893	1,000	-14,667
173100,3084	1,312	0,207	-0,893	1,000	-14,669
173100,3254	1,312	0,207	-0,893	1,000	-14,664
