174957,8935	0,011	-0,051	1,025	-0,806	-0,181	0,188	-0,385	-0,215	0,079
174957,9015	0,011	-0,051	1,025	-0,725	0,121	0,040	-0,385	-0,212	0,082
174957,9095	0,011	-0,050	1,025	-0,765	0,060	-0,027	-0,385	-0,215	0,082
174957,9195	0,012	-0,051	1,026	-0,725	0,101	-0,094	-0,385	-0,215	0,079
174957,9274	0,012	-0,052	1,026	-0,725	0,302	0,027	-0,385	-0,212	0,082
174957,9364	0,011	-0,051	1,025	-0,745	0,383	0,067	-0,385	-0,215	0,079
174957,9454	0,011	-0,051	1,026	-0,786	0,121	0,040	-0,385	-0,215	0,082
174957,9544	0,012	-0,051	1,026	-0,725	0,020	0,376	-0,385	-0,215	0,079
174957,9623	0,011	-0,051	1,026	-0,725	0,363	-0,081	-0,385	-0,212	0,082
174957,9713	0,012	-0,052	1,025	-0,806	0,181	-0,188	-0,385	-0,215	0,079
174957,9803	0,011	-0,051	1,026	-0,826	0,222	-0,309	-0,385	-0,215	0,082
174957,9893	0,012	-0,052	1,026	-0,705	-0,020	0,054	-0,385	-0,212	0,079
174957,9982	0,012	-0,051	1,026	-0,544	0,242	-0,013	-0,385	-0,215	0,079
174958,0072	0,011	-0,051	1,025	-0,886	0,081	-0,228	-0,385	-0,215	0,079
174958,0162	0,011	-0,051	1,026	-0,745	-0,121	-0,242	-0,385	-0,215	0,079
174958,0242	0,011	-0,050	1,026	-0,927	0,020	0,121	-0,385	-0,215	0,079
174958,0321	0,011	-0,052	1,026	-0,826	0,242	0,067	-0,385	-0,215	0,082
174958,0401	0,011	-0,051	1,026	-0,765	0,383	0,107	-0,385	-0,215	0,079
174958,0481	0,011	-0,051	1,026	-0,947	-0,141	-0,027	-0,385	-0,212	0,082
174958,0571	0,011	-0,051	1,026	-0,886	0,121	0,107	-0,385	-0,215	0,079
174958,0651	0,011	-0,051	1,026	-0,665	0,181	-0,081	-0,385	-0,215	0,082
174958,0730	0,011	-0,051	1,025	-0,846	0,020	-0,013	-0,385	-0,215	0,082
174958,0810	0,011	-0,051	1,026	-0,544	0,040	-0,188	-0,385	-0,215	0,076
174958,0890	0,011	-0,051	1,026	-0,564	0,222	0,107	-0,385	-0,215	0,082
174958,0990	0,012	-0,051	1,025	-0,846	0,101	0,134	-0,385	-0,215	0,079
174958,1089	0,011	-0,050	1,026	-0,725	-0,081	0,295	-0,385	-0,215	0,082
174958,1179	0,011	-0,051	1,026	-0,967	-0,081	0,081	-0,385	-0,215	0,082
174958,1259	0,011	-0,051	1,025	-0,745	0,242	0,188	-0,385	-0,215	0,076
174958,1339	0,011	-0,051	1,025	-0,645	0,201	-0,067	-0,385	-0,215	0,082
174958,1429	0,012	-0,051	1,025	-1,068	0,060	0,081	-0,385	-0,215	0,079
174958,1518	0,010	-0,051	1,026	-0,665	0,181	0,027	-0,385	-0,215	0,079
174958,1608	0,012	-0,052	1,025	-0,665	0,222	-0,107	-0,385	-0,215	0,079
174958,1688	0,011	-0,052	1,025	-0,483	0,161	0,013	-0,385	-0,215	0,082
174958,1788	0,011	-0,051	1,026	-0,645	-0,201	0,121	-0,385	-0,212	0,079
174958,1867	0,012	-0,051	1,026	-0,765	0,141	0,134	-0,385	-0,215	0,079
174958,1947	0,012	-0,051	1,025	-0,826	0,201	0,081	-0,388	-0,212	0,079
174958,2027	0,011	-0,051	1,025	-0,685	0,141	0,067	-0,385	-0,215	0,079
174958,2107	0,011	-0,051	1,025	-0,564	0,181	-0,067	-0,385	-0,215	0,082
174958,2187	0,011	-0,050	1,026	-0,564	0,081	-0,067	-0,385	-0,215	0,079
174958,2266	0,011	-0,051	1,025	-0,806	-0,081	-0,013	-0,385	-0,215	0,079
174958,2346	0,011	-0,051	1,025	-0,846	0,181	0,054	-0,385	-0,215	0,079
174958,2436	0,011	-0,050	1,027	-0,745	0,101	-0,054	-0,385	-0,212	0,082
174958,2516	0,011	-0,051	1,026	-0,564	0,322	-0,081	-0,385	-0,215	0,079
174958,2605	0,011	-0,051	1,026	-0,846	0,081	-0,081	-0,385	-0,212	0,079
174958,2695	0,011	-0,051	1,026	-0,624	0,060	-0,013	-0,385	-0,215	0,079
174958,2775	0,011	-0,051	1,025	-0,705	0,443	0,013	-0,385	-0,212	0,076
174958,2855	0,011	-0,051	1,026	-0,745	0,262	-0,121	-0,385	-0,215	0,082
174958,2954	0,011	-0,051	1,026	-0,826	0,121	-0,201	-0,385	-0,215	0,079
174958,3034	0,012	-0,052	1,025	-0,947	0,242	0,201	-0,385	-0,215	0,082
174958,3114	0,011	-0,052	1,026	-0,725	0,060	-0,134	-0,385	-0,215	0,079
174958,3194	0,010	-0,050	1,026	-0,786	0,060	-0,174	-0,385	-0,215	0,079
174958,3284	0,011	-0,051	1,026	-0,786	0,101	0,094	-0,385	-0,215	0,082
174958,3373	0,011	-0,051	1,025	-0,463	0,161	0,067	-0,385	-0,215	0,079
174958,3453	0,011	-0,051	1,026	-0,765	0,363	-0,107	-0,385	-0,215	0,079
174958,3533	0,011	-0,051	1,026	-0,584	0,383	-0,054	-0,385	-0,215	0,079
174958,3613	0,011	-0,052	1,026	-0,685	0,161	-0,094	-0,385	-0,215	0,082
174958,3702	0,012	-0,052	1,026	-0,806	0,101	-0,107	-0,385	-0,215	0,079
174958,3782	0,011	-0,052	1,025	-1,108	0,242	0,040	-0,385	-0,215	0,079
174958,3862	0,011	-0,051	1,026	-0,725	0,161	-0,161	-0,385	-0,215	0,079
174958,3952	0,011	-0,051	1,026	-1,027	0,302	0,121	-0,385	-0,215	0,079
174958,4032	0,012	-0,051	1,026	-0,745	0,322	0,054	-0,385	-0,212	0,082
174958,4111	0,011	-0,051	1,025	-0,786	0,222	0,094	-0,385	-0,215	0,079
174958,4191	0,011	-0,050	1,026	-0,927	0,141	0,121	-0,385	-0,212	0,079
174958,4281	0,011	-0,051	1,026	-0,806	0,201	-0,201	-0,385	-0,212	0,079
174958,4361	0,011	-0,051	1,025	-0,745	0,262	0,013	-0,385	-0,215	0,079
174958,4450	0,011	-0,051	1,026	-0,846	0,483	-0,040	-0,385	-0,212	0,082
174958,4530	0,011	-0,051	1,026	-0,906	0,141	0,174	-0,385	-0,215	0,079
174958,4610	0,011	-0,051	1,026	-0,806	-0,040	0,121	-0,385	-0,212	0,079
174958,4690	0,011	-0,051	1,026	-0,765	0,242	-0,054	-0,385	-0,212	0,079
174958,4770	0,010	-0,051	1,026	-0,725	0,121	-0,148	-0,385	-0,215	0,076
174958,4850	0,011	-0,051	1,025	-0,765	-0,020	-0,067	-0,385	-0,215	0,082
174958,4939	0,011	-0,051	1,026	-0,564	-0,020	-0,040	-0,385	-0,215	0,079
174958,5029	0,011	-0,052	1,025	-0,947	-0,081	0,134	-0,385	-0,212	0,079
174958,5109	0,012	-0,052	1,026	-0,705	-0,060	0,067	-0,385	-0,215	0,079
174958,5198	0,011	-0,051	1,025	-0,806	0,201	-0,040	-0,385	-0,215	0,079
174958,5278	0,010	-0,050	1,026	-0,725	0,181	-0,040	-0,385	-0,215	0,082
174958,5368	0,011	-0,050	1,026	-0,906	0,544	0,081	-0,385	-0,215	0,079
174958,5458	0,011	-0,051	1,026	-0,886	0,141	0,134	-0,385	-0,215	0,079
174958,5548	0,011	-0,051	1,026	-0,685	0,383	0,067	-0,385	-0,215	0,079
174958,5627	0,012	-0,052	1,025	-0,725	0,262	-0,027	-0,385	-0,215	0,082
174958,5717	0,011	-0,051	1,027	-0,906	0,262	0,040	-0,385	-0,212	0,079
174958,5797	0,011	-0,052	1,026	-0,846	0,383	0,094	-0,385	-0,212	0,079
174958,5877	0,011	-0,051	1,026	-0,846	0,141	0,107	-0,385	-0,212	0,079
174958,5956	0,011	-0,051	1,026	-0,685	-0,101	0,188	-0,385	-0,215	0,076
174958,6047	0,011	-0,051	1,026	-0,705	-0,020	0,040	-0,385	-0,215	0,082
174958,6127	0,010	-0,051	1,026	-0,765	0,201	-0,081	-0,385	-0,212	0,079
174958,6207	0,011	-0,051	1,026	-0,866	0,040	0,054	-0,385	-0,215	0,079
174958,6297	0,011	-0,051	1,025	-0,967	0,141	-0,121	-0,385	-0,215	0,079
174958,6376	0,011	-0,051	1,026	-0,826	0,242	-0,040	-0,385	-0,215	0,079
174958,6476	0,011	-0,052	1,026	-0,906	0,161	0,148	-0,385	-0,215	0,079
174958,6556	0,011	-0,051	1,026	-0,826	0,060	0,228	-0,385	-0,215	0,079
174958,6636	0,011	-0,052	1,026	-0,604	0,020	0,121	-0,385	-0,215	0,079
174958,6716	0,011	-0,051	1,025	-1,007	-0,020	-0,054	-0,385	-0,215	0,079
174958,6795	0,011	-0,051	1,025	-0,645	0,020	-0,107	-0,385	-0,215	0,079
174958,6875	0,011	-0,052	1,025	-0,624	0,242	0,054	-0,385	-0,212	0,079
174958,6975	0,010	-0,052	1,026	-0,665	0,342	0,013	-0,385	-0,212	0,079
174958,7064	0,011	-0,052	1,025	-0,423	0,201	0,268	-0,385	-0,215	0,079
174958,7144	0,011	-0,051	1,025	-0,705	0,060	0,134	-0,385	-0,215	0,079
174958,7234	0,012	-0,051	1,026	-0,846	0,242	0,161	-0,385	-0,215	0,079
174958,7314	0,011	-0,050	1,026	-0,806	0,121	-0,027	-0,385	-0,215	0,079
174958,7404	0,011	-0,051	1,026	-0,745	0,060	-0,027	-0,385	-0,215	0,079
174958,7483	0,012	-0,052	1,025	-0,463	0,020	-0,027	-0,385	-0,215	0,079
174958,7563	0,012	-0,052	1,025	-0,826	0,121	-0,027	-0,385	-0,215	0,076
174958,7653	0,011	-0,051	1,025	-0,342	0,040	0,081	-0,385	-0,215	0,082
174958,7733	0,011	-0,051	1,026	-0,725	-0,121	-0,228	-0,385	-0,212	0,079
174958,7822	0,010	-0,051	1,025	-0,826	0,101	-0,107	-0,385	-0,215	0,079
174958,7902	0,013	-0,052	1,025	-0,886	0,060	0,161	-0,385	-0,215	0,079
174958,7982	0,011	-0,051	1,026	-0,786	-0,201	-0,161	-0,385	-0,215	0,076
174958,8062	0,011	-0,051	1,026	-0,544	0,383	-0,067	-0,385	-0,215	0,079
174958,8142	0,011	-0,051	1,025	-0,906	0,242	-0,134	-0,385	-0,215	0,079
174958,8221	0,012	-0,051	1,026	-0,786	-0,081	-0,188	-0,385	-0,215	0,079
174958,8301	0,011	-0,051	1,025	-1,108	0,262	-0,094	-0,385	-0,215	0,079
174958,8381	0,011	-0,051	1,025	-0,786	0,363	0,040	-0,385	-0,215	0,079
174958,8461	0,011	-0,051	1,026	-0,745	0,101	0,322	-0,385	-0,215	0,079
174958,8551	0,011	-0,051	1,026	-0,624	-0,141	0,134	-0,385	-0,215	0,079
174958,8630	0,011	-0,051	1,026	-0,645	-0,040	-0,336	-0,388	-0,215	0,079
174958,8710	0,011	-0,051	1,026	-0,906	0,161	-0,201	-0,388	-0,212	0,079
174958,8790	0,011	-0,051	1,025	-0,645	0,181	-0,201	-0,388	-0,215	0,079
174958,8870	0,012	-0,051	1,025	-0,846	-0,141	-0,174	-0,388	-0,212	0,079
174958,8949	0,012	-0,051	1,026	-0,705	0,383	0,067	-0,388	-0,215	0,079
174958,9039	0,012	-0,051	1,025	-0,604	0,121	0,107	-0,388	-0,215	0,079
174958,9119	0,011	-0,051	1,025	-0,826	0,262	0,027	-0,388	-0,215	0,076
174958,9199	0,012	-0,051	1,025	-0,685	0,060	0,094	-0,388	-0,212	0,079
174958,9279	0,011	-0,051	1,026	-0,866	0,463	-0,067	-0,388	-0,215	0,079
174958,9358	0,010	-0,050	1,026	-0,544	0,121	-0,027	-0,388	-0,215	0,079
174958,9438	0,011	-0,051	1,026	-0,745	0,262	0,107	-0,388	-0,215	0,079
174958,9518	0,011	-0,052	1,026	-0,765	0,222	-0,295	-0,388	-0,215	0,076
174958,9608	0,011	-0,051	1,025	-1,047	0,060	-0,054	-0,388	-0,215	0,079
174958,9687	0,012	-0,052	1,026	-0,765	-0,161	0,148	-0,388	-0,215	0,079
174958,9777	0,011	-0,051	1,026	-0,765	0,141	0,201	-0,388	-0,215	0,079
174958,9857	0,011	-0,051	1,026	-0,806	0,302	-0,013	-0,388	-0,215	0,079
174958,9937	0,011	-0,051	1,025	-0,705	0,141	-0,161	-0,388	-0,215	0,076
174959,0017	0,011	-0,051	1,026	-0,846	0,181	0,054	-0,388	-0,215	0,079
174959,0106	0,012	-0,052	1,026	-0,846	-0,121	0,094	-0,388	-0,215	0,076
174959,0186	0,012	-0,052	1,026	-0,826	0,181	-0,161	-0,388	-0,215	0,079
174959,0276	0,010	-0,051	1,026	-0,886	0,181	-0,121	-0,388	-0,215	0,079
174959,0356	0,011	-0,051	1,025	-0,846	0,201	-0,067	-0,388	-0,215	0,076
174959,0435	0,011	-0,051	1,026	-0,725	-0,201	0,094	-0,391	-0,215	0,079
174959,0525	0,010	-0,051	1,027	-0,866	0,222	-0,054	-0,388	-0,215	0,076
174959,0605	0,011	-0,051	1,026	-0,765	0,181	0,054	-0,388	-0,215	0,079
174959,0685	0,012	-0,051	1,025	-0,846	0,201	0,121	-0,388	-0,215	0,079
174959,0795	0,011	-0,051	1,026	-0,806	-0,020	-0,107	-0,388	-0,212	0,076
174959,0884	0,011	-0,052	1,026	-0,786	-0,121	-0,201	-0,388	-0,212	0,079
174959,0974	0,012	-0,052	1,026	-0,826	0,161	-0,094	-0,388	-0,215	0,079
174959,1054	0,011	-0,051	1,026	-0,765	0,262	-0,054	-0,388	-0,215	0,076
174959,1144	0,011	-0,051	1,026	-0,765	-0,222	-0,215	-0,388	-0,215	0,076
174959,1233	0,011	-0,052	1,026	-0,906	0,201	-0,201	-0,388	-0,215	0,079
174959,1313	0,011	-0,052	1,026	-0,987	-0,201	0,027	-0,388	-0,215	0,076
174959,1393	0,012	-0,052	1,026	-0,786	0,161	0,228	-0,388	-0,212	0,079
174959,1473	0,011	-0,051	1,027	-1,068	-0,141	0,134	-0,388	-0,212	0,079
174959,1572	0,010	-0,051	1,027	-0,967	0,101	-0,081	-0,388	-0,215	0,076
174959,1652	0,011	-0,051	1,026	-1,027	0,040	-0,215	-0,388	-0,215	0,079
174959,1732	0,011	-0,052	1,026	-0,967	0,121	-0,081	-0,388	-0,215	0,079
174959,1812	0,011	-0,051	1,026	-1,068	-0,201	-0,107	-0,388	-0,212	0,076
174959,1902	0,011	-0,051	1,026	-0,786	0,262	-0,094	-0,388	-0,215	0,079
174959,1981	0,011	-0,052	1,025	-0,624	0,302	-0,081	-0,388	-0,215	0,076
174959,2071	0,011	-0,051	1,025	-0,745	0,081	0,067	-0,388	-0,215	0,079
174959,2151	0,011	-0,052	1,026	-0,604	0,342	-0,188	-0,388	-0,212	0,076
174959,2231	0,012	-0,051	1,025	-0,826	0,222	-0,027	-0,388	-0,215	0,076
174959,2320	0,011	-0,051	1,026	-0,685	-0,201	-0,121	-0,388	-0,215	0,079
174959,2400	0,011	-0,051	1,026	-0,685	0,242	-0,215	-0,388	-0,215	0,076
174959,2480	0,011	-0,051	1,026	-0,725	0,403	0,161	-0,388	-0,215	0,079
174959,2570	0,011	-0,052	1,025	-0,786	0,222	0,013	-0,388	-0,215	0,076
174959,2650	0,011	-0,051	1,026	-0,645	-0,121	0,201	-0,388	-0,215	0,076
174959,2729	0,011	-0,051	1,026	-0,705	0,020	-0,188	-0,388	-0,212	0,079
174959,2809	-0,012	-0,027	1,025	-0,906	-0,161	-0,054	-0,388	-0,215	0,076
174959,2889	-0,030	-0,090	1,006	-6,385	-0,181	1,288	-0,351	-0,297	0,009
174959,2979	0,119	-0,326	1,040	5,338	-1,511	3,986	-0,391	-0,224	0,058
174959,3068	0,042	0,022	1,070	-3,203	1,249	1,879	-0,406	-0,191	0,064
174959,3148	-0,018	-0,416	0,928	-3,505	0,504	5,060	-0,385	-0,230	0,055
174959,3238	0,067	0,054	1,074	4,069	-0,765	8,213	-0,388	-0,203	0,064
174959,3318	0,069	-0,368	1,026	-8,339	0,302	2,979	-0,364	-0,221	0,055
174959,3398	0,046	-0,225	1,026	5,720	-1,269	8,442	-0,364	-0,212	0,061
174959,3477	-0,007	-0,054	0,998	-1,712	0,262	8,254	-0,370	-0,215	0,067
174959,3567	-0,015	-0,207	0,993	-2,397	-0,483	7,999	-0,367	-0,221	0,061
174959,3657	-0,047	-0,033	1,043	-0,222	0,161	5,556	-0,364	-0,242	0,061
174959,3737	-0,049	-0,154	1,026	-0,947	0,443	1,919	-0,364	-0,242	0,055
174959,3816	-0,015	-0,123	1,020	-1,974	0,121	-4,160	-0,364	-0,251	0,052
174959,3896	-0,018	-0,156	1,031	1,168	0,222	-3,060	-0,364	-0,251	0,045
174959,3976	0,016	-0,048	1,043	0,141	1,047	-2,751	-0,376	-0,233	0,067
174959,4066	-0,004	-0,154	0,994	-1,793	1,752	-1,624	-0,388	-0,245	0,070
174959,4146	-0,023	-0,074	1,007	0,846	2,115	-1,033	-0,379	-0,245	0,070
174959,4235	-0,061	-0,065	1,018	-0,765	1,813	-1,543	-0,370	-0,248	0,061
174959,4315	-0,090	0,008	1,074	-0,423	0,262	0,510	-0,367	-0,245	0,064
174959,4405	0,029	-0,039	1,005	-0,584	-1,309	0,926	-0,379	-0,236	0,070
174959,4485	0,056	0,037	1,020	-0,282	0,685	0,550	-0,385	-0,224	0,076
174959,4604	0,007	-0,030	1,028	-2,095	1,088	-0,631	-0,391	-0,218	0,082
174959,4684	0,014	-0,035	1,037	-1,430	0,121	0,255	-0,379	-0,218	0,088
174959,4764	0,025	-0,026	1,029	-1,128	-0,141	1,248	-0,385	-0,212	0,082
174959,4844	0,041	-0,039	1,023	-0,483	0,866	1,423	-0,370	-0,218	0,079
174959,4923	-0,000	-0,024	1,022	-1,511	1,249	1,329	-0,379	-0,209	0,079
174959,5013	0,001	-0,125	1,017	-0,745	0,201	0,819	-0,370	-0,218	0,073
174959,5093	0,013	0,001	1,040	0,060	0,181	1,154	-0,376	-0,215	0,079
174959,5183	0,014	-0,105	1,002	-0,866	1,208	1,369	-0,370	-0,221	0,067
174959,5273	-0,008	-0,029	1,012	-0,947	1,249	1,476	-0,373	-0,215	0,082
174959,5352	0,012	-0,013	1,051	0,423	0,765	2,161	-0,373	-0,215	0,082
174959,5442	0,013	-0,060	1,022	-1,611	0,262	1,423	-0,373	-0,215	0,079
174959,5532	0,002	-0,056	1,002	-0,443	-0,544	1,892	-0,376	-0,218	0,073
174959,5612	0,005	-0,049	1,028	-1,551	-0,705	1,154	-0,379	-0,218	0,076
174959,5691	0,004	-0,045	1,031	-0,685	-1,168	2,241	-0,385	-0,218	0,079
174959,5771	0,039	-0,098	1,013	-1,410	-1,108	1,181	-0,376	-0,233	0,073
174959,5851	0,029	-0,032	1,012	-0,222	-0,040	1,463	-0,376	-0,233	0,070
174959,5931	0,017	-0,096	1,004	-1,813	-0,443	0,684	-0,379	-0,230	0,067
174959,6011	0,014	-0,084	1,019	-0,363	-0,725	1,369	-0,379	-0,224	0,070
174959,6090	0,039	-0,085	1,054	-0,121	-1,047	1,584	-0,376	-0,233	0,067
174959,6180	0,047	-0,010	1,045	0,322	-0,584	1,745	-0,385	-0,221	0,073
174959,6270	0,009	-0,079	0,994	-0,927	0,927	0,389	-0,373	-0,236	0,073
174959,6350	-0,013	-0,006	1,026	0,483	-0,463	1,074	-0,376	-0,230	0,073
174959,6439	0,036	-0,019	1,032	-2,236	-0,826	-0,349	-0,376	-0,230	0,073
174959,6519	0,007	0,010	1,048	0,342	0,645	-0,013	-0,370	-0,236	0,067
174959,6599	0,032	-0,027	1,041	-2,457	0,624	-0,470	-0,373	-0,224	0,073
174959,6679	-0,010	-0,018	1,028	-0,564	1,047	-0,121	-0,373	-0,224	0,073
174959,6769	0,031	-0,035	1,042	-1,974	0,685	-0,980	-0,364	-0,224	0,067
174959,6858	0,021	-0,064	1,036	-0,624	1,208	-1,033	-0,364	-0,224	0,070
174959,6938	0,001	-0,079	1,026	-0,544	0,504	-1,329	-0,373	-0,218	0,070
174959,7018	0,024	-0,018	1,018	-0,745	0,524	-1,382	-0,370	-0,224	0,070
174959,7098	0,005	-0,092	0,996	-1,692	1,148	-1,329	-0,376	-0,218	0,076
174959,7177	-0,005	-0,029	1,019	-0,725	0,504	-0,631	-0,373	-0,230	0,067
174959,7267	-0,002	-0,095	1,031	-1,611	0,141	-1,503	-0,376	-0,221	0,070
174959,7357	0,015	-0,065	1,022	-0,101	-0,282	-1,127	-0,370	-0,224	0,073
174959,7447	0,016	-0,080	1,020	-0,645	0,765	-1,355	-0,367	-0,230	0,076
174959,7536	-0,021	-0,091	1,023	-0,685	1,511	-1,704	-0,361	-0,245	0,061
174959,7628	-0,013	-0,090	1,021	0,020	1,007	-1,503	-0,370	-0,248	0,064
174959,7718	0,006	-0,077	0,995	-1,229	1,853	-3,006	-0,367	-0,242	0,061
174959,7808	-0,027	-0,106	1,028	0,886	3,001	-3,583	-0,370	-0,239	0,064
174959,7888	-0,140	0,099	1,074	-1,349	0,927	-2,805	-0,391	-0,221	0,079
174959,7967	-0,003	-0,260	0,962	-2,034	-3,102	-2,845	-0,385	-0,215	0,082
174959,8057	0,121	0,143	1,065	4,653	-1,007	-0,174	-0,388	-0,218	0,082
174959,8137	0,010	-0,058	1,021	-4,572	2,256	-2,617	-0,376	-0,224	0,076
174959,8217	-0,068	-0,048	1,001	-0,242	0,826	1,503	-0,385	-0,230	0,082
174959,8306	-0,041	-0,053	1,032	-0,322	-1,631	0,980	-0,376	-0,230	0,076
174959,8386	0,082	0,019	1,032	0,906	-2,256	2,899	-0,388	-0,233	0,079
174959,8476	0,078	-0,046	1,005	-1,934	0,806	1,919	-0,385	-0,236	0,067
174959,8556	-0,031	0,025	1,055	0,383	0,544	3,261	-0,385	-0,236	0,067
174959,8646	0,017	-0,090	1,019	-1,168	-1,692	2,429	-0,385	-0,221	0,073
174959,8725	0,091	-0,021	1,025	0,645	-1,551	2,469	-0,379	-0,212	0,085
174959,8805	0,091	-0,022	1,026	-0,584	1,007	1,302	-0,379	-0,206	0,079
174959,8885	-0,010	-0,056	1,024	-1,068	1,531	0,993	-0,379	-0,206	0,088
174959,8975	-0,014	-0,084	1,028	-0,886	-0,705	0,443	-0,370	-0,209	0,076
174959,9074	0,008	-0,065	1,030	-0,564	-0,987	0,658	-0,376	-0,215	0,082
174959,9164	0,014	-0,068	1,022	-0,363	-0,181	1,060	-0,373	-0,215	0,079
174959,9244	-0,026	-0,032	1,022	-1,672	-0,060	0,094	-0,376	-0,221	0,073
174959,9324	-0,031	-0,119	1,023	-1,188	-1,088	0,899	-0,370	-0,221	0,073
174959,9403	0,009	-0,091	1,025	-0,846	-1,752	1,382	-0,379	-0,209	0,082
174959,9483	0,014	-0,098	1,005	0,322	-1,631	3,114	-0,376	-0,206	0,082
174959,9563	0,056	-0,095	1,053	-0,242	-1,833	3,194	-0,379	-0,212	0,067
174959,9643	0,045	0,022	1,071	-1,128	-0,584	3,127	-0,370	-0,230	0,073
174959,9733	-0,004	-0,113	0,988	-2,135	0,705	0,698	-0,367	-0,236	0,067
174959,9812	-0,014	0,107	1,046	-1,007	-0,826	-0,161	-0,370	-0,236	0,073
174959,9902	0,031	-0,088	1,009	-3,142	-0,040	-1,436	-0,373	-0,233	0,073
174959,9992	0,006	-0,028	1,021	-1,631	0,423	-1,100	-0,373	-0,236	0,070
175000,0072	0,014	-0,017	1,041	-0,564	0,101	-1,194	-0,379	-0,224	0,076
175000,0151	0,011	-0,007	1,028	-1,652	-0,081	-0,644	-0,379	-0,218	0,073
175000,0231	0,039	-0,112	1,010	-0,866	0,060	-0,403	-0,373	-0,221	0,073
175000,0311	0,022	-0,028	1,026	-0,826	-0,020	0,604	-0,373	-0,218	0,067
175000,0401	0,003	-0,102	1,000	-1,128	0,242	0,134	-0,376	-0,218	0,064
175000,0481	-0,025	-0,050	1,004	-0,786	-0,786	0,174	-0,379	-0,212	0,067
175000,0560	0,023	-0,100	1,018	0,161	-1,410	-0,684	-0,376	-0,221	0,064
175000,0640	0,001	-0,021	1,042	0,322	-0,886	-0,215	-0,376	-0,224	0,073
175000,0720	0,020	-0,065	1,044	1,229	-1,470	-0,872	-0,376	-0,233	0,070
175000,0822	0,035	-0,020	1,045	-0,725	-1,027	-0,832	-0,373	-0,239	0,076
175000,0922	0,008	-0,107	0,997	-0,060	-0,483	-0,899	-0,379	-0,236	0,070
175000,1000	-0,057	-0,004	1,042	-0,242	-0,121	-0,054	-0,379	-0,230	0,082
175000,1089	-0,033	-0,026	1,052	-1,128	-1,229	-0,510	-0,376	-0,239	0,067
175000,1179	0,016	-0,020	1,025	-1,974	-0,524	-0,081	-0,385	-0,233	0,079
175000,1269	-0,013	-0,036	1,011	-0,242	0,886	-0,242	-0,370	-0,230	0,070
175000,1349	0,008	0,018	1,050	-1,692	0,060	-0,255	-0,379	-0,212	0,082
175000,1438	0,026	-0,095	1,033	-1,873	-0,302	0,268	-0,379	-0,209	0,082
175000,1529	0,058	-0,027	1,018	-0,504	-0,141	1,194	-0,385	-0,209	0,094
175000,1608	0,014	-0,026	1,017	-0,987	0,866	1,959	-0,373	-0,212	0,085
175000,1688	-0,041	0,009	1,039	-3,001	0,242	1,892	-0,373	-0,218	0,085
175000,1768	-0,000	-0,150	1,017	-2,095	-0,886	1,584	-0,370	-0,221	0,079
175000,1857	0,024	0,048	1,048	-0,141	-0,927	1,731	-0,370	-0,224	0,073
175000,1937	0,031	-0,099	0,995	-2,759	0,262	0,617	-0,367	-0,221	0,076
175000,2044	-0,006	-0,021	1,020	-2,014	0,181	0,966	-0,370	-0,215	0,073
175000,2134	0,012	-0,118	1,020	-1,511	-0,524	1,463	-0,373	-0,212	0,079
175000,2214	0,019	-0,009	1,040	-1,591	-1,088	1,275	-0,376	-0,209	0,082
175000,2293	0,049	-0,108	1,006	-1,974	-0,786	1,248	-0,370	-0,215	0,073
175000,2383	0,043	-0,030	1,013	-1,269	-0,081	1,194	-0,370	-0,215	0,070
175000,2463	0,045	-0,107	1,018	-1,611	0,524	-0,054	-0,379	-0,209	0,073
175000,2542	0,034	-0,091	1,026	-1,269	0,584	-0,510	-0,379	-0,218	0,070
175000,2622	0,037	0,008	1,024	-0,483	0,765	0,268	-0,379	-0,212	0,076
175000,2714	0,030	-0,079	0,993	-2,739	0,745	0,161	-0,376	-0,212	0,082
175000,2794	0,019	-0,052	1,026	-1,188	1,108	0,792	-0,370	-0,215	0,070
175000,2874	0,026	-0,086	1,037	-2,095	0,544	-0,349	-0,370	-0,212	0,079
175000,2964	0,027	-0,063	1,030	-0,040	0,242	0,926	-0,367	-0,215	0,070
175000,3044	0,011	-0,115	1,002	-1,672	0,363	1,355	-0,367	-0,215	0,070
175000,3150	-0,008	-0,042	1,031	-0,322	-0,282	2,577	-0,376	-0,209	0,073
175000,3240	0,042	-0,079	1,071	-0,645	-0,886	3,194	-0,376	-0,212	0,073
175000,3330	0,042	0,023	1,038	-1,108	0,463	2,281	-0,373	-0,224	0,070
175000,3410	-0,025	-0,090	0,989	-2,357	0,846	0,497	-0,370	-0,230	0,073
175000,3510	-0,015	0,045	1,035	-0,645	-0,987	0,537	-0,373	-0,221	0,079
175000,3590	0,066	-0,084	1,013	-1,954	-0,604	-0,349	-0,376	-0,215	0,082
175000,3679	0,031	-0,050	1,016	-1,994	0,624	-1,114	-0,388	-0,218	0,088
175000,3769	-0,012	-0,057	1,033	-0,564	0,685	-0,309	-0,376	-0,218	0,079
175000,3848	-0,002	-0,043	1,054	-1,430	-0,927	-0,107	-0,379	-0,224	0,070
175000,3938	0,054	-0,078	1,036	-0,866	-0,302	0,228	-0,379	-0,221	0,076
175000,4018	0,017	-0,079	0,994	-1,148	1,410	-0,684	-0,376	-0,233	0,073
175000,4118	-0,020	-0,039	1,012	-0,060	1,128	-0,456	-0,373	-0,221	0,079
175000,4208	0,043	-0,145	1,015	-2,135	-0,201	-1,423	-0,373	-0,221	0,079
175000,4298	0,037	-0,010	1,031	0,564	0,423	-0,215	-0,370	-0,224	0,076
175000,4377	0,006	-0,090	1,010	-1,349	0,524	-1,342	-0,376	-0,224	0,076
175000,4457	0,001	-0,036	1,026	0,141	-0,020	-0,872	-0,367	-0,233	0,064
175000,4547	0,044	-0,084	1,032	-1,349	0,181	-2,483	-0,367	-0,239	0,058
175000,4626	0,046	-0,094	1,011	-0,524	1,732	-2,724	-0,367	-0,233	0,055
175000,4706	-0,009	-0,093	0,997	-0,504	2,759	-2,671	-0,364	-0,236	0,055
175000,4786	-0,051	-0,071	1,028	0,383	2,699	-2,657	-0,367	-0,236	0,058
175000,4866	-0,098	-0,021	1,058	-0,806	1,007	-2,120	-0,370	-0,239	0,055
175000,4946	-0,010	-0,122	1,015	-0,060	-1,470	-0,564	-0,385	-0,221	0,079
175000,5025	0,062	0,025	1,016	0,866	-0,584	0,644	-0,385	-0,230	0,076
175000,5105	-0,020	-0,026	1,023	-1,531	0,242	0,550	-0,379	-0,224	0,073
175000,5185	-0,018	-0,073	1,011	-1,430	-0,624	0,872	-0,385	-0,224	0,073
175000,5265	0,010	-0,037	1,027	0,665	-1,128	1,597	-0,379	-0,218	0,076
175000,5354	0,033	-0,059	1,003	-1,168	-0,383	1,100	-0,379	-0,218	0,076
175000,5454	-0,008	-0,051	1,001	-0,483	0,040	2,067	-0,385	-0,209	0,085
175000,5544	0,011	-0,080	1,027	-0,745	-0,020	1,409	-0,373	-0,212	0,079
175000,5624	0,012	-0,043	1,022	-0,745	-0,081	1,959	-0,373	-0,215	0,076
175000,5704	0,043	-0,110	1,016	0,040	0,101	1,235	-0,373	-0,215	0,082
175000,5783	0,013	-0,052	1,032	-1,813	1,007	1,275	-0,373	-0,221	0,073
175000,5873	0,015	-0,089	1,028	-0,101	0,302	1,262	-0,367	-0,221	0,073
175000,5953	0,037	-0,016	1,032	-0,987	0,584	0,336	-0,373	-0,218	0,073
175000,6043	0,026	-0,064	1,029	-0,363	0,846	0,067	-0,373	-0,218	0,079
175000,6122	0,017	-0,038	1,018	-1,672	0,665	0,537	-0,385	-0,218	0,079
175000,6202	0,011	-0,015	1,030	-0,181	0,947	1,584	-0,385	-0,218	0,079
175000,6281	0,014	-0,088	1,005	-2,075	0,161	0,631	-0,388	-0,221	0,082
175000,6361	0,003	-0,047	1,027	-0,866	0,101	1,704	-0,379	-0,221	0,073
175000,6441	0,002	-0,105	1,018	-1,088	-0,101	1,597	-0,388	-0,224	0,073
175000,6521	-0,001	-0,069	1,021	0,483	-0,201	2,738	-0,376	-0,236	0,064
175000,6601	0,012	-0,126	1,007	-1,027	-0,786	1,973	-0,385	-0,218	0,076
175000,6680	0,048	-0,008	1,068	1,068	-0,765	3,597	-0,373	-0,221	0,070
175000,6770	0,017	-0,059	1,022	-2,095	0,927	0,899	-0,373	-0,230	0,070
175000,6850	-0,053	-0,056	1,012	1,752	0,725	1,007	-0,364	-0,233	0,070
175000,6940	-0,021	0,054	1,034	-0,886	-1,229	-0,121	-0,361	-0,242	0,061
175000,7019	0,060	-0,082	1,018	-1,188	-0,927	-0,752	-0,367	-0,233	0,064
175000,7100	0,046	-0,013	1,029	-0,927	0,342	-0,845	-0,370	-0,233	0,064
175000,7189	0,017	-0,034	1,040	0,806	0,383	-0,564	-0,373	-0,230	0,064
175000,7268	-0,009	0,004	1,029	-1,108	-0,101	-0,349	-0,373	-0,215	0,073
175000,7358	0,055	-0,102	1,026	-0,463	-0,443	-0,322	-0,367	-0,224	0,067
175000,7448	0,039	-0,031	1,023	-1,309	0,725	-0,121	-0,373	-0,218	0,070
175000,7527	-0,023	-0,004	1,017	0,665	0,423	0,255	-0,370	-0,218	0,067
175000,7617	-0,002	-0,111	0,991	-2,316	-0,584	-0,711	-0,373	-0,221	0,073
175000,7698	0,009	-0,070	1,024	0,463	-0,141	0,134	-0,373	-0,221	0,070
175000,7797	-0,020	-0,084	1,023	-0,987	0,705	0,027	-0,376	-0,233	0,073
175000,7877	-0,048	-0,047	1,037	1,450	-0,060	0,309	-0,376	-0,239	0,076
175000,7957	-0,021	-0,052	1,028	-1,128	-0,846	-0,309	-0,373	-0,233	0,076
175000,8037	0,025	-0,086	1,014	0,342	-0,161	-0,094	-0,370	-0,239	0,076
175000,8127	-0,037	-0,093	1,021	0,201	1,531	-1,530	-0,364	-0,239	0,070
175000,8217	-0,061	0,023	1,033	-0,121	-0,645	-0,443	-0,367	-0,230	0,079
175000,8296	0,048	-0,104	1,007	-1,853	-1,490	-0,577	-0,376	-0,221	0,082
175000,8387	0,063	-0,018	1,041	0,745	0,040	0,765	-0,376	-0,221	0,079
175000,8477	-0,004	-0,029	1,049	-0,483	0,443	0,228	-0,379	-0,224	0,082
175000,8556	-0,015	-0,050	1,022	0,141	-0,383	1,355	-0,379	-0,224	0,082
175000,8636	0,009	-0,029	1,001	-0,463	-1,007	1,678	-0,373	-0,230	0,079
175000,8726	0,049	-0,010	1,021	-0,826	-0,322	2,281	-0,370	-0,233	0,076
175000,8806	-0,020	-0,026	1,039	-2,135	0,342	1,181	-0,370	-0,236	0,070
175000,8896	-0,037	-0,111	1,031	-0,181	-1,470	1,839	-0,370	-0,236	0,073
175000,8976	-0,002	-0,017	1,022	-0,745	-1,732	1,624	-0,370	-0,236	0,067
175000,9066	0,014	-0,092	0,996	-0,604	-0,584	1,892	-0,373	-0,236	0,061
175000,9146	-0,011	-0,027	1,016	-1,047	-0,262	1,154	-0,376	-0,233	0,061
175000,9235	0,013	-0,112	1,040	-0,262	-0,765	2,040	-0,379	-0,227	0,070
175000,9325	-0,007	-0,001	1,042	0,141	-0,967	2,362	-0,376	-0,224	0,073
175000,9405	0,028	-0,104	1,009	0,665	-1,470	2,107	-0,370	-0,224	0,076
175000,9495	0,046	-0,100	1,025	-1,712	-0,665	0,161	-0,364	-0,215	0,085
175000,9600	0,032	-0,039	1,043	0,967	-0,524	1,033	-0,361	-0,215	0,076
175000,9680	0,045	-0,088	1,017	-0,866	-0,806	-0,362	-0,367	-0,224	0,079
175000,9769	0,043	-0,025	1,025	0,604	-0,645	1,449	-0,367	-0,221	0,076
175000,9849	0,032	-0,084	1,011	-1,470	-0,383	0,456	-0,370	-0,224	0,073
175000,9949	-0,015	0,030	1,044	0,584	-0,363	1,329	-0,370	-0,224	0,073
175001,0049	0,014	-0,135	0,997	-1,047	-0,363	0,778	-0,367	-0,230	0,070
175001,0129	0,013	-0,013	1,028	0,927	-0,604	1,651	-0,373	-0,218	0,082
175001,0208	0,021	-0,131	1,013	-0,604	-0,685	1,369	-0,373	-0,221	0,082
175001,0286	0,032	-0,021	1,028	0,866	-1,249	3,637	-0,373	-0,215	0,085
175001,0366	0,064	-0,076	1,018	-0,584	-0,504	2,389	-0,379	-0,224	0,082
175001,0446	0,020	-0,005	1,021	0,806	1,470	1,490	-0,370	-0,236	0,076
175001,0536	-0,012	-0,086	1,017	-0,443	0,765	-0,564	-0,376	-0,236	0,070
175001,0625	0,049	-0,026	1,032	-0,060	0,846	-1,154	-0,376	-0,239	0,076
175001,0705	0,042	-0,089	1,019	0,987	1,752	-0,429	-0,376	-0,230	0,082
175001,0796	0,033	0,029	1,033	-0,081	2,739	0,322	-0,379	-0,227	0,079
175001,0875	0,038	-0,127	1,001	-0,342	3,444	-0,376	-0,385	-0,215	0,085
175001,0965	-0,001	0,004	1,042	0,886	3,484	0,134	-0,388	-0,212	0,088
175001,1064	-0,029	-0,022	1,058	0,363	2,880	-0,322	-0,379	-0,218	0,082
175001,1135	-0,039	-0,003	1,024	-1,470	1,007	-0,242	-0,379	-0,227	0,079
175001,1224	0,032	-0,071	1,031	0,081	-0,262	0,242	-0,373	-0,230	0,076
175001,1304	0,024	0,088	1,046	-1,068	0,927	-0,349	-0,367	-0,233	0,067
175001,1393	-0,015	-0,127	0,995	-3,062	0,181	-0,993	-0,361	-0,236	0,070
175001,1473	0,016	-0,074	1,033	-1,934	-1,289	-2,107	-0,361	-0,242	0,058
175001,1563	0,004	-0,051	1,024	-0,383	-1,148	-0,725	-0,361	-0,236	0,067
175001,1653	0,018	-0,098	1,006	-2,900	-0,705	-2,053	-0,361	-0,242	0,052
175001,1733	-0,029	-0,016	1,030	0,403	0,927	-0,081	-0,373	-0,236	0,058
175001,1812	-0,038	-0,153	1,000	-2,216	0,302	-0,993	-0,370	-0,236	0,070
175001,1892	-0,003	-0,050	1,024	0,725	0,705	-0,711	-0,376	-0,230	0,076
175001,1982	0,020	-0,136	1,012	-0,846	2,115	-2,698	-0,364	-0,236	0,070
175001,2082	-0,008	-0,035	1,057	2,578	3,404	-2,724	-0,370	-0,218	0,085
175001,2182	-0,069	-0,132	1,004	-2,618	-0,685	-3,704	-0,376	-0,218	0,091
175001,2266	0,105	-0,023	1,008	3,122	-2,397	-0,255	-0,385	-0,212	0,100
175001,2345	0,099	0,066	1,048	-0,806	2,195	0,228	-0,391	-0,215	0,097
175001,2435	0,005	-0,089	0,995	-0,967	3,041	1,423	-0,379	-0,221	0,091
175001,2525	-0,015	-0,027	1,027	0,846	0,786	2,644	-0,394	-0,221	0,094
175001,2605	0,008	-0,005	1,047	0,987	-0,101	3,382	-0,379	-0,224	0,085
175001,2704	0,059	-0,004	1,013	-0,463	0,322	4,066	-0,388	-0,221	0,088
175001,2784	0,023	-0,074	1,007	-0,040	1,954	3,100	-0,376	-0,227	0,085
175001,2874	-0,020	-0,029	1,025	-0,181	1,108	2,483	-0,373	-0,221	0,079
175001,2964	0,006	-0,043	1,023	-0,020	0,121	1,959	-0,373	-0,227	0,073
175001,3044	0,069	-0,112	1,025	-0,443	0,040	0,497	-0,370	-0,227	0,070
175001,3124	0,017	0,010	1,046	-0,463	2,699	0,121	-0,388	-0,218	0,076
175001,3204	-0,012	-0,127	1,024	-0,322	0,886	0,550	-0,379	-0,224	0,076
175001,3275	0,009	0,015	1,039	0,544	-0,322	0,966	-0,385	-0,215	0,085
175001,3375	0,037	-0,131	1,011	-0,463	-0,383	0,389	-0,370	-0,224	0,076
175001,3454	0,028	0,040	1,026	0,665	0,987	1,610	-0,376	-0,224	0,079
175001,3544	-0,020	-0,126	1,023	-1,752	0,846	0,429	-0,367	-0,227	0,079
175001,3624	-0,012	-0,002	1,040	0,705	-0,564	2,067	-0,367	-0,221	0,079
175001,3714	0,014	-0,135	1,012	0,302	-0,624	2,469	-0,367	-0,221	0,079
175001,3803	0,016	-0,020	1,026	0,201	-0,443	2,335	-0,364	-0,224	0,070
175001,3893	0,015	-0,157	1,023	0,483	-0,685	2,590	-0,367	-0,230	0,067
175001,3983	0,041	0,110	1,088	0,564	-0,322	3,597	-0,367	-0,224	0,073
175001,4073	0,012	-0,165	0,973	-1,913	1,430	0,698	-0,361	-0,236	0,067
175001,4153	-0,058	0,082	1,027	2,880	0,705	1,194	-0,367	-0,233	0,076
175001,4232	0,059	-0,070	1,038	-2,719	-1,370	-1,517	-0,367	-0,233	0,076
175001,4322	0,051	-0,097	1,018	-0,181	0,101	-1,449	-0,385	-0,227	0,082
175001,4402	0,012	-0,008	1,041	2,941	1,007	-0,483	-0,376	-0,230	0,076
175001,4482	-0,030	0,027	1,014	-1,853	-0,624	-0,644	-0,388	-0,230	0,079
175001,4561	0,039	-0,146	1,005	0,584	-1,108	0,443	-0,385	-0,233	0,076
175001,4641	-0,006	-0,042	1,043	-0,544	0,584	0,349	-0,385	-0,233	0,076
175001,4731	-0,067	-0,047	0,986	0,645	-0,060	1,785	-0,385	-0,245	0,079
175001,4811	-0,019	-0,044	1,012	-1,229	-1,752	0,403	-0,379	-0,239	0,073
175001,4891	0,009	-0,019	1,052	0,423	-1,168	1,557	-0,373	-0,242	0,073
175001,4970	-0,011	-0,084	1,027	-0,866	-0,685	0,040	-0,373	-0,242	0,067
175001,5050	-0,035	0,044	1,043	0,342	-1,007	0,121	-0,373	-0,239	0,067
175001,5160	0,010	-0,137	1,026	-0,987	-1,088	-2,000	-0,370	-0,233	0,067
175001,5240	0,028	-0,044	1,034	1,813	0,020	-1,208	-0,364	-0,230	0,070
175001,5329	-0,019	-0,053	1,047	0,443	0,181	-1,355	-0,364	-0,227	0,070
175001,5419	0,020	0,027	1,039	-0,685	-2,135	0,161	-0,367	-0,230	0,073
175001,5499	0,109	-0,091	1,005	-1,994	-1,208	0,215	-0,373	-0,227	0,082
175001,5579	0,077	0,016	1,046	0,685	1,088	2,161	-0,376	-0,224	0,073
175001,5659	0,022	-0,012	1,027	-2,558	1,249	1,248	-0,379	-0,224	0,082
175001,5748	-0,009	-0,057	1,004	-1,289	-0,101	1,664	-0,379	-0,224	0,076
175001,5828	-0,010	-0,014	1,028	-1,531	-0,665	1,007	-0,388	-0,218	0,085
175001,5918	0,004	0,012	1,018	-1,853	-0,383	1,100	-0,376	-0,218	0,085
175001,6008	-0,004	-0,134	0,999	-1,732	0,443	0,403	-0,376	-0,218	0,085
175001,6097	0,007	0,021	1,035	-0,020	-1,007	1,114	-0,370	-0,218	0,085
175001,6187	0,033	-0,110	1,023	-1,793	-0,645	0,631	-0,370	-0,215	0,088
175001,6277	0,009	-0,041	1,016	-0,604	0,040	1,973	-0,370	-0,215	0,085
175001,6367	0,000	-0,086	1,027	-0,725	-0,302	1,449	-0,370	-0,221	0,085
175001,6457	0,008	-0,037	1,019	-2,095	-0,060	1,543	-0,376	-0,227	0,079
175001,6546	0,004	-0,057	1,019	-0,725	-0,403	2,080	-0,376	-0,224	0,085
175001,6626	0,002	-0,017	1,028	-2,054	-0,604	1,168	-0,373	-0,218	0,079
175001,6716	0,038	-0,042	1,029	-1,068	-0,463	1,691	-0,373	-0,215	0,085
175001,6795	0,038	-0,049	1,036	-1,631	0,020	0,443	-0,376	-0,215	0,088
175001,6885	0,042	-0,048	1,038	0,161	0,141	0,711	-0,385	-0,209	0,091
175001,6965	0,035	-0,015	1,025	-1,531	0,342	0,872	-0,385	-0,215	0,085
175001,7055	0,035	-0,120	1,007	-1,068	0,564	0,564	-0,373	-0,233	0,073
175001,7135	0,028	-0,048	1,029	-0,765	0,786	0,349	-0,385	-0,227	0,076
175001,7224	0,026	-0,138	1,015	-0,302	0,967	0,282	-0,379	-0,230	0,073
175001,7304	0,007	-0,109	1,005	-1,329	0,302	0,389	-0,379	-0,230	0,073
175001,7384	0,016	-0,067	1,024	1,390	-0,544	3,194	-0,376	-0,221	0,085
175001,7464	0,033	0,013	1,053	-1,007	0,161	2,147	-0,379	-0,215	0,085
175001,7563	-0,015	-0,064	1,012	-0,846	1,148	0,752	-0,370	-0,227	0,085
175001,7643	-0,058	-0,004	1,014	-0,121	-0,463	0,429	-0,367	-0,233	0,082
175001,7723	0,030	-0,006	1,041	-0,826	-1,793	0,416	-0,370	-0,227	0,085
175001,7803	0,038	-0,017	1,036	-1,652	-0,081	-0,201	-0,367	-0,233	0,076
175001,7893	0,002	-0,075	1,012	0,020	0,423	0,215	-0,364	-0,236	0,073
175001,7972	-0,019	0,020	1,032	-0,886	-0,443	-0,322	-0,361	-0,230	0,073
175001,8052	0,062	-0,032	1,023	-1,692	-1,047	0,376	-0,361	-0,233	0,070
175001,8142	0,041	-0,127	1,003	-1,893	0,645	-0,631	-0,364	-0,227	0,076
175001,8232	-0,027	0,041	1,038	0,564	0,201	1,262	-0,361	-0,227	0,073
175001,8311	0,001	-0,131	1,006	-3,021	-0,927	0,094	-0,370	-0,224	0,079
175001,8411	0,041	-0,031	1,035	0,826	-0,685	1,436	-0,370	-0,227	0,076
175001,8491	0,011	-0,095	1,018	-0,222	0,121	0,134	-0,373	-0,230	0,079
175001,8581	-0,007	-0,010	1,017	-0,544	-0,342	-0,497	-0,373	-0,230	0,079
175001,8660	0,033	-0,109	1,010	-0,927	-0,342	-1,691	-0,364	-0,230	0,076
175001,8740	0,014	-0,011	1,034	-0,443	1,269	-1,463	-0,367	-0,230	0,082
175001,8820	0,009	-0,155	0,999	-0,302	1,994	-2,953	-0,364	-0,236	0,070
175001,8900	-0,003	0,002	1,031	0,947	1,994	-3,140	-0,367	-0,224	0,079
175001,8980	0,032	-0,144	1,023	1,591	2,357	-3,583	-0,364	-0,236	0,070
175001,9059	-0,090	0,067	1,109	1,047	2,558	-2,953	-0,373	-0,230	0,070
175001,9149	-0,054	-0,137	0,985	-1,068	-2,216	-1,986	-0,376	-0,227	0,079
175001,9229	0,069	0,040	1,003	2,417	-2,840	0,362	-0,391	-0,209	0,091
175001,9319	0,045	0,069	1,040	-1,692	0,443	0,805	-0,376	-0,221	0,085
175001,9399	-0,037	-0,061	1,007	-1,934	0,604	2,362	-0,382	-0,227	0,085
175001,9478	-0,023	-0,030	1,038	1,309	-0,765	3,033	-0,370	-0,230	0,079
175001,9568	-0,009	0,076	1,050	-0,060	-1,591	3,114	-0,385	-0,224	0,076
175001,9648	0,053	-0,085	1,011	-0,665	0,121	2,563	-0,385	-0,224	0,076
175001,9728	-0,017	-0,055	1,046	-0,786	0,826	1,812	-0,376	-0,224	0,076
175001,9817	0,007	-0,036	1,047	-0,060	-0,282	2,120	-0,376	-0,224	0,070
175001,9907	0,046	-0,083	1,014	-1,591	-1,128	0,336	-0,370	-0,209	0,076
175001,9987	0,096	-0,046	1,023	0,584	-0,222	0,631	-0,361	-0,209	0,076
175002,0067	0,047	-0,046	1,037	-2,034	1,450	-0,631	-0,370	-0,200	0,085
175002,0156	0,021	-0,094	1,028	0,141	0,624	0,537	-0,364	-0,209	0,085
175002,0247	0,027	-0,020	1,034	-1,128	-0,483	0,309	-0,370	-0,203	0,088
175002,0326	0,055	-0,099	1,010	-0,242	-0,242	1,047	-0,370	-0,209	0,085
175002,0406	0,028	0,005	1,024	-1,007	0,866	0,859	-0,370	-0,215	0,085
175002,0486	-0,011	-0,032	1,025	0,544	0,121	1,731	-0,373	-0,209	0,085
175002,0585	0,011	-0,076	1,016	-2,075	-0,725	0,805	-0,370	-0,215	0,073
175002,0685	0,036	-0,099	1,009	0,987	-1,047	3,597	-0,370	-0,215	0,079
175002,0766	0,043	-0,087	1,031	-0,564	-0,645	2,443	-0,370	-0,209	0,073
175002,0856	0,062	-0,007	1,077	1,913	0,060	4,214	-0,364	-0,230	0,067
175002,0945	0,003	-0,033	1,021	-1,994	1,893	0,711	-0,370	-0,233	0,064
175002,1026	-0,036	-0,080	0,981	1,551	0,906	0,725	-0,361	-0,242	0,070
175002,1105	-0,011	0,105	1,038	-0,906	0,242	-0,698	-0,373	-0,236	0,070
175002,1195	0,039	-0,147	1,023	-1,370	0,665	-1,288	-0,376	-0,230	0,076
175002,1285	0,025	0,029	1,046	0,947	1,027	-0,953	-0,391	-0,218	0,085
175002,1394	0,036	-0,073	1,013	0,363	1,208	-0,456	-0,376	-0,215	0,085
175002,1484	0,023	-0,075	1,026	-2,014	2,115	-1,235	-0,391	-0,209	0,088
175002,1574	0,036	0,008	1,061	1,672	1,712	1,396	-0,373	-0,209	0,091
175002,1663	0,005	-0,013	1,019	-3,807	1,873	-0,671	-0,385	-0,206	0,088
175002,1763	-0,009	-0,079	0,987	-0,604	0,967	1,288	-0,373	-0,218	0,082
175002,1853	-0,001	0,040	1,035	-2,336	0,564	0,174	-0,376	-0,224	0,079
175002,1933	0,017	-0,079	1,030	-1,047	0,947	0,255	-0,367	-0,227	0,076
175002,2023	-0,019	-0,019	1,043	-2,095	0,765	-0,980	-0,370	-0,230	0,076
175002,2102	0,007	-0,070	1,028	-0,463	-0,302	-0,429	-0,361	-0,233	0,070
175002,2192	0,021	0,001	1,029	-2,397	-0,423	-2,147	-0,358	-0,236	0,070
175002,2272	0,014	-0,108	1,017	-1,329	0,363	-1,074	-0,358	-0,233	0,070
175002,2354	-0,015	0,005	1,038	-1,752	0,020	-0,537	-0,361	-0,230	0,070
175002,2444	-0,012	0,000	1,029	-0,161	-0,745	1,517	-0,364	-0,227	0,067
175002,2524	0,021	-0,091	1,041	-3,464	-0,524	-1,007	-0,367	-0,230	0,070
175002,2614	-0,008	-0,024	1,044	0,947	-0,201	0,752	-0,364	-0,224	0,073
175002,2693	-0,037	-0,058	1,017	-2,518	-0,725	-0,819	-0,364	-0,224	0,079
175002,2783	-0,007	-0,033	1,008	0,584	-1,631	1,543	-0,364	-0,224	0,085
175002,2863	0,000	-0,095	1,025	-1,732	-0,101	0,174	-0,364	-0,224	0,085
175002,2963	-0,031	0,061	1,047	-1,511	-0,665	1,503	-0,361	-0,227	0,079
175002,3046	0,008	-0,171	1,003	-3,404	-1,974	0,470	-0,370	-0,221	0,073
175002,3126	0,025	0,053	1,053	0,463	-1,531	2,456	-0,361	-0,233	0,067
175002,3206	-0,001	-0,095	1,021	-3,585	-0,040	1,047	-0,370	-0,230	0,067
175002,3306	-0,025	0,005	1,025	-0,564	-0,101	3,154	-0,370	-0,227	0,067
175002,3396	0,008	-0,087	1,009	-3,122	-0,806	1,382	-0,370	-0,221	0,076
175002,3475	0,018	0,011	1,047	-2,336	-0,040	1,906	-0,376	-0,221	0,073
175002,3556	0,015	-0,102	0,997	-1,490	0,886	1,772	-0,370	-0,218	0,079
175002,3635	0,059	-0,090	1,035	-3,766	0,141	-0,429	-0,367	-0,221	0,070
175002,3741	0,083	-0,042	1,019	-1,068	1,450	0,845	-0,367	-0,215	0,076
175002,3831	0,047	-0,086	1,012	-3,585	2,518	-0,255	-0,373	-0,209	0,073
175002,3921	0,031	-0,009	1,017	-1,309	1,551	0,845	-0,373	-0,215	0,085
175002,4001	0,036	-0,112	1,000	-2,417	1,068	0,268	-0,367	-0,218	0,082
175002,4081	0,020	-0,008	1,033	-1,168	1,551	1,342	-0,367	-0,221	0,082
175002,4161	-0,015	-0,109	1,027	-1,631	1,269	0,684	-0,364	-0,221	0,085
175002,4241	-0,025	-0,013	1,032	-0,544	0,141	1,637	-0,361	-0,224	0,085
175002,4331	0,006	-0,115	1,002	-1,813	-0,040	1,745	-0,361	-0,221	0,082
175002,4410	0,002	-0,046	1,010	-0,705	0,201	2,617	-0,361	-0,221	0,076
175002,4490	0,010	-0,094	1,019	-2,216	-0,302	2,818	-0,364	-0,227	0,073
175002,4570	0,013	0,006	1,031	-1,974	0,786	1,329	-0,364	-0,227	0,073
175002,4650	-0,023	-0,063	0,997	-1,490	0,282	1,033	-0,358	-0,236	0,067
175002,4740	-0,016	0,015	1,029	-1,551	-0,524	0,429	-0,367	-0,227	0,076
175002,4829	0,026	-0,067	1,041	-1,349	-0,987	0,188	-0,361	-0,236	0,070
175002,4909	0,034	-0,015	1,041	-1,390	-0,363	0,483	-0,364	-0,233	0,070
175002,4999	0,011	-0,073	1,013	-1,772	0,121	1,087	-0,370	-0,233	0,070
175002,5078	-0,017	-0,048	1,022	-2,256	-0,685	0,403	-0,370	-0,239	0,067
175002,5168	0,007	-0,052	1,017	-0,947	-1,490	1,087	-0,370	-0,242	0,064
175002,5258	0,029	-0,023	1,020	-2,377	-0,866	0,349	-0,367	-0,239	0,067
175002,5338	0,030	-0,064	1,015	-1,974	-0,181	0,671	-0,367	-0,230	0,076
175002,5418	0,011	-0,069	1,020	-2,316	-0,745	0,282	-0,367	-0,233	0,067
175002,5507	0,016	-0,052	1,042	-0,443	-0,745	1,020	-0,367	-0,224	0,079
175002,5597	0,015	-0,068	1,015	-1,934	-0,866	0,228	-0,364	-0,233	0,064
175002,5687	0,032	-0,091	1,007	-0,483	-1,068	1,127	-0,364	-0,227	0,073
175002,5777	0,035	-0,020	1,038	-1,208	-0,222	0,134	-0,364	-0,233	0,064
175002,5873	0,038	-0,069	1,010	-0,302	0,504	-0,819	-0,355	-0,239	0,061
175002,5951	0,021	-0,075	1,010	-1,692	1,833	-2,335	-0,355	-0,230	0,070
175002,6041	0,014	-0,030	1,016	-0,060	2,820	-2,805	-0,348	-0,236	0,064
175002,6131	-0,057	-0,080	1,064	-1,329	2,075	-3,181	-0,358	-0,224	0,076
175002,6211	-0,013	-0,036	1,028	-0,685	-1,027	-2,094	-0,364	-0,221	0,082
175002,6290	0,093	-0,063	1,003	0,161	-1,047	-0,671	-0,376	-0,215	0,091
175002,6391	0,038	0,068	1,034	-1,410	1,954	-0,081	-0,376	-0,209	0,094
175002,6470	-0,032	-0,085	1,014	-2,840	2,216	0,792	-0,382	-0,218	0,091
175002,6550	-0,028	-0,011	1,045	0,463	-0,222	1,718	-0,373	-0,218	0,094
175002,6640	0,029	-0,023	1,042	-0,705	-0,363	1,490	-0,364	-0,233	0,079
175002,6719	0,046	0,012	1,009	-1,390	1,068	2,174	-0,367	-0,227	0,085
175002,6809	-0,013	-0,074	1,004	-2,075	1,551	0,792	-0,361	-0,230	0,076
175002,6889	0,021	-0,030	1,038	-0,504	0,584	0,148	-0,364	-0,224	0,079
175002,6969	0,038	-0,095	1,022	-2,195	0,443	-0,953	-0,382	-0,209	0,088
175002,7048	0,038	-0,062	1,014	0,524	1,108	0,429	-0,376	-0,218	0,082
175002,7138	-0,005	-0,125	1,022	-1,470	1,390	-0,134	-0,376	-0,218	0,082
175002,7218	-0,003	-0,035	1,032	0,262	0,363	1,476	-0,385	-0,218	0,076
175002,7308	0,015	-0,077	1,025	-0,906	0,201	0,550	-0,373	-0,221	0,079
175002,7398	-0,012	0,007	1,009	-0,765	0,020	1,557	-0,370	-0,227	0,076
175002,7488	-0,000	-0,138	0,996	-2,216	-0,040	0,389	-0,373	-0,227	0,076
175002,7567	0,001	0,024	1,061	0,302	-0,201	1,825	-0,364	-0,233	0,073
175002,7657	0,004	-0,132	1,030	-2,195	-0,101	0,027	-0,367	-0,233	0,073
175002,7747	-0,004	-0,029	1,029	0,242	-0,765	1,678	-0,367	-0,233	0,073
175002,7837	0,018	-0,141	0,998	-0,947	-0,786	1,490	-0,373	-0,224	0,076
175002,7916	0,011	-0,042	1,020	-0,282	-1,108	2,550	-0,385	-0,203	0,088
175002,7996	0,071	0,022	1,054	-0,081	0,242	2,375	-0,385	-0,203	0,088
175002,8096	-0,001	-0,080	0,987	-1,752	1,732	0,577	-0,367	-0,215	0,091
175002,8186	-0,021	0,009	1,020	1,793	0,302	0,443	-0,358	-0,230	0,082
175002,8276	0,022	0,028	1,048	-3,364	0,101	-1,141	-0,358	-0,230	0,079
175002,8365	0,046	-0,136	1,016	-0,322	0,443	0,403	-0,361	-0,236	0,073
175002,8445	0,030	0,024	1,022	-0,242	1,329	0,201	-0,367	-0,230	0,079
175002,8525	0,018	-0,054	1,027	-0,181	1,450	0,698	-0,370	-0,233	0,076
175002,8625	0,012	0,031	1,047	-1,007	1,551	0,443	-0,370	-0,233	0,076
175002,8730	0,040	-0,172	1,009	-1,249	1,934	-0,282	-0,364	-0,230	0,070
175002,8809	-0,015	-0,053	1,035	-0,604	1,913	-0,845	-0,367	-0,224	0,073
175002,8899	-0,006	-0,031	1,028	0,765	1,208	1,355	-0,370	-0,224	0,070
175002,8979	0,012	-0,120	1,003	-1,853	1,511	-0,309	-0,370	-0,224	0,073
175002,9059	-0,002	-0,042	1,032	2,034	1,531	0,564	-0,367	-0,233	0,073
175002,9159	-0,033	-0,028	1,022	-1,712	1,027	-0,416	-0,376	-0,227	0,073
175002,9248	-0,012	-0,069	1,032	1,652	-0,081	0,577	-0,370	-0,245	0,064
175002,9348	0,015	0,015	1,046	-1,027	0,040	-0,832	-0,367	-0,245	0,064
175002,9438	0,022	-0,114	1,003	-0,141	0,262	-0,644	-0,370	-0,245	0,067
175002,9518	-0,033	0,003	1,011	-1,148	1,047	-1,423	-0,373	-0,236	0,067
175002,9597	-0,019	0,035	1,053	1,088	-0,765	-2,094	-0,373	-0,236	0,067
175002,9687	-0,002	-0,084	1,037	-4,008	-0,987	-1,275	-0,376	-0,227	0,073
175002,9777	0,024	-0,047	1,012	1,269	-1,430	1,570	-0,370	-0,224	0,076
175002,9857	0,000	0,016	1,016	-2,518	-0,866	0,886	-0,370	-0,233	0,073
175002,9946	-0,001	-0,070	1,003	-0,423	-0,866	2,429	-0,364	-0,242	0,064
175003,0026	-0,023	0,001	1,043	-2,256	-0,383	1,235	-0,358	-0,245	0,064
175003,0116	-0,022	-0,067	1,039	0,101	-1,128	1,906	-0,351	-0,248	0,061
175003,0196	-0,040	0,005	1,027	-3,142	-1,269	0,658	-0,358	-0,242	0,064
175003,0276	0,021	0,039	1,013	1,229	-1,531	3,436	-0,364	-0,227	0,067
175003,0355	-0,000	-0,111	1,001	-4,149	-0,564	1,181	-0,364	-0,227	0,076
175003,0435	-0,037	-0,045	1,025	0,765	-0,745	4,066	-0,367	-0,224	0,070
175003,0515	0,024	-0,109	1,010	-0,604	-1,128	3,114	-0,367	-0,224	0,070
175003,0605	0,033	0,034	1,029	-0,504	-1,269	2,791	-0,361	-0,221	0,073
175003,0704	0,081	-0,153	1,000	-1,128	-0,322	0,765	-0,358	-0,215	0,079
175003,0784	0,031	0,030	1,043	0,181	-0,020	0,859	-0,364	-0,209	0,088
175003,0864	0,072	-0,051	1,030	0,463	-0,020	1,382	-0,370	-0,224	0,076
175003,0944	0,033	-0,066	1,009	-2,216	0,604	0,067	-0,379	-0,221	0,076
175003,1034	0,019	-0,066	1,017	-0,161	0,302	1,423	-0,376	-0,227	0,073
175003,1124	-0,002	-0,018	1,031	-2,115	0,786	0,604	-0,376	-0,227	0,070
175003,1203	0,002	-0,114	1,020	-0,765	0,040	1,329	-0,379	-0,227	0,070
175003,1283	0,010	-0,091	1,006	-2,800	0,463	0,644	-0,379	-0,227	0,070
175003,1363	-0,013	-0,053	1,022	-0,121	-0,181	2,027	-0,373	-0,230	0,079
175003,1453	0,011	-0,101	1,012	-2,236	-0,806	1,570	-0,376	-0,227	0,079
175003,1532	0,033	-0,000	1,052	-0,242	-1,068	3,476	-0,370	-0,233	0,067
175003,1613	0,051	-0,096	1,022	-1,229	-0,383	2,228	-0,364	-0,236	0,073
175003,1702	-0,016	0,002	1,015	0,101	0,705	1,906	-0,367	-0,245	0,067
175003,1782	-0,001	-0,033	1,020	-1,772	-0,403	0,671	-0,367	-0,236	0,073
175003,1862	0,032	-0,021	1,037	-1,289	0,040	0,429	-0,370	-0,227	0,082
175003,1942	0,031	-0,088	1,048	-1,309	0,725	-0,174	-0,367	-0,224	0,082
175003,2021	0,031	0,054	1,049	-0,786	1,470	1,007	-0,367	-0,227	0,079
175003,2111	0,019	-0,129	0,998	-2,618	2,437	-0,483	-0,364	-0,221	0,082
175003,2191	0,026	0,027	1,043	0,141	1,752	0,268	-0,361	-0,221	0,082
175003,2291	0,051	-0,092	1,031	-2,921	2,518	-0,752	-0,364	-0,221	0,088
175003,2370	0,016	-0,019	1,033	0,081	2,961	0,859	-0,364	-0,224	0,076
175003,2460	0,003	-0,054	1,013	-3,001	2,276	-0,470	-0,367	-0,227	0,073
175003,2550	-0,004	-0,025	1,016	-0,685	1,672	0,752	-0,367	-0,221	0,073
175003,2643	-0,012	-0,095	1,014	-2,880	1,088	-0,416	-0,361	-0,227	0,073
175003,2723	-0,019	0,026	1,041	0,060	0,725	1,154	-0,361	-0,227	0,073
175003,2803	-0,005	-0,105	0,996	-1,531	-0,040	0,778	-0,364	-0,224	0,073
175003,2892	0,014	-0,008	1,026	-0,705	-0,403	1,651	-0,373	-0,221	0,079
175003,2972	0,044	-0,150	1,022	-0,806	0,060	0,537	-0,373	-0,224	0,079
175003,3062	0,004	-0,003	1,039	0,222	1,068	0,577	-0,376	-0,227	0,073
175003,3142	-0,005	-0,160	0,993	-1,208	0,725	-0,295	-0,373	-0,233	0,067
175003,3221	0,013	-0,033	1,029	-0,121	1,168	-1,194	-0,367	-0,242	0,067
175003,3302	0,030	-0,126	0,997	0,987	1,692	-1,141	-0,367	-0,233	0,067
175003,3382	-0,001	-0,011	1,018	-0,181	2,639	-1,691	-0,361	-0,245	0,058
175003,3462	-0,001	-0,175	1,010	0,282	2,518	-2,698	-0,364	-0,227	0,067
175003,3553	-0,091	0,131	1,120	1,289	1,813	-1,248	-0,373	-0,218	0,073
175003,3632	-0,021	-0,207	0,981	-3,484	-1,732	-1,919	-0,373	-0,221	0,079
175003,3722	0,142	0,066	1,003	3,887	-2,054	2,698	-0,379	-0,221	0,082
175003,3802	0,066	0,028	1,040	-4,028	2,880	0,282	-0,376	-0,221	0,079
175003,3882	-0,037	-0,063	1,028	-0,463	1,611	2,201	-0,373	-0,218	0,088
175003,3962	-0,008	-0,024	1,032	-0,564	-0,665	0,631	-0,373	-0,221	0,082
175003,4051	0,051	-0,001	1,017	0,342	-1,571	1,745	-0,373	-0,218	0,091
175003,4131	0,080	-0,040	1,000	-2,639	0,423	0,671	-0,367	-0,221	0,079
175003,4220	-0,009	-0,065	1,023	0,020	1,490	1,584	-0,373	-0,218	0,088
175003,4300	-0,035	-0,057	1,040	-1,934	-0,383	0,376	-0,364	-0,224	0,079
175003,4390	0,010	-0,004	1,031	-0,383	-0,544	1,409	-0,370	-0,221	0,079
175003,4480	0,030	-0,114	1,012	-0,947	-0,222	0,550	-0,367	-0,224	0,079
175003,4560	0,000	0,030	1,042	-0,846	0,544	1,087	-0,373	-0,218	0,082
175003,4639	0,003	-0,148	1,023	-1,853	0,322	0,228	-0,361	-0,224	0,076
175003,4719	0,021	-0,044	1,037	-1,732	-0,161	-0,027	-0,373	-0,218	0,079
175003,4815	0,035	-0,052	1,010	-0,725	0,282	1,731	-0,376	-0,221	0,079
175003,4915	0,019	-0,051	1,006	-2,941	0,987	1,181	-0,382	-0,215	0,076
175003,4985	0,001	-0,147	1,015	-0,423	0,040	2,375	-0,379	-0,215	0,076
175003,5074	-0,009	-0,014	1,048	-0,040	-0,765	2,496	-0,388	-0,212	0,082
175003,5164	0,011	-0,157	0,997	-0,423	-1,853	2,859	-0,379	-0,218	0,070
175003,5253	0,055	0,051	1,073	0,685	-1,490	4,241	-0,382	-0,209	0,079
175003,5343	0,011	-0,084	1,028	-2,075	0,906	1,342	-0,370	-0,230	0,076
175003,5423	-0,083	-0,006	0,999	-0,101	0,886	1,221	-0,373	-0,233	0,079
175003,5503	-0,031	0,014	1,032	-0,705	-1,913	0,403	-0,367	-0,233	0,088
175003,5593	0,052	-0,009	1,045	-2,759	-1,551	-0,228	-0,370	-0,242	0,073
175003,5683	0,032	-0,127	1,002	-0,947	-0,242	-0,201	-0,367	-0,236	0,076
175003,5772	-0,008	0,052	1,036	0,081	-0,262	1,557	-0,370	-0,242	0,070
175003,5862	0,004	-0,104	1,019	-1,430	-2,014	1,262	-0,370	-0,227	0,073
175003,5942	0,031	-0,038	1,030	-0,765	-1,732	1,664	-0,367	-0,236	0,079
175003,6022	0,012	-0,078	1,013	0,443	-0,765	1,436	-0,358	-0,230	0,073
175003,6111	-0,031	-0,027	1,003	-1,007	-1,128	0,819	-0,345	-0,236	0,064
175003,6191	-0,004	-0,098	1,009	-0,645	-2,377	0,671	-0,345	-0,242	0,064
175003,6281	0,020	-0,035	1,042	-0,201	-1,934	0,966	-0,345	-0,236	0,061
175003,6361	0,026	-0,110	1,025	0,141	-1,853	-0,148	-0,348	-0,233	0,064
175003,6440	0,008	0,022	1,041	0,423	-1,490	0,497	-0,351	-0,236	0,064
175003,6520	0,012	-0,104	1,025	-0,826	-1,148	-1,047	-0,361	-0,236	0,064
175003,6610	0,030	-0,030	1,042	-1,349	0,161	-1,221	-0,367	-0,224	0,079
175003,6690	0,010	-0,072	1,032	-1,068	1,631	-1,772	-0,367	-0,221	0,082
175003,6780	-0,013	-0,055	1,023	-0,806	1,551	-1,825	-0,367	-0,227	0,079
175003,6870	-0,026	-0,057	1,057	0,483	-0,040	-0,859	-0,367	-0,218	0,088
175003,6949	0,036	-0,021	1,046	-0,927	-1,047	0,658	-0,373	-0,224	0,088
175003,7039	0,057	-0,096	1,007	0,020	0,201	1,047	-0,367	-0,230	0,076
175003,7129	-0,010	0,043	1,026	0,524	1,309	2,161	-0,370	-0,242	0,073
175003,7219	-0,043	-0,073	1,029	-1,450	0,342	1,678	-0,367	-0,233	0,073
175003,7299	0,024	-0,021	1,055	-0,665	-0,886	1,798	-0,367	-0,245	0,070
175003,7388	0,033	-0,061	1,018	0,262	0,101	1,369	-0,367	-0,230	0,073
175003,7468	0,012	-0,009	1,007	-0,584	0,705	0,416	-0,367	-0,227	0,073
175003,7548	0,018	-0,067	1,015	-1,188	0,342	0,778	-0,367	-0,221	0,079
175003,7628	0,046	-0,062	1,014	-0,624	0,423	1,020	-0,367	-0,209	0,070
175003,7708	0,049	-0,077	1,025	-0,020	1,309	1,074	-0,373	-0,215	0,076
175003,7787	0,006	-0,061	1,016	-0,967	1,309	0,389	-0,364	-0,221	0,070
175003,7867	0,014	-0,053	1,015	0,222	0,765	1,396	-0,367	-0,212	0,076
175003,7947	0,033	-0,069	1,021	-0,624	0,745	0,993	-0,361	-0,221	0,073
175003,8027	0,020	-0,030	1,037	0,262	0,705	2,268	-0,367	-0,221	0,079
175003,8107	0,008	-0,073	1,000	-1,249	0,725	1,208	-0,361	-0,233	0,076
175003,8187	0,004	-0,041	1,012	-0,463	0,906	1,865	-0,370	-0,221	0,079
175003,8266	0,011	-0,079	1,023	-1,531	1,007	0,711	-0,373	-0,221	0,088
175003,8346	0,010	-0,032	1,021	-0,242	1,168	1,329	-0,373	-0,218	0,082
175003,8426	0,006	-0,096	1,008	-0,705	0,987	0,698	-0,370	-0,230	0,076
175003,8525	0,001	-0,023	1,033	-0,342	-0,020	1,798	-0,370	-0,230	0,076
175003,8615	0,013	-0,118	1,018	-0,906	-0,665	2,161	-0,367	-0,230	0,079
175003,8695	0,028	0,022	1,065	1,168	-0,665	3,704	-0,367	-0,221	0,088
175003,8785	0,021	-0,073	1,021	-1,490	0,423	1,288	-0,358	-0,239	0,067
175003,8865	-0,032	-0,012	1,016	0,806	0,181	1,114	-0,367	-0,230	0,079
175003,8964	-0,018	0,016	1,037	-1,813	-1,108	1,047	-0,364	-0,236	0,070
175003,9054	0,013	-0,074	1,015	-1,329	-0,987	1,382	-0,358	-0,233	0,070
175003,9154	0,030	-0,009	1,047	-1,571	-1,088	0,993	-0,364	-0,236	0,064
175003,9234	0,016	-0,015	1,030	-2,518	0,101	0,886	-0,364	-0,224	0,067
175003,9313	-0,003	-0,099	1,021	-1,349	-0,322	0,658	-0,361	-0,230	0,064
175003,9393	0,027	0,032	1,048	-1,329	-0,342	0,752	-0,373	-0,221	0,073
175003,9493	0,031	-0,129	0,998	-2,397	0,886	0,013	-0,364	-0,224	0,076
175003,9573	0,012	-0,017	1,013	-0,524	0,685	1,020	-0,376	-0,215	0,073
175003,9652	0,032	-0,080	1,010	-2,115	0,443	0,174	-0,364	-0,227	0,076
175003,9742	-0,005	-0,052	1,030	-0,927	0,886	0,684	-0,373	-0,221	0,073
175003,9822	-0,003	-0,087	1,015	-0,927	0,201	0,362	-0,367	-0,230	0,070
175003,9902	-0,002	-0,043	1,021	-0,121	0,282	1,020	-0,367	-0,224	0,079
175003,9982	-0,003	-0,065	1,017	-1,692	0,020	0,523	-0,361	-0,233	0,073
175004,0061	0,010	-0,077	1,034	-0,584	-0,302	0,523	-0,351	-0,227	0,076
175004,0141	-0,009	-0,043	1,023	-0,564	0,081	0,537	-0,348	-0,236	0,073
175004,0231	-0,002	-0,080	1,013	-0,403	0,181	0,658	-0,351	-0,227	0,076
175004,0311	0,014	-0,036	1,028	-0,363	0,060	0,362	-0,351	-0,230	0,067
175004,0400	0,015	-0,110	1,006	-0,765	0,685	-0,953	-0,364	-0,218	0,076
175004,0480	0,014	-0,044	1,016	0,282	1,511	-0,282	-0,361	-0,230	0,067
175004,0570	0,017	-0,131	1,002	-0,423	2,014	-2,375	-0,361	-0,224	0,064
175004,0650	0,017	-0,043	1,020	0,524	3,525	-2,550	-0,361	-0,224	0,064
175004,0730	-0,108	-0,032	1,106	2,498	3,525	-1,839	-0,351	-0,230	0,064
175004,0809	-0,073	0,031	1,029	-2,578	-2,618	-0,805	-0,379	-0,206	0,091
175004,0889	0,129	-0,151	0,969	1,007	-4,612	1,731	-0,376	-0,221	0,082
175004,0979	0,120	0,235	1,069	0,665	0,745	3,999	-0,382	-0,212	0,094
175004,1059	-0,059	-0,093	0,986	-0,665	1,027	4,066	-0,367	-0,224	0,076
175004,1138	-0,007	0,034	1,019	-0,463	-1,390	1,691	-0,370	-0,230	0,073
175004,1228	0,077	-0,051	1,030	-1,269	-1,511	0,819	-0,367	-0,227	0,070
175004,1308	0,065	-0,030	1,022	-0,745	1,047	0,832	-0,367	-0,230	0,073
175004,1388	-0,028	-0,109	1,029	-0,161	1,772	0,778	-0,367	-0,218	0,073
175004,1478	-0,032	-0,004	1,025	-0,866	-0,081	1,543	-0,367	-0,221	0,076
175004,1567	0,025	-0,095	1,020	0,665	-1,108	2,214	-0,364	-0,212	0,082
175004,1647	0,035	-0,031	1,007	-0,685	0,242	1,798	-0,364	-0,218	0,079
175004,1727	-0,024	-0,073	1,017	-0,725	0,423	1,731	-0,351	-0,221	0,076
175004,1817	-0,023	-0,042	1,027	-0,927	-0,201	1,342	-0,361	-0,221	0,076
175004,1896	-0,007	-0,078	1,038	0,201	-0,906	0,993	-0,358	-0,224	0,073
175004,1976	0,021	-0,038	1,016	-0,262	-1,068	1,678	-0,367	-0,215	0,079
175004,2056	0,020	-0,076	1,011	-0,141	-0,765	1,114	-0,364	-0,212	0,076
175004,2136	0,018	-0,057	1,004	-0,927	-1,269	2,577	-0,373	-0,209	0,079
175004,2235	0,039	-0,113	1,027	0,423	-1,994	2,483	-0,373	-0,212	0,076
175004,2315	0,050	-0,062	1,053	1,027	-2,115	4,093	-0,382	-0,209	0,076
175004,2405	0,069	-0,052	1,045	0,201	-1,370	3,624	-0,376	-0,221	0,076
175004,2485	-0,036	-0,023	1,003	-0,383	1,954	1,369	-0,373	-0,233	0,076
175004,2575	-0,033	0,029	1,047	0,363	-0,161	-0,161	-0,370	-0,224	0,076
175004,2674	0,040	-0,064	1,023	-1,772	-1,027	-0,201	-0,373	-0,221	0,082
175004,2754	0,029	-0,040	1,021	0,383	0,765	0,362	-0,370	-0,224	0,079
175004,2854	0,027	-0,010	1,010	-0,383	1,511	1,517	-0,367	-0,224	0,079
175004,2944	-0,007	-0,054	1,022	-1,168	1,490	0,443	-0,370	-0,212	0,079
175004,3033	0,008	-0,056	1,056	-0,020	0,745	1,852	-0,364	-0,218	0,079
175004,3113	0,040	-0,084	1,026	0,645	0,282	0,242	-0,358	-0,221	0,076
175004,3193	-0,015	-0,030	1,003	0,443	1,329	1,127	-0,358	-0,227	0,070
175004,3283	-0,020	-0,045	0,995	-0,262	0,181	0,523	-0,348	-0,227	0,073
175004,3363	-0,016	-0,059	1,023	-0,423	-0,564	1,208	-0,351	-0,227	0,067
175004,3442	-0,002	-0,060	1,026	-0,483	-0,423	0,537	-0,348	-0,227	0,070
175004,3522	-0,030	-0,044	1,030	0,906	-1,027	1,409	-0,361	-0,227	0,073
175004,3612	-0,011	-0,017	1,019	-0,242	-1,289	0,523	-0,361	-0,227	0,073
175004,3702	0,004	-0,019	1,043	-0,282	-1,591	1,543	-0,361	-0,227	0,073
175004,3791	0,014	-0,072	1,037	-0,906	-0,846	0,255	-0,370	-0,230	0,079
175004,3881	0,006	-0,010	1,014	0,242	-0,262	1,557	-0,367	-0,236	0,070
175004,3961	-0,005	-0,042	1,009	-2,437	-0,262	-0,617	-0,364	-0,236	0,076
175004,4041	0,038	-0,033	1,060	-0,141	-0,141	0,631	-0,361	-0,233	0,070
175004,4120	0,037	-0,021	1,059	-2,397	0,060	-1,275	-0,361	-0,236	0,070
175004,4200	0,044	-0,097	1,006	-0,222	0,020	0,886	-0,367	-0,227	0,073
175004,4280	0,023	0,037	1,010	-1,329	0,483	0,282	-0,364	-0,227	0,073
175004,4360	0,021	-0,115	1,006	-1,490	0,101	1,208	-0,370	-0,218	0,082
175004,4440	0,023	0,005	1,043	-0,947	0,040	0,859	-0,358	-0,230	0,067
175004,4529	0,021	-0,016	1,034	1,370	0,322	1,597	-0,361	-0,224	0,064
175004,4609	0,005	-0,040	1,025	-1,873	1,128	-0,698	-0,351	-0,224	0,070
175004,4689	-0,000	-0,066	1,024	0,121	0,866	1,449	-0,358	-0,227	0,076
175004,4769	-0,013	0,016	1,041	-0,665	0,765	0,497	-0,358	-0,227	0,076
175004,4848	0,029	-0,103	0,997	-0,282	0,363	0,953	-0,364	-0,221	0,076
175004,4938	0,015	-0,109	1,007	-1,853	1,269	0,148	-0,370	-0,212	0,088
175004,5018	0,003	-0,015	1,028	0,604	0,906	1,517	-0,376	-0,209	0,091
175004,5098	0,023	-0,094	1,012	-1,531	1,410	0,362	-0,373	-0,212	0,094
175004,5178	0,006	-0,014	1,026	0,544	1,068	2,469	-0,373	-0,215	0,079
175004,5257	-0,005	-0,047	1,026	-1,289	0,121	1,678	-0,370	-0,224	0,082
175004,5337	-0,004	-0,027	1,016	-1,571	-0,685	1,503	-0,376	-0,221	0,079
175004,5427	0,030	-0,087	1,009	-1,108	-0,786	1,597	-0,370	-0,221	0,091
175004,5507	0,023	-0,010	1,031	-1,631	0,302	0,913	-0,367	-0,230	0,076
175004,5587	-0,010	-0,109	1,015	-1,571	-0,141	1,329	-0,373	-0,218	0,082
175004,5676	0,008	-0,030	1,038	-0,826	-1,047	1,946	-0,370	-0,221	0,079
175004,5756	0,027	-0,094	1,014	-1,430	-0,745	2,188	-0,376	-0,215	0,073
175004,5836	0,015	-0,076	1,010	-0,443	-0,624	2,711	-0,376	-0,212	0,079
175004,5936	0,036	-0,019	1,045	-1,007	-0,906	3,140	-0,376	-0,212	0,079
175004,6025	0,023	-0,054	1,020	-1,853	-0,463	1,114	-0,361	-0,224	0,076
175004,6115	-0,020	-0,057	1,005	-0,060	0,060	0,899	-0,348	-0,236	0,070
175004,6195	-0,015	0,026	1,041	-1,269	-0,383	0,899	-0,361	-0,227	0,079
175004,6275	0,017	-0,089	1,026	-1,994	-0,423	0,537	-0,351	-0,239	0,070
175004,6365	0,028	-0,033	1,033	-0,745	-0,040	0,725	-0,361	-0,230	0,073
175004,6444	0,009	-0,039	1,025	-0,765	0,423	0,778	-0,370	-0,218	0,079
175004,6524	-0,019	-0,002	1,037	-1,088	0,020	0,926	-0,364	-0,224	0,076
175004,6614	0,009	-0,070	1,029	-1,490	-1,108	1,047	-0,364	-0,221	0,079
175004,6694	0,026	-0,029	1,020	-1,430	-0,544	0,939	-0,364	-0,221	0,088
175004,6773	-0,006	-0,093	0,996	-1,249	-0,584	0,711	-0,361	-0,221	0,079
175004,6853	-0,022	0,014	1,027	-1,772	-1,511	1,208	-0,370	-0,218	0,091
175004,6943	0,001	-0,122	1,027	-2,095	-1,853	1,288	-0,361	-0,230	0,079
175004,7033	0,016	-0,059	1,033	-0,242	-1,893	1,355	-0,367	-0,227	0,082
175004,7112	0,018	-0,079	1,015	-1,208	-1,813	1,100	-0,358	-0,239	0,076
175004,7212	0,002	-0,003	1,018	-0,282	-1,913	1,020	-0,361	-0,230	0,073
175004,7302	0,011	-0,108	1,025	-1,249	-1,873	0,161	-0,364	-0,227	0,076
175004,7402	0,024	-0,024	1,042	1,329	-1,370	0,550	-0,361	-0,224	0,079
175004,7481	0,027	-0,089	1,005	-0,826	-0,786	-0,899	-0,358	-0,227	0,082
175004,7561	0,033	-0,061	0,999	-0,141	-0,282	-1,329	-0,358	-0,224	0,082
175004,7651	0,021	-0,090	1,014	-1,470	0,584	-2,228	-0,358	-0,224	0,076
175004,7731	0,013	-0,086	1,048	0,765	1,229	-1,959	-0,358	-0,230	0,073
175004,7811	-0,093	0,046	1,089	0,242	0,685	-1,946	-0,358	-0,227	0,070
175004,7890	-0,037	-0,080	0,996	-1,631	-3,746	-0,644	-0,379	-0,218	0,088
175004,7970	0,101	0,038	1,003	0,282	-3,988	1,503	-0,373	-0,221	0,088
175004,8060	0,035	0,020	1,045	-1,893	-0,081	1,933	-0,367	-0,224	0,091
175004,8140	-0,026	-0,031	1,015	-3,223	-1,813	2,268	-0,361	-0,230	0,076
175004,8219	0,024	0,009	1,030	-0,705	-2,941	2,617	-0,367	-0,218	0,079
175004,8319	0,075	0,001	1,026	-3,706	-2,377	0,429	-0,367	-0,218	0,076
175004,8399	0,083	-0,120	1,010	-1,450	-1,208	0,671	-0,367	-0,221	0,073
175004,8479	0,006	-0,106	1,039	-2,256	0,947	-0,255	-0,367	-0,221	0,073
175004,8559	-0,019	-0,046	1,033	-1,128	-0,443	0,886	-0,367	-0,221	0,073
175004,8638	0,033	-0,163	0,996	-1,551	-0,363	0,242	-0,367	-0,209	0,073
175004,8728	0,040	0,020	1,041	0,584	0,947	1,852	-0,364	-0,215	0,082
175004,8818	0,026	-0,118	1,031	-3,424	1,249	-0,201	-0,370	-0,209	0,082
175004,8898	0,009	-0,049	1,034	0,403	1,007	1,892	-0,367	-0,215	0,088
175004,8977	-0,001	-0,069	1,029	-1,813	0,745	0,322	-0,367	-0,215	0,085
175004,9067	0,022	-0,039	1,008	0,342	0,544	1,731	-0,370	-0,209	0,091
175004,9147	0,015	-0,084	1,010	-2,316	0,886	-0,228	-0,370	-0,209	0,094
175004,9227	0,004	-0,060	1,023	0,685	0,101	1,785	-0,367	-0,224	0,076
175004,9307	-0,016	-0,170	0,992	-1,793	-1,208	1,114	-0,370	-0,215	0,085
175004,9386	-0,002	-0,136	0,996	0,322	-1,954	3,046	-0,370	-0,215	0,085
175004,9466	0,067	-0,037	1,057	-0,181	-0,383	2,805	-0,367	-0,212	0,085
175004,9546	-0,022	-0,010	0,999	-0,906	1,088	1,543	-0,351	-0,227	0,076
175004,9626	-0,046	-0,005	1,017	0,282	-0,806	0,282	-0,358	-0,233	0,073
175004,9706	0,042	0,055	1,037	-3,102	-1,772	-0,617	-0,358	-0,227	0,073
175004,9785	0,076	-0,143	1,012	-2,598	0,262	-1,476	-0,364	-0,227	0,067
175004,9865	0,049	0,087	1,050	-0,121	1,410	-0,201	-0,361	-0,227	0,073
175004,9945	-0,007	-0,084	1,006	-2,598	1,450	-1,248	-0,376	-0,206	0,085
175005,0025	0,014	0,020	1,051	-0,806	-0,121	-0,564	-0,373	-0,209	0,085
175005,0114	0,059	-0,128	1,014	-3,323	0,443	-1,208	-0,376	-0,200	0,091
175005,0194	0,028	-0,006	1,020	-0,363	2,054	0,658	-0,373	-0,209	0,082
175005,0274	-0,019	-0,074	1,009	-2,699	1,994	-0,684	-0,370	-0,209	0,085
175005,0354	0,009	-0,060	1,005	-2,860	0,222	-0,161	-0,373	-0,209	0,082
175005,0444	0,035	-0,121	1,027	-0,282	0,121	0,523	-0,364	-0,224	0,079
175005,0523	0,016	0,004	1,044	-1,329	0,564	-0,295	-0,367	-0,218	0,079
175005,0623	-0,006	-0,141	1,012	-1,188	-0,201	-0,859	-0,361	-0,218	0,085
175005,0713	0,003	0,012	1,025	-0,282	-0,906	0,174	-0,361	-0,224	0,079
175005,0793	0,036	-0,169	0,996	-2,034	-0,302	-0,778	-0,361	-0,221	0,085
175005,0882	0,012	0,003	1,031	0,584	0,725	0,309	-0,361	-0,227	0,079
175005,0972	-0,008	-0,141	1,014	-1,309	0,443	-0,953	-0,361	-0,221	0,082
175005,1062	0,017	-0,018	1,026	1,007	0,765	0,121	-0,358	-0,233	0,076
175005,1142	-0,022	-0,116	1,033	-1,450	1,269	-1,530	-0,367	-0,218	0,079
175005,1231	-0,012	0,001	1,041	0,846	-0,483	0,389	-0,361	-0,221	0,079
175005,1311	0,021	-0,077	1,000	-1,913	-0,906	0,174	-0,373	-0,215	0,079
175005,1401	0,027	0,006	1,040	1,934	-0,201	2,429	-0,370	-0,215	0,079
175005,1481	0,004	-0,013	1,047	-2,175	-0,181	0,886	-0,373	-0,218	0,085
175005,1571	-0,007	-0,075	1,023	0,443	-0,806	2,617	-0,364	-0,230	0,079
175005,1650	-0,007	0,011	1,027	-1,571	-1,027	2,120	-0,367	-0,224	0,079
175005,1730	0,021	-0,105	1,018	-1,793	-1,470	1,221	-0,367	-0,224	0,079
175005,1810	0,013	-0,029	1,020	-1,893	0,040	1,141	-0,367	-0,230	0,073
175005,1900	0,016	-0,118	1,024	0,101	-0,322	1,772	-0,364	-0,230	0,073
175005,1979	0,023	-0,005	1,036	-0,423	-0,604	0,483	-0,364	-0,221	0,073
175005,2059	0,064	-0,126	0,999	-1,430	-0,342	-0,604	-0,367	-0,215	0,082
175005,2149	0,036	-0,023	1,020	-0,806	0,504	-1,074	-0,373	-0,200	0,085
175005,2229	0,022	-0,122	1,036	0,544	-0,040	-0,322	-0,373	-0,200	0,094
175005,2309	0,047	-0,100	1,021	-1,390	-0,161	-0,242	-0,373	-0,200	0,094
175005,2388	0,030	-0,007	1,032	1,470	-0,302	2,536	-0,373	-0,203	0,097
175005,2468	0,006	0,062	1,033	-1,430	-0,302	2,067	-0,373	-0,209	0,094
175005,2548	-0,014	-0,038	1,022	-0,947	-1,511	2,953	-0,367	-0,224	0,079
175005,2638	0,032	-0,051	1,026	-1,309	-2,296	2,362	-0,367	-0,218	0,085
175005,2717	0,045	-0,021	1,040	0,141	-1,027	2,765	-0,364	-0,218	0,085
175005,2797	-0,003	-0,062	1,021	-2,357	-1,007	2,174	-0,364	-0,209	0,085
175005,2877	0,028	-0,080	1,031	0,423	-1,772	3,811	-0,361	-0,218	0,082
175005,2967	0,031	-0,088	1,029	-1,168	-0,967	1,691	-0,351	-0,221	0,079
175005,3047	0,002	-0,007	1,013	-0,181	-0,040	1,248	-0,348	-0,230	0,073
175005,3126	-0,010	-0,088	1,010	-1,490	-0,806	0,698	-0,364	-0,224	0,073
175005,3206	0,023	-0,010	1,044	-0,081	-1,511	1,007	-0,358	-0,224	0,076
175005,3286	0,036	-0,078	1,019	-1,229	-0,302	0,604	-0,364	-0,221	0,079
175005,3366	0,024	-0,032	1,017	0,705	-0,141	1,543	-0,364	-0,221	0,079
175005,3446	0,049	-0,085	1,053	-1,289	-0,363	0,564	-0,364	-0,221	0,079
175005,3525	0,055	-0,017	1,044	-0,806	0,584	0,456	-0,364	-0,218	0,076
175005,3615	0,035	-0,119	1,000	-0,222	1,652	0,591	-0,364	-0,209	0,079
175005,3715	0,017	0,051	1,025	-0,322	1,652	0,362	-0,370	-0,215	0,076
175005,3795	0,025	-0,131	1,010	-3,021	1,188	-0,658	-0,373	-0,209	0,079
175005,3894	0,014	-0,012	1,043	0,423	1,047	0,537	-0,373	-0,215	0,079
175005,3984	0,021	-0,079	1,026	-1,188	0,866	-0,765	-0,370	-0,212	0,082
175005,4074	0,013	-0,048	1,017	-0,242	1,148	0,188	-0,370	-0,215	0,088
175005,4164	0,015	-0,103	1,024	-1,833	0,564	-1,007	-0,370	-0,218	0,082
175005,4263	0,014	0,019	1,046	-0,101	-0,060	0,792	-0,367	-0,212	0,091
175005,4353	0,015	-0,121	1,006	-2,739	-0,403	-0,617	-0,364	-0,218	0,082
175005,4433	0,017	0,011	1,027	0,524	-0,564	0,926	-0,364	-0,218	0,088
175005,4523	0,015	-0,076	1,018	-3,585	0,282	-0,980	-0,364	-0,218	0,079
175005,4612	0,015	-0,091	1,015	-0,624	-0,081	-0,081	-0,358	-0,224	0,076
175005,4692	0,024	-0,061	1,027	-1,752	0,504	-1,584	-0,351	-0,224	0,073
175005,4772	0,026	-0,083	1,008	-0,201	1,450	-1,476	-0,348	-0,224	0,079
175005,4852	0,022	-0,089	0,998	-2,014	1,873	-3,087	-0,351	-0,218	0,079
175005,4932	0,036	-0,144	1,026	1,511	2,800	-2,698	-0,348	-0,218	0,076
175005,5021	-0,060	0,032	1,101	0,363	3,062	-3,597	-0,361	-0,221	0,079
175005,5101	-0,030	-0,070	0,993	-0,564	-4,290	-0,993	-0,370	-0,215	0,088
175005,5181	0,117	-0,001	1,015	0,564	-3,585	1,221	-0,379	-0,218	0,085
175005,5261	0,066	0,080	1,039	-1,853	0,645	2,255	-0,376	-0,212	0,091
175005,5340	-0,044	-0,084	0,988	-3,887	1,088	3,020	-0,373	-0,218	0,082
175005,5420	-0,069	-0,027	1,036	-0,524	-1,349	3,288	-0,370	-0,218	0,085
175005,5510	0,001	0,003	1,041	-1,551	-2,961	2,308	-0,367	-0,224	0,082
175005,5600	0,070	-0,065	1,014	-0,745	-1,631	2,872	-0,373	-0,215	0,088
175005,5680	0,019	-0,052	1,009	-1,591	0,242	1,678	-0,370	-0,215	0,082
175005,5769	0,016	-0,033	1,037	-0,846	-0,947	1,288	-0,367	-0,209	0,082
175005,5859	0,064	-0,089	1,027	-2,679	-1,611	1,127	-0,373	-0,206	0,079
175005,5939	0,093	-0,093	1,029	0,544	-0,524	0,470	-0,367	-0,212	0,082
175005,6019	0,017	-0,066	1,023	-2,659	1,289	-0,094	-0,376	-0,203	0,088
175005,6098	0,005	-0,055	1,048	-0,423	0,040	1,302	-0,361	-0,218	0,085
175005,6188	0,029	-0,060	1,040	-1,974	-0,463	0,362	-0,367	-0,212	0,088
175005,6268	0,028	-0,018	1,024	-1,591	0,121	1,959	-0,367	-0,206	0,097
175005,6358	0,024	-0,066	1,000	-2,679	0,201	1,221	-0,367	-0,206	0,097
175005,6448	0,003	-0,041	1,029	-1,410	-0,302	2,510	-0,370	-0,203	0,091
175005,6527	0,013	-0,141	1,000	-1,531	-0,906	1,919	-0,364	-0,212	0,082
175005,6607	0,025	-0,043	1,021	-0,403	-1,490	2,966	-0,364	-0,212	0,082
175005,6687	0,048	0,003	1,041	-0,584	-0,060	2,469	-0,364	-0,212	0,085
175005,6777	-0,013	-0,040	1,016	-2,639	1,088	1,007	-0,358	-0,224	0,079
175005,6856	-0,044	-0,043	1,024	0,645	-0,624	0,362	-0,351	-0,230	0,073
175005,6936	0,019	0,051	1,048	-2,195	-2,115	0,282	-0,351	-0,227	0,076
175005,7016	0,052	-0,119	1,002	-2,377	-0,906	0,081	-0,364	-0,227	0,067
175005,7096	0,008	0,014	0,999	-1,470	-0,363	0,819	-0,358	-0,224	0,076
175005,7176	0,013	-0,038	1,032	-1,934	-0,765	0,013	-0,367	-0,221	0,073
175005,7255	0,030	-0,029	1,049	-2,880	-1,007	0,577	-0,367	-0,221	0,073
175005,7345	0,047	-0,160	1,016	-0,745	-0,524	-0,644	-0,364	-0,224	0,079
175005,7435	0,017	0,043	1,030	-0,282	-0,222	-0,027	-0,364	-0,224	0,079
175005,7515	0,022	-0,131	0,984	-2,840	-0,786	-1,235	-0,364	-0,221	0,079
175005,7614	0,011	-0,022	1,033	-0,443	-0,584	-0,443	-0,364	-0,221	0,079
175005,7694	0,026	-0,058	1,025	-0,705	-0,624	-0,859	-0,364	-0,221	0,079
175005,7784	0,022	-0,025	1,028	-2,195	-0,161	-0,778	-0,367	-0,224	0,079
175005,7864	0,025	-0,103	1,021	-1,128	0,181	-0,523	-0,367	-0,224	0,079
175005,7943	0,006	0,011	1,049	-1,208	1,047	0,336	-0,364	-0,221	0,085
175005,8023	0,003	-0,134	1,009	-2,054	0,544	-0,832	-0,358	-0,227	0,082
175005,8103	0,014	-0,006	1,011	-0,967	0,826	0,054	-0,348	-0,224	0,082
175005,8183	0,003	-0,120	1,005	-2,840	1,289	-1,543	-0,351	-0,221	0,079
175005,8273	-0,012	-0,024	1,051	-0,826	1,349	-0,658	-0,351	-0,215	0,085
175005,8352	-0,027	-0,097	1,051	-2,437	0,040	-0,913	-0,367	-0,212	0,088
175005,8432	0,081	-0,011	1,019	-0,222	-0,161	0,792	-0,367	-0,212	0,088
175005,8522	0,018	-0,063	1,003	-1,108	1,027	0,792	-0,367	-0,212	0,088
175005,8602	-0,023	0,021	1,028	-1,229	0,544	1,973	-0,364	-0,215	0,091
175005,8692	-0,026	-0,032	1,032	-1,732	-0,201	1,208	-0,358	-0,221	0,091
175005,8771	0,018	0,011	1,042	-0,262	-2,135	2,040	-0,358	-0,221	0,085
175005,8861	0,030	-0,132	1,006	-0,081	-0,786	1,610	-0,348	-0,306	0,052
175005,8941	0,048	0,304	1,030	7,795	3,525	0,604	-0,364	-0,212	0,058
175005,9031	-0,039	0,449	1,079	1,410	-0,423	2,416	-0,388	-0,245	0,094
175005,9110	0,057	0,219	0,984	-4,733	-2,417	-0,765	-0,382	-0,221	0,097
175005,9190	0,141	0,186	1,002	0,201	0,705	2,617	-0,367	-0,230	0,094
175005,9270	-0,047	0,306	1,122	-1,913	0,906	1,382	-0,367	-0,230	0,094
175005,9350	0,075	0,206	0,983	-3,686	-2,195	0,322	-0,382	-0,212	0,115
175005,9430	0,147	0,019	0,966	-3,484	-0,060	-0,429	-0,373	-0,206	0,112
175005,9509	0,097	-0,068	1,066	-2,075	1,349	-0,617	-0,364	-0,209	0,091
175005,9599	0,005	-0,075	1,053	-2,397	1,994	-0,094	-0,358	-0,212	0,082
175005,9679	0,014	-0,027	1,042	4,270	-2,860	2,510	-0,358	-0,212	0,082
175005,9779	0,112	0,031	1,005	-3,948	0,524	-0,376	-0,358	-0,215	0,079
175005,9858	-0,057	-0,241	0,994	-3,726	3,041	-0,550	-0,355	-0,218	0,079
175005,9938	-0,056	-0,083	1,064	0,786	-0,141	-0,845	-0,355	-0,215	0,079
175006,0018	-0,003	-0,174	1,041	-1,752	-1,168	-4,147	-0,355	-0,218	0,073
175006,0098	0,050	-0,069	1,009	1,309	-0,967	-2,765	-0,355	-0,215	0,082
175006,0188	0,041	-0,071	1,010	-0,866	1,349	-3,046	-0,358	-0,215	0,082
175006,0267	-0,045	-0,073	1,036	-1,470	0,342	-1,154	-0,364	-0,206	0,088
175006,0347	0,030	-0,053	1,033	-0,645	-1,793	0,617	-0,361	-0,209	0,085
175006,0437	0,061	0,003	1,021	0,101	0,060	1,624	-0,361	-0,212	0,088
175006,0517	-0,005	-0,030	1,015	-1,631	1,249	1,329	-0,361	-0,212	0,088
175006,0596	-0,005	-0,066	1,042	-1,289	-0,161	1,892	-0,361	-0,212	0,088
175006,0676	0,040	-0,115	1,036	-0,564	-0,624	1,423	-0,361	-0,212	0,088
175006,0766	0,057	-0,022	1,020	0,262	0,463	0,966	-0,358	-0,215	0,079
175006,0846	-0,005	-0,064	1,011	-0,866	0,987	0,403	-0,361	-0,212	0,082
175006,0936	0,019	-0,025	1,035	-1,088	-0,181	0,188	-0,361	-0,209	0,085
175006,1015	0,036	-0,049	1,042	-1,168	-0,363	-0,161	-0,361	-0,212	0,085
175006,1095	0,024	-0,020	1,023	-0,302	0,181	0,094	-0,361	-0,209	0,088
175006,1175	0,016	-0,047	1,017	-1,007	0,645	-0,617	-0,361	-0,209	0,085
175006,1265	0,007	-0,069	1,031	-0,886	0,222	-0,537	-0,361	-0,212	0,085
175006,1364	0,040	-0,080	1,027	-0,786	-0,504	-0,470	-0,361	-0,212	0,085
175006,1444	0,024	-0,055	1,019	-0,423	0,604	-0,027	-0,361	-0,209	0,085
175006,1524	0,011	-0,047	1,022	-0,866	0,161	-0,107	-0,361	-0,209	0,088
175006,1604	0,023	-0,045	1,032	-0,987	0,222	0,215	-0,361	-0,212	0,085
175006,1684	0,025	-0,055	1,028	-0,786	0,161	0,255	-0,361	-0,209	0,085
175006,1763	0,015	-0,042	1,022	-0,604	0,423	0,054	-0,361	-0,209	0,085
175006,1843	0,012	-0,063	1,023	-0,604	0,060	-0,040	-0,361	-0,209	0,088
175006,1943	0,032	-0,057	1,028	-0,906	-0,040	-0,094	-0,361	-0,209	0,085
175006,2023	0,024	-0,062	1,023	-0,826	0,443	-0,121	-0,361	-0,209	0,085
175006,2102	0,018	-0,037	1,023	-0,765	-0,201	-0,161	-0,361	-0,209	0,088
175006,2192	0,020	-0,048	1,026	-0,745	-0,040	-0,174	-0,361	-0,209	0,085
175006,2282	0,021	-0,056	1,029	-0,765	0,403	-0,255	-0,361	-0,209	0,085
175006,2362	0,020	-0,054	1,024	-0,826	0,423	-0,067	-0,361	-0,209	0,085
175006,2441	0,013	-0,055	1,020	-1,007	0,201	-0,174	-0,361	-0,212	0,085
175006,2521	0,024	-0,058	1,024	-0,846	-0,081	-0,148	-0,361	-0,209	0,085
175006,2601	0,027	-0,058	1,030	-1,007	0,302	0,134	-0,361	-0,209	0,085
175006,2681	0,020	-0,053	1,026	-0,826	0,141	0,174	-0,361	-0,209	0,088
175006,2761	0,018	-0,045	1,022	-0,786	0,201	0,148	-0,361	-0,209	0,085
175006,2850	0,019	-0,052	1,029	-0,665	0,040	0,376	-0,361	-0,209	0,085
175006,2930	0,020	-0,056	1,026	-0,846	0,322	0,067	-0,361	-0,212	0,088
175006,3010	0,016	-0,052	1,022	-0,685	0,363	0,027	-0,361	-0,209	0,085
175006,3100	0,024	-0,052	1,024	-0,745	-0,101	-0,054	-0,361	-0,209	0,088
175006,3180	0,025	-0,055	1,027	-0,584	0,483	0,107	-0,361	-0,209	0,085
175006,3259	0,021	-0,054	1,027	-0,604	0,564	0,027	-0,361	-0,209	0,085
175006,3349	0,018	-0,049	1,024	-0,806	0,524	-0,013	-0,361	-0,212	0,085
175006,3439	0,021	-0,054	1,027	-0,886	0,081	-0,134	-0,361	-0,212	0,085
175006,3519	0,020	-0,057	1,026	-0,806	0,222	-0,081	-0,361	-0,209	0,085
175006,3598	0,018	-0,053	1,024	-0,765	0,201	0,054	-0,361	-0,212	0,085
175006,3678	0,023	-0,053	1,023	-0,826	0,201	0,054	-0,361	-0,212	0,085
175006,3768	0,023	-0,054	1,026	-0,544	0,181	0,161	-0,361	-0,209	0,082
175006,3848	0,020	-0,054	1,027	-0,927	0,302	0,336	-0,361	-0,209	0,085
175006,3935	0,018	-0,052	1,025	-0,665	-0,161	0,054	-0,361	-0,212	0,085
175006,4025	0,020	-0,053	1,024	-0,927	-0,081	-0,054	-0,361	-0,209	0,085
175006,4104	0,021	-0,053	1,025	-1,027	0,181	-0,188	-0,361	-0,209	0,085
175006,4184	0,020	-0,055	1,025	-0,544	0,242	-0,174	-0,361	-0,209	0,085
175006,4274	0,021	-0,053	1,025	-0,745	0,242	-0,094	-0,361	-0,209	0,088
175006,4353	0,022	-0,054	1,025	-0,685	0,181	-0,054	-0,361	-0,209	0,088
175006,4443	0,020	-0,054	1,026	-0,947	0,282	0,040	-0,361	-0,212	0,085
175006,4523	0,018	-0,054	1,026	-0,826	0,463	-0,054	-0,361	-0,209	0,085
175006,4612	0,019	-0,053	1,026	-0,947	0,201	-0,054	-0,361	-0,212	0,085
175006,4692	0,022	-0,053	1,025	-0,786	0,161	0,081	-0,361	-0,209	0,088
175006,4772	0,020	-0,053	1,025	-0,866	0,020	0,161	-0,361	-0,209	0,085
175006,4851	0,020	-0,052	1,025	-0,624	0,040	-0,054	-0,361	-0,209	0,085
175006,4941	0,021	-0,053	1,026	-0,705	0,020	-0,081	-0,361	-0,209	0,085
175006,5031	0,020	-0,053	1,025	-0,846	0,342	-0,148	-0,361	-0,212	0,082
175006,5111	0,020	-0,054	1,025	-0,544	0,363	0,148	-0,361	-0,209	0,088
175006,5191	0,020	-0,052	1,025	-0,765	0,181	0,161	-0,361	-0,209	0,085
175006,5280	0,022	-0,053	1,025	-0,403	0,060	-0,362	-0,361	-0,209	0,085
175006,5360	0,021	-0,054	1,025	-0,806	0,020	-0,013	-0,364	-0,209	0,085
175006,5440	0,021	-0,054	1,025	-0,886	-0,121	-0,174	-0,361	-0,209	0,085
175006,5530	0,021	-0,053	1,025	-0,826	0,342	0,148	-0,361	-0,209	0,085
175006,5620	0,021	-0,054	1,024	-0,826	0,342	-0,013	-0,361	-0,209	0,085
175006,5699	0,020	-0,053	1,025	-0,765	0,181	0,027	-0,361	-0,209	0,085
175006,5779	0,020	-0,053	1,025	-0,866	0,081	0,242	-0,361	-0,209	0,085
175006,5871	0,021	-0,052	1,025	-0,745	0,081	0,027	-0,361	-0,209	0,088
175006,5961	0,021	-0,053	1,025	-0,604	0,161	-0,054	-0,361	-0,212	0,085
175006,6041	0,021	-0,054	1,026	-0,886	0,161	-0,054	-0,361	-0,209	0,085
175006,6120	0,021	-0,053	1,026	-0,564	0,161	-0,040	-0,361	-0,212	0,085
175006,6200	0,021	-0,054	1,025	-0,927	0,040	0,081	-0,361	-0,209	0,082
175006,6280	0,020	-0,052	1,025	-0,826	-0,081	0,067	-0,361	-0,209	0,088
175006,6370	0,021	-0,053	1,025	-0,786	-0,081	0,148	-0,361	-0,212	0,085
175006,6450	0,021	-0,054	1,025	-0,544	0,242	0,027	-0,361	-0,209	0,085
175006,6529	0,021	-0,053	1,025	-1,027	0,181	0,067	-0,361	-0,209	0,085
175006,6607	0,021	-0,053	1,025	-0,846	0,040	-0,121	-0,361	-0,209	0,082
175006,6687	0,020	-0,054	1,025	-0,786	0,282	0,295	-0,361	-0,209	0,088
175006,6780	0,021	-0,054	1,026	-0,745	0,121	0,040	-0,361	-0,212	0,085
175006,6870	0,021	-0,053	1,025	-0,765	0,020	0,268	-0,361	-0,212	0,085
175006,6950	0,021	-0,054	1,025	-0,584	-0,101	0,201	-0,361	-0,209	0,085
175006,7030	0,021	-0,054	1,025	-0,685	-0,081	-0,094	-0,361	-0,209	0,085
175006,7121	0,022	-0,054	1,025	-0,906	0,282	-0,013	-0,361	-0,209	0,088
175006,7213	0,021	-0,054	1,025	-0,745	0,121	0,013	-0,361	-0,209	0,085
175006,7293	0,021	-0,054	1,025	-0,665	0,081	-0,228	-0,361	-0,209	0,085
175006,7372	0,021	-0,053	1,025	-0,403	-0,040	-0,242	-0,361	-0,212	0,082
175006,7452	0,021	-0,054	1,025	-0,745	0,020	0,174	-0,361	-0,209	0,085
175006,7542	0,020	-0,053	1,026	-0,624	0,121	0,134	-0,361	-0,209	0,085
175006,7621	0,020	-0,053	1,026	-0,786	0,222	0,161	-0,361	-0,209	0,085
175006,7711	0,021	-0,053	1,025	-0,927	0,463	0,013	-0,361	-0,209	0,085
175006,7791	0,022	-0,054	1,025	-0,765	0,141	0,067	-0,361	-0,209	0,085
175006,7871	0,020	-0,052	1,026	-0,846	-0,101	0,188	-0,361	-0,209	0,088
175006,7951	0,021	-0,054	1,025	-0,987	0,121	-0,067	-0,361	-0,209	0,085
175006,8030	0,021	-0,053	1,025	-0,705	0,222	-0,134	-0,361	-0,209	0,085
175006,8120	0,022	-0,053	1,025	-0,705	0,121	-0,027	-0,361	-0,212	0,085
175006,8210	0,021	-0,054	1,025	-0,886	0,141	-0,027	-0,361	-0,209	0,082
175006,8290	0,020	-0,053	1,025	-0,745	0,101	-0,027	-0,361	-0,209	0,088
175006,8369	0,020	-0,053	1,025	-0,685	-0,081	-0,054	-0,361	-0,209	0,085
175006,8450	0,020	-0,053	1,026	-0,685	0,040	-0,081	-0,361	-0,212	0,085
175006,8529	0,021	-0,053	1,025	-0,786	0,081	0,148	-0,361	-0,212	0,085
175006,8619	0,022	-0,053	1,025	-0,806	0,222	0,040	-0,364	-0,212	0,082
175006,8709	0,021	-0,053	1,025	-0,886	0,222	-0,040	-0,364	-0,209	0,088
175006,8788	0,020	-0,052	1,025	-0,967	0,363	-0,094	-0,364	-0,209	0,085
175006,8868	0,020	-0,053	1,025	-0,866	0,121	0,040	-0,364	-0,209	0,085
175006,8948	0,020	-0,053	1,025	-0,846	0,141	-0,013	-0,364	-0,209	0,085
175006,9038	0,020	-0,053	1,026	-0,584	0,222	-0,027	-0,364	-0,209	0,082
175006,9117	0,020	-0,052	1,025	-0,866	0,121	-0,027	-0,364	-0,209	0,085
175006,9207	0,021	-0,053	1,025	-0,866	0,081	-0,362	-0,364	-0,209	0,085
175006,9297	0,021	-0,053	1,025	-0,443	-0,181	-0,013	-0,364	-0,209	0,085
175006,9377	0,021	-0,054	1,026	-0,624	0,322	0,081	-0,364	-0,209	0,082
175006,9457	0,021	-0,054	1,025	-0,685	0,161	0,067	-0,364	-0,209	0,085
175006,9587	0,021	-0,054	1,025	-0,504	0,040	-0,121	-0,364	-0,209	0,085
175006,9706	0,021	-0,053	1,026	-1,068	-0,020	-0,081	-0,364	-0,209	0,085
175006,9826	0,020	-0,053	1,026	-0,765	-0,322	0,215	-0,364	-0,212	0,082
175006,9945	0,021	-0,053	1,026	-0,624	-0,101	0,161	-0,364	-0,212	0,082
175007,0065	0,021	-0,053	1,025	-0,866	0,161	-0,054	-0,364	-0,209	0,085
175007,0185	0,020	-0,053	1,025	-0,927	-0,121	0,134	-0,364	-0,212	0,082
175007,0325	0,020	-0,052	1,025	-1,108	0,101	0,295	-0,364	-0,209	0,085
175007,0474	0,020	-0,052	1,026	-0,604	0,181	0,188	-0,364	-0,209	0,085
175007,0604	0,021	-0,053	1,025	-0,443	-0,040	0,054	-0,364	-0,209	0,082
175007,0754	0,021	-0,053	1,025	-0,906	0,282	0,040	-0,364	-0,209	0,085
175007,0871	0,020	-0,053	1,025	-1,007	0,262	0,067	-0,364	-0,212	0,085
175007,0987	0,020	-0,053	1,025	-0,765	0,161	-0,134	-0,364	-0,209	0,085
175007,1122	0,020	-0,051	1,026	-0,624	0,201	-0,013	-0,364	-0,209	0,085
175007,1251	0,020	-0,054	1,025	-0,725	0,141	0,027	-0,364	-0,209	0,082
175007,1371	0,020	-0,053	1,025	-0,765	0,201	-0,054	-0,364	-0,209	0,085
175007,1490	0,021	-0,054	1,025	-0,685	0,262	-0,013	-0,364	-0,212	0,085
175007,1619	0,021	-0,053	1,026	-0,786	-0,081	0,148	-0,364	-0,209	0,085
175007,1749	0,021	-0,054	1,025	-0,745	0,020	0,107	-0,364	-0,209	0,085
175007,1869	0,021	-0,054	1,025	-0,544	0,363	0,107	-0,364	-0,212	0,082
175007,2009	0,020	-0,053	1,026	-0,725	0,081	0,107	-0,364	-0,209	0,085
175007,2139	0,020	-0,054	1,025	-0,645	-0,081	-0,067	-0,364	-0,209	0,085
175007,2259	0,020	-0,053	1,025	-0,685	0,141	-0,148	-0,364	-0,209	0,082
175007,2388	0,021	-0,053	1,025	-0,786	-0,242	-0,174	-0,364	-0,209	0,085
175007,2518	0,019	-0,053	1,025	-0,403	-0,020	-0,094	-0,364	-0,209	0,085
175007,2648	0,021	-0,053	1,026	-0,886	0,141	0,107	-0,364	-0,212	0,082
175007,2768	0,021	-0,053	1,025	-0,604	0,141	-0,134	-0,364	-0,209	0,082
175007,2910	0,021	-0,053	1,025	-0,786	0,302	-0,134	-0,364	-0,209	0,085
175007,3036	0,021	-0,054	1,026	-0,483	0,504	-0,094	-0,364	-0,209	0,082
175007,3156	0,021	-0,054	1,025	-0,806	0,101	-0,081	-0,364	-0,209	0,082
175007,3286	0,021	-0,055	1,026	-0,826	0,020	-0,027	-0,364	-0,209	0,085
175007,3421	0,021	-0,054	1,027	-0,463	0,181	-0,121	-0,364	-0,209	0,082
175007,3551	0,020	-0,053	1,025	-0,725	-0,040	0,255	-0,364	-0,209	0,085
175007,3680	0,020	-0,053	1,026	-0,725	0,060	-0,148	-0,364	-0,209	0,085
175007,3801	0,020	-0,054	1,025	-0,806	0,081	-0,148	-0,364	-0,209	0,082
175007,3941	0,021	-0,054	1,025	-0,705	0,302	0,040	-0,364	-0,209	0,085
175007,4060	0,021	-0,053	1,025	-0,927	0,141	0,121	-0,364	-0,209	0,085
175007,4190	0,021	-0,053	1,026	-0,685	0,040	-0,188	-0,364	-0,209	0,082
175007,4310	0,021	-0,053	1,026	-1,188	0,161	-0,174	-0,364	-0,209	0,085
175007,4426	0,020	-0,053	1,025	-0,705	0,181	0,067	-0,364	-0,209	0,082
175007,4555	0,021	-0,054	1,025	-0,806	0,141	-0,174	-0,364	-0,209	0,082
175007,4689	0,021	-0,053	1,026	-0,725	0,363	0,040	-0,364	-0,209	0,085
175007,4808	0,020	-0,052	1,025	-0,725	0,141	-0,027	-0,364	-0,209	0,082
175007,4938	0,020	-0,053	1,025	-0,806	0,463	0,309	-0,364	-0,209	0,082
175007,5058	0,021	-0,053	1,025	-0,705	0,242	0,067	-0,364	-0,209	0,082
175007,5177	0,020	-0,052	1,026	-0,604	-0,060	-0,107	-0,364	-0,209	0,082
175007,5307	0,021	-0,054	1,025	-0,786	0,060	-0,148	-0,364	-0,209	0,085
175007,5437	0,021	-0,053	1,026	-0,786	-0,040	0,148	-0,364	-0,212	0,079
175007,5556	0,021	-0,053	1,026	-0,806	0,242	-0,013	-0,364	-0,212	0,082
175007,5676	0,021	-0,054	1,025	-0,624	0,201	0,161	-0,364	-0,209	0,085
175007,5806	0,021	-0,054	1,026	-0,866	0,282	0,027	-0,364	-0,209	0,082
175007,5935	0,020	-0,053	1,025	-0,725	0,121	0,107	-0,364	-0,209	0,082
175007,6055	0,021	-0,053	1,025	-0,765	0,242	0,107	-0,364	-0,209	0,082
175007,6176	0,021	-0,053	1,025	-0,665	0,040	-0,040	-0,364	-0,209	0,082
175007,6314	0,020	-0,053	1,026	-0,947	0,181	-0,094	-0,364	-0,209	0,085
175007,6434	0,020	-0,053	1,025	-0,765	-0,020	0,081	-0,364	-0,209	0,085
175007,6554	0,020	-0,053	1,025	-0,806	0,121	-0,067	-0,364	-0,209	0,082
175007,6683	0,021	-0,053	1,026	-0,786	0,081	-0,094	-0,364	-0,209	0,085
175007,6795	0,021	-0,054	1,024	-0,745	0,504	0,081	-0,364	-0,209	0,082
175007,6925	0,021	-0,053	1,025	-0,786	0,363	-0,081	-0,364	-0,212	0,085
175007,7074	0,020	-0,054	1,026	-0,786	0,060	0,040	-0,364	-0,212	0,085
175007,7214	0,021	-0,052	1,026	-0,403	0,161	-0,054	-0,364	-0,209	0,082
175007,7354	0,021	-0,053	1,025	-0,765	0,161	0,134	-0,364	-0,209	0,082
175007,7483	0,020	-0,054	1,026	-0,745	0,242	-0,067	-0,364	-0,209	0,079
175007,7613	0,020	-0,052	1,026	-0,846	0,121	0,188	-0,364	-0,209	0,082
175007,7742	0,021	-0,054	1,025	-0,624	0,121	0,215	-0,364	-0,209	0,082
175007,7872	0,021	-0,053	1,026	-0,826	0,161	0,054	-0,364	-0,209	0,082
175007,7992	0,021	-0,053	1,025	-0,846	-0,242	0,013	-0,364	-0,212	0,082
175007,8111	0,020	-0,052	1,026	-0,665	0,020	0,081	-0,364	-0,209	0,085
175007,8231	0,020	-0,053	1,025	-0,705	0,383	-0,040	-0,364	-0,209	0,082
175007,8371	0,021	-0,053	1,026	-0,765	0,020	0,161	-0,364	-0,209	0,085
175007,8490	0,020	-0,053	1,026	-0,866	0,342	0,107	-0,364	-0,209	0,085
175007,8620	0,021	-0,053	1,026	-0,705	0,081	0,349	-0,364	-0,209	0,085
175007,8750	0,021	-0,054	1,025	-0,846	0,201	-0,121	-0,364	-0,212	0,085
175007,8869	0,021	-0,053	1,026	-0,765	0,181	0,094	-0,364	-0,209	0,085
175007,8989	0,021	-0,053	1,025	-0,765	0,101	-0,027	-0,364	-0,209	0,082
175007,9119	0,020	-0,053	1,025	-0,846	0,081	-0,027	-0,364	-0,209	0,085
175007,9239	0,021	-0,053	1,025	-0,604	0,242	-0,013	-0,364	-0,212	0,085
