172958,8705	-0,658	0,222	-0,169	1,000	62,032
172958,8785	-0,658	0,222	-0,169	1,000	62,029
172958,8954	-0,658	0,222	-0,169	1,000	62,033
172958,9214	-0,658	0,222	-0,169	1,000	62,024
172958,9373	-0,658	0,222	-0,169	1,000	62,027
172958,9523	-0,658	0,222	-0,169	1,000	62,028
172958,9692	-0,658	0,222	-0,169	1,000	62,031
172958,9862	-0,658	0,222	-0,169	1,000	62,033
172958,9942	-0,658	0,222	-0,169	1,000	62,017
172959,0112	-0,658	0,222	-0,169	1,000	62,023
172959,0360	-0,658	0,222	-0,169	1,000	62,023
172959,0530	-0,658	0,222	-0,169	1,000	62,018
172959,0700	-0,658	0,222	-0,169	1,000	62,022
172959,0859	-0,658	0,222	-0,169	1,000	62,012
172959,1029	-0,658	0,222	-0,169	1,000	62,018
172959,1118	-0,658	0,222	-0,169	1,000	62,018
172959,1270	-0,658	0,222	-0,169	1,000	62,010
172959,1529	-0,658	0,222	-0,169	1,000	62,003
172959,1691	-0,658	0,222	-0,169	1,000	62,000
172959,1862	-0,658	0,222	-0,169	1,000	61,998
172959,2031	-0,658	0,222	-0,169	1,000	61,985
172959,2211	-0,658	0,222	-0,169	1,000	62,000
172959,2290	-0,658	0,222	-0,169	1,000	62,009
172959,2460	-0,658	0,222	-0,169	1,000	61,990
172959,2699	-0,658	0,222	-0,169	1,000	61,993
172959,2869	-0,658	0,222	-0,169	1,000	61,973
172959,3038	-0,658	0,222	-0,169	1,000	61,999
172959,3198	-0,658	0,222	-0,169	1,000	61,993
172959,3367	-0,658	0,222	-0,169	1,000	61,983
172959,3437	-0,658	0,222	-0,169	1,000	61,986
172959,3607	-0,658	0,222	-0,169	1,000	61,988
172959,3866	-0,658	0,222	-0,169	1,000	61,981
172959,4026	-0,658	0,222	-0,169	1,000	61,980
172959,4197	-0,658	0,222	-0,169	1,000	61,973
172959,4357	-0,658	0,222	-0,169	1,000	61,965
172959,4527	-0,658	0,222	-0,169	1,000	61,976
172959,4606	-0,658	0,222	-0,169	1,000	61,970
172959,4776	-0,658	0,222	-0,169	1,000	61,946
172959,5015	-0,658	0,222	-0,169	1,000	61,972
172959,5185	-0,658	0,222	-0,169	1,000	61,963
172959,5354	-0,658	0,222	-0,169	1,000	61,944
172959,5733	-0,658	0,222	-0,169	1,000	61,945
172959,5833	-0,658	0,222	-0,169	1,000	61,939
172959,5893	-0,658	0,222	-0,169	1,000	61,975
172959,5993	-0,658	0,222	-0,169	1,000	61,966
172959,6192	-0,658	0,222	-0,169	1,000	61,951
172959,6362	-0,658	0,222	-0,169	1,000	61,941
172959,6531	-0,658	0,222	-0,169	1,000	61,959
172959,6701	-0,658	0,222	-0,169	1,000	61,945
172959,6870	-0,658	0,222	-0,169	1,000	61,966
172959,6950	-0,658	0,222	-0,169	1,000	61,958
172959,7120	-0,658	0,222	-0,169	1,000	61,946
172959,7369	-0,658	0,222	-0,169	1,000	61,942
172959,7539	-0,658	0,222	-0,169	1,000	61,944
172959,7708	-0,658	0,222	-0,169	1,000	61,958
172959,7878	-0,658	0,222	-0,169	1,000	61,944
172959,8037	-0,658	0,222	-0,169	1,000	61,954
172959,8127	-0,658	0,222	-0,169	1,000	61,946
172959,8296	-0,658	0,222	-0,169	1,000	61,960
172959,8536	-0,658	0,222	-0,169	1,000	61,946
172959,8705	-0,658	0,222	-0,169	1,000	61,940
172959,8865	-0,658	0,222	-0,169	1,000	61,960
172959,9025	-0,658	0,222	-0,169	1,000	61,958
172959,9194	-0,658	0,222	-0,169	1,000	61,941
172959,9274	-0,658	0,222	-0,169	1,000	62,001
172959,9443	-0,658	0,222	-0,168	1,000	62,092
172959,9703	-0,657	0,222	-0,167	1,000	62,187
172959,9872	-0,657	0,222	-0,165	1,000	62,261
173000,0042	-0,656	0,222	-0,164	1,000	62,258
173000,0201	-0,655	0,222	-0,162	1,000	62,405
173000,0371	-0,654	0,222	-0,160	1,000	62,385
173000,0461	-0,653	0,222	-0,159	1,000	62,383
173000,0620	-0,652	0,222	-0,156	1,000	62,402
173000,0870	-0,649	0,222	-0,152	1,000	62,314
173000,1039	-0,648	0,222	-0,149	1,000	62,320
173000,1199	-0,646	0,222	-0,147	1,000	62,372
173000,1368	-0,645	0,222	-0,144	1,000	62,367
173000,1538	-0,643	0,222	-0,141	1,000	62,341
173000,1628	-0,643	0,222	-0,140	1,000	62,270
173000,1787	-0,641	0,222	-0,137	1,000	62,296
173000,2027	-0,639	0,222	-0,132	1,000	62,226
173000,2196	-0,637	0,222	-0,129	1,000	62,161
173000,2386	-0,636	0,222	-0,127	1,000	62,366
173000,2535	-0,634	0,222	-0,124	1,000	62,152
173000,2705	-0,633	0,222	-0,121	1,000	62,277
173000,2785	-0,632	0,222	-0,120	1,000	62,241
173000,2954	-0,630	0,222	-0,117	1,000	62,227
173000,3203	-0,628	0,222	-0,113	1,000	62,248
173000,3373	-0,627	0,222	-0,110	1,000	62,236
173000,3532	-0,625	0,222	-0,108	1,000	62,201
173000,3702	-0,624	0,222	-0,105	1,000	62,214
173000,3862	-0,622	0,222	-0,102	1,000	62,232
173000,3952	-0,622	0,222	-0,101	1,000	62,331
173000,4121	-0,620	0,222	-0,098	1,000	62,257
173000,4370	-0,617	0,222	-0,094	1,000	62,245
173000,4540	-0,616	0,222	-0,091	1,000	62,213
173000,4699	-0,614	0,222	-0,089	1,000	62,223
173000,4859	-0,612	0,222	-0,086	1,000	62,315
173000,5019	-0,611	0,222	-0,083	1,000	62,360
173000,5098	-0,610	0,222	-0,082	1,000	62,312
173000,5268	-0,609	0,222	-0,079	1,000	62,311
173000,5527	-0,607	0,222	-0,075	1,000	62,271
173000,5697	-0,605	0,222	-0,072	1,000	62,230
173000,5856	-0,604	0,222	-0,070	1,000	62,416
173000,6026	-0,602	0,222	-0,067	1,000	62,230
173000,6195	-0,601	0,222	-0,065	1,000	62,224
173000,6285	-0,600	0,222	-0,063	1,000	62,260
173000,6455	-0,598	0,222	-0,061	1,000	62,224
173000,6694	-0,596	0,222	-0,057	1,000	62,269
173000,6864	-0,595	0,222	-0,054	1,000	62,293
173000,7033	-0,593	0,222	-0,051	1,000	62,249
173000,7193	-0,592	0,222	-0,048	1,000	62,301
173000,7362	-0,590	0,222	-0,045	1,000	62,194
173000,7452	-0,589	0,222	-0,044	1,000	62,181
173000,7622	-0,587	0,222	-0,041	1,000	62,256
173000,7861	-0,585	0,222	-0,037	1,000	62,285
173000,8050	-0,584	0,222	-0,034	1,000	62,272
173000,8200	-0,582	0,222	-0,031	1,000	62,243
173000,8399	-0,581	0,222	-0,029	1,000	62,376
173000,8559	-0,579	0,222	-0,026	1,000	62,232
173000,8619	-0,578	0,222	-0,024	1,000	62,232
173000,8788	-0,577	0,222	-0,022	1,000	62,220
173000,9028	-0,575	0,222	-0,017	1,000	62,193
173000,9197	-0,573	0,222	-0,015	1,000	62,314
173000,9367	-0,572	0,222	-0,012	1,000	62,255
173000,9556	-0,570	0,222	-0,009	1,000	62,240
173000,9696	-0,568	0,222	-0,006	1,000	62,214
173000,9786	-0,568	0,222	-0,005	1,000	62,251
173000,9955	-0,566	0,222	-0,002	1,000	62,315
173001,0205	-0,564	0,222	0,002	1,000	62,320
173001,0364	-0,562	0,222	0,005	1,000	62,393
173001,0534	-0,561	0,222	0,007	1,000	62,426
173001,0693	-0,559	0,222	0,010	1,000	62,303
173001,0863	-0,558	0,222	0,013	1,000	62,353
173001,0953	-0,557	0,222	0,014	1,000	62,501
173001,1122	-0,556	0,222	0,017	1,000	62,339
173001,1362	-0,553	0,222	0,021	1,000	62,394
173001,1531	-0,552	0,222	0,024	1,000	62,384
173001,1701	-0,550	0,222	0,027	1,000	62,499
173001,1860	-0,548	0,222	0,029	1,000	62,414
173001,2030	-0,546	0,222	0,032	1,000	62,411
173001,2648	-0,546	0,222	0,034	1,000	62,393
173001,2758	-0,544	0,222	0,036	1,000	62,437
173001,2937	-0,541	0,222	0,041	1,000	62,520
173001,3047	-0,540	0,222	0,043	1,000	62,490
173001,3147	-0,538	0,222	0,046	1,000	62,573
173001,3247	-0,537	0,222	0,049	1,000	62,622
173001,3346	-0,535	0,222	0,051	1,000	62,445
173001,3396	-0,535	0,221	0,053	1,000	62,510
173001,3496	-0,534	0,221	0,056	1,000	62,429
173001,3695	-0,531	0,222	0,060	1,000	62,449
173001,3865	-0,530	0,221	0,063	1,000	62,430
173001,4034	-0,528	0,221	0,065	1,000	62,569
173001,4194	-0,527	0,221	0,068	1,000	62,496
173001,4364	-0,525	0,221	0,071	1,000	62,416
173001,4603	-0,524	0,221	0,073	1,000	62,418
173001,4713	-0,523	0,221	0,075	1,000	62,550
173001,4882	-0,520	0,221	0,079	1,000	62,586
173001,5012	-0,519	0,221	0,082	1,000	62,508
173001,5181	-0,518	0,221	0,085	1,000	62,577
173001,5381	-0,516	0,221	0,088	1,000	62,524
173001,5530	-0,514	0,221	0,091	1,000	62,535
173001,5620	-0,514	0,221	0,092	1,000	62,582
173001,5780	-0,512	0,221	0,095	1,000	62,555
173001,6039	-0,510	0,221	0,099	1,000	62,648
173001,6199	-0,508	0,221	0,102	1,000	62,658
173001,6368	-0,507	0,221	0,104	1,000	62,582
173001,6548	-0,505	0,221	0,107	1,000	62,668
173001,6727	-0,504	0,221	0,110	1,000	62,587
173001,6787	-0,503	0,221	0,111	1,000	62,642
173001,6947	-0,501	0,221	0,114	1,000	62,544
173001,7196	-0,499	0,221	0,119	1,000	62,535
173001,7366	-0,497	0,221	0,122	1,000	62,432
173001,7535	-0,496	0,221	0,125	1,000	62,476
173001,7695	-0,494	0,221	0,127	1,000	62,544
173001,7874	-0,493	0,221	0,130	1,000	62,434
173001,7954	-0,492	0,221	0,131	1,000	62,569
173001,8114	-0,491	0,221	0,134	1,000	62,393
173001,8373	-0,489	0,221	0,138	1,000	62,529
173001,8532	-0,487	0,221	0,141	1,000	62,376
173001,8702	-0,486	0,221	0,144	1,000	62,403
173001,8862	-0,484	0,221	0,146	1,000	62,372
173001,9031	-0,483	0,221	0,149	1,000	62,377
173001,9111	-0,482	0,221	0,150	1,000	62,458
173001,9280	-0,480	0,221	0,153	1,000	62,469
173001,9520	-0,478	0,221	0,158	1,000	62,328
173001,9689	-0,476	0,221	0,160	1,000	62,303
173001,9869	-0,475	0,221	0,163	1,000	62,440
173002,0038	-0,473	0,220	0,166	1,000	62,400
173002,0198	-0,471	0,221	0,169	1,000	62,570
173002,0288	-0,471	0,220	0,171	1,000	62,489
173002,0447	-0,469	0,220	0,173	1,000	62,410
173002,0697	-0,467	0,220	0,177	1,000	62,468
173002,0866	-0,465	0,220	0,180	1,000	62,468
173002,1096	-0,464	0,220	0,183	1,000	62,555
173002,1205	-0,462	0,220	0,186	1,000	62,418
173002,1355	-0,461	0,220	0,188	1,000	62,515
173002,1445	-0,460	0,220	0,190	1,000	62,541
173002,1604	-0,458	0,220	0,192	1,000	62,542
173002,1861	-0,456	0,220	0,197	1,000	62,397
173002,2030	-0,455	0,220	0,199	1,000	62,328
173002,2199	-0,453	0,220	0,202	1,000	62,422
173002,2378	-0,451	0,220	0,205	1,000	62,331
173002,2548	-0,450	0,220	0,208	1,000	62,436
173002,2617	-0,449	0,220	0,210	1,000	62,507
173002,2787	-0,447	0,220	0,213	1,000	62,365
173002,3036	-0,445	0,220	0,217	1,000	62,346
173002,3205	-0,444	0,220	0,219	1,000	62,326
173002,3375	-0,442	0,220	0,222	1,000	62,468
173002,3534	-0,441	0,220	0,225	1,000	62,349
173002,3704	-0,439	0,220	0,228	1,000	62,454
173002,3784	-0,438	0,220	0,229	1,000	62,463
173002,3953	-0,437	0,220	0,232	1,000	62,337
173002,4203	-0,434	0,220	0,236	1,000	62,333
173002,4375	-0,433	0,220	0,239	1,000	62,428
173002,4534	-0,431	0,220	0,242	1,000	62,396
173002,4704	-0,430	0,220	0,245	1,000	62,326
173002,4874	-0,428	0,219	0,247	1,000	62,471
173002,4953	-0,427	0,220	0,249	1,000	62,472
173002,5113	-0,426	0,220	0,252	1,000	62,473
173002,5371	-0,424	0,220	0,256	1,000	62,356
173002,5561	-0,422	0,220	0,258	1,000	62,474
173002,5700	-0,421	0,220	0,261	1,000	62,480
173002,5874	-0,419	0,220	0,264	1,000	62,478
173002,6033	-0,418	0,219	0,266	1,000	62,378
173002,6123	-0,417	0,219	0,268	1,000	62,436
173002,6293	-0,415	0,219	0,271	1,000	62,511
173002,6541	-0,413	0,219	0,275	1,000	62,396
173002,6701	-0,411	0,219	0,277	1,000	62,499
173002,6871	-0,410	0,219	0,280	1,000	62,455
173002,7043	-0,408	0,219	0,283	1,000	62,343
173002,7208	-0,406	0,219	0,286	1,000	62,415
173002,7288	-0,405	0,219	0,288	1,000	62,288
173002,7487	-0,404	0,219	0,290	1,000	62,429
173002,7707	-0,401	0,219	0,295	1,000	62,421
173002,7866	-0,400	0,219	0,297	1,000	62,568
173002,8036	-0,398	0,219	0,300	1,000	62,487
173002,8206	-0,397	0,219	0,302	1,000	62,486
173002,8372	-0,396	0,219	0,305	1,000	62,494
173002,8452	-0,395	0,219	0,306	1,000	62,364
173002,8622	-0,393	0,219	0,309	1,000	62,475
173002,8862	-0,391	0,219	0,313	1,000	62,397
173002,9031	-0,390	0,219	0,316	1,000	62,479
173002,9192	-0,388	0,219	0,319	1,000	62,382
173002,9361	-0,386	0,219	0,321	1,000	62,374
173002,9521	-0,385	0,219	0,324	1,000	62,406
173002,9611	-0,384	0,219	0,326	1,000	62,344
173002,9780	-0,382	0,219	0,328	1,000	62,436
173003,0039	-0,380	0,219	0,332	1,000	62,539
173003,0199	-0,378	0,219	0,335	1,000	62,559
173003,0368	-0,377	0,219	0,338	1,000	62,441
173003,0539	-0,375	0,219	0,341	1,000	62,423
173003,0698	-0,374	0,219	0,344	1,000	62,437
173003,0787	-0,373	0,219	0,345	1,000	62,542
173003,0957	-0,372	0,219	0,347	1,000	62,567
173003,1207	-0,369	0,219	0,351	1,000	62,410
173003,1366	-0,368	0,219	0,354	1,000	62,605
173003,1536	-0,366	0,219	0,357	1,000	62,482
173003,1706	-0,365	0,219	0,359	1,000	62,558
173003,1865	-0,363	0,219	0,362	1,000	62,489
173003,1955	-0,363	0,219	0,363	1,000	62,565
173003,2115	-0,361	0,219	0,366	1,000	62,545
173003,2374	-0,359	0,219	0,371	1,000	62,399
173003,2534	-0,357	0,219	0,373	1,000	62,513
173003,2708	-0,355	0,219	0,376	1,000	62,514
173003,2867	-0,354	0,219	0,379	1,000	62,587
173003,3037	-0,352	0,219	0,381	1,000	62,611
173003,3117	-0,352	0,219	0,382	1,000	62,583
173003,3287	-0,350	0,219	0,385	1,000	62,618
173003,3537	-0,348	0,219	0,389	1,000	62,471
173003,3698	-0,347	0,219	0,392	1,000	62,564
173003,3900	-0,345	0,219	0,394	1,000	62,592
173003,4030	-0,343	0,219	0,397	1,000	62,622
173003,4209	-0,342	0,219	0,400	1,000	62,566
173003,4289	-0,341	0,219	0,401	1,000	62,578
173003,4448	-0,340	0,219	0,404	1,000	62,437
173003,4703	-0,337	0,219	0,408	1,000	62,384
173003,4862	-0,336	0,219	0,411	1,000	62,542
173003,5024	-0,334	0,219	0,414	1,000	62,648
173003,5183	-0,332	0,219	0,417	1,000	62,659
173003,5353	-0,331	0,219	0,419	1,000	62,626
173003,5444	-0,330	0,219	0,421	1,000	62,626
173003,5612	-0,329	0,219	0,423	1,000	62,667
173003,5871	-0,326	0,219	0,427	1,000	62,713
173003,6031	-0,325	0,219	0,430	1,000	62,710
173003,6205	-0,323	0,219	0,433	1,000	62,758
173003,6365	-0,322	0,219	0,435	1,000	62,717
173003,6534	-0,320	0,219	0,438	1,000	62,741
173003,6614	-0,319	0,219	0,439	1,000	62,703
173003,6784	-0,318	0,219	0,442	1,000	62,715
173003,7043	-0,316	0,219	0,446	1,000	62,633
173003,7203	-0,314	0,219	0,448	1,000	62,748
173003,7382	-0,312	0,219	0,451	1,000	62,667
173003,7532	-0,310	0,219	0,454	1,000	62,654
173003,7707	-0,309	0,219	0,457	1,000	62,767
173003,7787	-0,308	0,219	0,458	1,000	62,639
173003,7956	-0,306	0,219	0,461	1,000	62,832
173003,8225	-0,304	0,219	0,465	1,000	62,760
173003,8385	-0,303	0,219	0,467	1,000	62,781
173003,8535	-0,302	0,219	0,470	1,000	62,676
173003,8704	-0,300	0,219	0,473	1,000	62,582
173003,8875	-0,299	0,219	0,475	1,000	62,728
173003,8945	-0,298	0,219	0,477	1,000	62,774
173003,9124	-0,296	0,219	0,480	1,000	62,718
173003,9366	-0,294	0,219	0,484	1,000	62,745
173003,9538	-0,292	0,219	0,486	1,000	62,756
173003,9708	-0,291	0,219	0,489	1,000	62,767
173003,9867	-0,289	0,219	0,492	1,000	62,654
173004,0037	-0,287	0,219	0,495	1,000	62,696
173004,0126	-0,286	0,219	0,496	1,000	62,884
173004,0287	-0,285	0,219	0,499	1,000	62,910
173004,0526	-0,283	0,219	0,502	1,000	62,962
173004,0706	-0,281	0,219	0,505	1,000	62,864
173004,0875	-0,280	0,219	0,508	1,000	62,952
173004,1035	-0,278	0,219	0,510	1,000	62,965
173004,1205	-0,277	0,219	0,513	1,000	62,921
173004,1305	-0,276	0,219	0,515	1,000	62,927
173004,1454	-0,275	0,219	0,517	1,000	62,934
173004,1704	-0,272	0,219	0,521	1,000	62,927
173004,1873	-0,271	0,219	0,524	1,000	62,933
173004,2033	-0,269	0,219	0,527	1,000	62,942
173004,2203	-0,268	0,219	0,530	1,000	62,902
173004,2372	-0,266	0,219	0,533	1,000	62,821
173004,2453	-0,265	0,219	0,534	1,000	62,892
173004,2616	-0,263	0,219	0,537	1,000	62,881
173004,2866	-0,261	0,219	0,541	1,000	62,815
173004,3035	-0,260	0,219	0,544	1,000	62,955
173004,3205	-0,258	0,219	0,546	1,000	62,984
173004,3371	-0,257	0,219	0,549	1,000	62,968
173004,3521	-0,255	0,219	0,552	1,000	62,947
173004,3601	-0,255	0,219	0,553	1,000	62,978
173004,3771	-0,253	0,219	0,556	1,000	62,899
173004,4058	-0,251	0,219	0,560	1,000	62,916
173004,4188	-0,250	0,219	0,563	1,000	62,950
173004,4367	-0,248	0,219	0,566	1,000	62,916
173004,4527	-0,247	0,219	0,568	1,000	62,907
173004,4696	-0,245	0,219	0,571	1,000	62,878
173004,4790	-0,244	0,219	0,573	1,000	62,897
173004,4950	-0,243	0,219	0,575	1,000	62,925
173004,5199	-0,240	0,219	0,580	1,000	63,062
173004,5398	-0,239	0,219	0,582	1,000	63,026
173004,5548	-0,238	0,219	0,585	1,000	63,052
173004,5708	-0,236	0,219	0,588	1,000	63,005
173004,5877	-0,235	0,219	0,590	1,000	62,983
173004,5947	-0,234	0,219	0,592	1,000	63,016
173004,6116	-0,233	0,219	0,595	1,000	62,956
173004,6366	-0,231	0,219	0,599	1,000	62,952
173004,6536	-0,229	0,219	0,602	1,000	62,962
173004,6715	-0,228	0,219	0,605	1,000	62,897
173004,6894	-0,227	0,219	0,607	1,000	62,860
173004,7034	-0,225	0,219	0,610	1,000	62,895
173004,7114	-0,224	0,219	0,612	1,000	62,911
173004,7283	-0,223	0,219	0,614	1,000	62,795
173004,7533	-0,221	0,219	0,619	1,000	62,735
173004,7702	-0,219	0,219	0,622	1,000	62,720
173004,7872	-0,218	0,219	0,625	1,000	62,757
173004,8031	-0,216	0,219	0,628	1,000	62,754
173004,8221	-0,215	0,219	0,631	1,000	62,725
173004,8281	-0,214	0,219	0,632	1,000	62,731
173004,8470	-0,213	0,219	0,635	1,000	62,727
173004,8711	-0,211	0,219	0,639	1,000	62,718
173004,8866	-0,209	0,219	0,642	1,000	62,697
173004,9035	-0,208	0,219	0,644	1,000	62,709
173004,9195	-0,206	0,219	0,647	1,000	62,700
173004,9365	-0,205	0,219	0,650	1,000	62,679
173004,9455	-0,204	0,219	0,651	1,000	62,566
173004,9614	-0,202	0,219	0,654	1,000	62,679
173004,9873	-0,200	0,219	0,658	1,000	62,632
173005,0053	-0,199	0,219	0,661	1,000	62,582
173005,0203	-0,197	0,219	0,664	1,000	62,653
173005,0362	-0,196	0,219	0,667	1,000	62,698
173005,0532	-0,194	0,219	0,670	1,000	62,667
173005,0621	-0,193	0,219	0,671	1,000	62,660
173005,0781	-0,192	0,219	0,674	1,000	62,683
173005,1040	-0,190	0,219	0,678	1,000	62,675
173005,1200	-0,188	0,219	0,680	1,000	62,624
173005,1369	-0,187	0,219	0,683	1,000	62,720
173005,1539	-0,185	0,219	0,686	1,000	62,740
173005,1697	-0,184	0,219	0,689	1,000	62,751
173005,1787	-0,183	0,220	0,690	1,000	62,740
173005,1946	-0,181	0,219	0,692	1,000	62,752
173005,2196	-0,179	0,220	0,697	1,000	62,679
173005,2375	-0,178	0,219	0,700	1,000	62,662
173005,2565	-0,176	0,219	0,703	1,000	62,593
173005,2704	-0,174	0,219	0,705	1,000	62,665
173005,2864	-0,173	0,219	0,708	1,000	62,722
173005,2954	-0,172	0,219	0,710	1,000	62,784
173005,3153	-0,170	0,220	0,712	1,000	62,771
173005,3363	-0,168	0,219	0,716	1,000	62,786
173005,3532	-0,167	0,219	0,719	1,000	62,774
173005,3702	-0,165	0,219	0,722	1,000	62,748
173005,3871	-0,164	0,219	0,724	1,000	62,695
173005,4031	-0,163	0,220	0,727	1,000	62,734
173005,4121	-0,162	0,219	0,729	1,000	62,722
173005,4280	-0,160	0,219	0,731	1,000	62,715
173005,4530	-0,158	0,220	0,735	1,000	62,719
173005,4689	-0,156	0,219	0,738	1,000	62,702
173005,4859	-0,154	0,219	0,741	1,000	62,699
173005,5018	-0,153	0,219	0,744	1,000	62,744
173005,5178	-0,151	0,219	0,746	1,000	62,823
173005,5268	-0,150	0,220	0,748	1,000	62,921
173005,5437	-0,149	0,219	0,751	1,000	62,847
173005,5696	-0,147	0,220	0,755	1,000	62,855
173005,5856	-0,145	0,220	0,757	1,000	62,836
173005,6035	-0,144	0,220	0,760	1,000	62,857
173005,6195	-0,142	0,220	0,763	1,000	62,858
173005,6355	-0,141	0,220	0,765	1,000	62,852
173005,6444	-0,140	0,220	0,767	1,000	62,894
173005,6604	-0,138	0,220	0,769	1,000	62,924
173005,6863	-0,136	0,220	0,773	1,000	62,860
173005,7033	-0,134	0,220	0,776	1,000	62,889
173005,7202	-0,133	0,220	0,779	1,000	62,870
173005,7372	-0,131	0,219	0,782	1,000	62,776
173005,7531	-0,129	0,219	0,785	1,000	62,791
173005,7611	-0,129	0,219	0,786	1,000	62,781
173005,7781	-0,127	0,219	0,789	1,000	62,849
173005,8030	-0,125	0,219	0,793	1,000	62,803
173005,8200	-0,123	0,219	0,796	1,000	62,835
173005,8369	-0,122	0,219	0,799	1,000	62,742
173005,8529	-0,120	0,219	0,801	1,000	62,749
173005,8708	-0,119	0,219	0,804	1,000	62,733
173005,8778	-0,118	0,219	0,805	1,000	62,781
173005,8948	-0,117	0,219	0,808	1,000	62,811
173005,9207	-0,114	0,219	0,812	1,000	62,772
173005,9367	-0,113	0,219	0,815	1,000	62,750
173005,9606	-0,111	0,219	0,818	1,000	62,765
173005,9736	-0,110	0,219	0,821	1,000	62,772
173005,9865	-0,108	0,219	0,824	1,000	62,786
173005,9945	-0,107	0,219	0,825	1,000	62,753
173006,0115	-0,106	0,219	0,828	1,000	62,808
173006,0374	-0,104	0,219	0,832	1,000	62,845
173006,0533	-0,102	0,219	0,835	1,000	62,850
173006,0703	-0,101	0,219	0,837	1,000	62,885
173006,0873	-0,099	0,219	0,840	1,000	62,897
173006,1032	-0,098	0,219	0,843	1,000	62,871
173006,1112	-0,097	0,219	0,844	1,000	62,914
173006,1281	-0,095	0,219	0,847	1,000	62,888
173006,1531	-0,093	0,219	0,851	1,000	62,918
173006,1700	-0,092	0,219	0,854	1,000	62,930
173006,1870	-0,090	0,219	0,857	1,000	62,816
173006,2029	-0,089	0,219	0,859	1,000	62,844
173006,2199	-0,087	0,219	0,862	1,000	62,828
173006,2289	-0,087	0,219	0,863	1,000	62,867
173006,2448	-0,085	0,219	0,866	1,000	62,777
173006,2708	-0,083	0,219	0,871	1,000	62,749
173006,2867	-0,081	0,219	0,873	1,000	62,847
173006,3037	-0,079	0,219	0,876	1,000	62,862
173006,3196	-0,078	0,219	0,879	1,000	62,876
173006,3366	-0,076	0,219	0,882	1,000	62,828
173006,3446	-0,076	0,219	0,883	1,000	62,879
173006,3615	-0,074	0,219	0,886	1,000	62,932
173006,3865	-0,072	0,219	0,890	1,000	62,803
173006,4034	-0,071	0,219	0,893	1,000	62,821
173006,4204	-0,069	0,219	0,895	1,000	62,751
173006,4373	-0,068	0,219	0,898	1,000	62,777
173006,4603	-0,066	0,219	0,901	1,000	62,785
173006,4652	-0,066	0,219	0,902	1,000	62,829
173006,4772	-0,064	0,219	0,905	1,000	62,783
173006,5021	-0,062	0,219	0,910	1,000	62,752
173006,5181	-0,060	0,219	0,913	1,000	62,800
173006,5351	-0,059	0,219	0,915	1,000	62,853
173006,5540	-0,057	0,219	0,918	1,000	62,794
173006,5700	-0,056	0,219	0,921	1,000	62,861
173006,5789	-0,055	0,219	0,922	1,000	62,886
173006,5989	-0,054	0,219	0,925	1,000	62,888
173006,6198	-0,052	0,219	0,929	1,000	62,871
173006,6368	-0,050	0,219	0,932	1,000	62,914
173006,6537	-0,048	0,219	0,934	1,000	62,906
173006,6687	-0,047	0,219	0,937	1,000	62,900
173006,6857	-0,045	0,219	0,940	1,000	62,890
173006,6946	-0,045	0,219	0,941	1,000	62,924
173006,7116	-0,043	0,219	0,944	1,000	62,919
173006,7365	-0,041	0,219	0,948	1,000	62,854
173006,7545	-0,039	0,219	0,951	1,000	62,839
173006,7704	-0,038	0,219	0,954	1,000	62,846
173006,7864	-0,036	0,219	0,957	1,000	62,914
173006,8033	-0,035	0,219	0,960	1,000	62,929
173006,8113	-0,034	0,219	0,961	1,000	62,899
173006,8283	-0,033	0,219	0,964	1,000	62,900
173006,8532	-0,030	0,219	0,968	1,000	62,890
173006,8702	-0,029	0,219	0,971	1,000	62,838
173006,8871	-0,028	0,219	0,973	1,000	62,818
173006,9041	-0,026	0,219	0,976	1,000	62,906
173006,9200	-0,025	0,219	0,979	1,000	62,817
173006,9280	-0,024	0,219	0,980	1,000	62,781
173006,9450	-0,023	0,219	0,983	1,000	62,843
173006,9699	-0,021	0,219	0,987	1,000	62,792
173006,9869	-0,019	0,219	0,990	1,000	62,787
173007,0028	-0,018	0,219	0,993	1,000	62,814
173007,0198	-0,016	0,219	0,996	1,000	62,896
173007,0367	-0,014	0,219	0,998	1,000	62,913
173007,0447	-0,014	0,219	1,000	1,000	62,902
173007,0617	-0,012	0,219	1,003	1,000	62,881
173007,0866	-0,010	0,219	1,007	1,000	62,923
173007,1035	-0,009	0,219	1,009	1,000	62,906
173007,1195	-0,007	0,219	1,012	1,000	62,881
173007,1365	-0,006	0,219	1,015	1,000	62,980
173007,1534	-0,004	0,219	1,017	1,000	62,913
173007,1614	-0,004	0,219	1,019	1,000	62,966
173007,1783	-0,002	0,219	1,021	1,000	62,908
173007,2033	0,000	0,219	1,026	1,000	62,948
173007,2212	0,002	0,219	1,028	1,000	62,913
173007,2382	0,004	0,219	1,031	1,000	62,916
173007,2531	0,005	0,219	1,034	1,000	62,896
173007,2701	0,007	0,219	1,037	1,000	62,836
173007,2781	0,008	0,219	1,038	1,000	62,926
173007,2940	0,009	0,219	1,041	1,000	62,952
173007,3200	0,012	0,219	1,045	1,000	63,038
173007,3359	0,013	0,219	1,048	1,000	62,961
173007,3529	0,014	0,219	1,051	1,000	62,919
173007,3688	0,016	0,219	1,053	1,000	62,907
173007,3858	0,017	0,219	1,056	1,000	62,832
173007,3938	0,018	0,219	1,058	1,000	62,886
173007,4107	0,019	0,219	1,060	1,000	62,928
173007,4357	0,021	0,219	1,064	1,000	62,855
173007,4536	0,023	0,219	1,067	1,000	62,901
173007,4716	0,024	0,219	1,070	1,000	62,949
173007,4865	0,026	0,219	1,073	1,000	62,990
173007,5035	0,027	0,219	1,076	1,000	62,970
173007,5115	0,028	0,219	1,077	1,000	62,947
173007,5284	0,030	0,219	1,080	1,000	62,979
173007,5531	0,032	0,219	1,084	1,000	63,043
173007,5691	0,033	0,219	1,087	1,000	63,040
173007,5860	0,035	0,219	1,090	1,000	63,027
173007,6021	0,037	0,219	1,093	1,000	63,001
173007,6190	0,038	0,219	1,095	1,000	63,084
173007,6270	0,039	0,219	1,097	1,000	63,085
173007,6438	0,040	0,219	1,099	1,000	63,010
173007,6698	0,042	0,219	1,103	1,000	63,051
173007,6857	0,044	0,219	1,106	1,000	63,100
173007,7017	0,045	0,219	1,109	1,000	63,117
173007,7186	0,047	0,219	1,112	1,000	63,033
173007,7356	0,048	0,219	1,115	1,000	63,040
173007,7435	0,049	0,219	1,116	1,000	62,984
173007,7604	0,050	0,219	1,119	1,000	63,016
173007,7874	0,053	0,219	1,124	1,000	62,916
173007,8033	0,054	0,219	1,126	1,000	63,165
173007,8203	0,056	0,219	1,129	1,000	63,071
173007,8372	0,057	0,219	1,131	1,000	63,096
173007,8532	0,059	0,219	1,134	1,000	63,092
173007,8622	0,060	0,219	1,135	1,000	63,121
173007,8851	0,061	0,219	1,138	1,000	63,149
173007,9041	0,063	0,219	1,142	1,000	63,068
173007,9201	0,064	0,219	1,145	1,000	63,035
173007,9370	0,066	0,219	1,148	1,000	63,099
173007,9530	0,067	0,219	1,150	1,000	63,109
173007,9699	0,069	0,219	1,153	1,000	63,042
173007,9779	0,070	0,219	1,154	1,000	63,012
173007,9948	0,071	0,219	1,157	1,000	63,055
173008,0218	0,074	0,219	1,161	1,000	63,000
173008,0368	0,075	0,219	1,164	1,000	62,959
173008,0537	0,076	0,219	1,167	1,000	62,956
173008,0697	0,078	0,219	1,170	1,000	63,042
173008,0866	0,079	0,219	1,173	1,000	63,012
173008,0946	0,080	0,219	1,175	1,000	62,940
173008,1116	0,081	0,219	1,177	1,000	62,961
173008,1367	0,083	0,219	1,181	1,000	62,926
173008,1536	0,085	0,219	1,184	1,000	62,989
173008,1705	0,086	0,219	1,186	1,000	62,954
173008,1865	0,088	0,219	1,189	1,000	62,903
173008,2035	0,089	0,219	1,192	1,000	63,028
173008,2115	0,090	0,219	1,193	1,000	63,010
173008,2283	0,092	0,219	1,196	1,000	63,060
173008,2545	0,094	0,219	1,200	1,000	62,990
173008,2704	0,096	0,219	1,203	1,000	63,091
173008,2864	0,098	0,219	1,205	1,000	63,023
173008,3034	0,099	0,219	1,208	1,000	63,142
173008,3204	0,101	0,220	1,211	1,000	63,146
173008,3284	0,101	0,219	1,212	1,000	63,177
173008,3453	0,103	0,220	1,215	1,000	63,149
173008,3703	0,105	0,219	1,219	1,000	63,140
173008,3872	0,106	0,220	1,221	1,000	63,129
173008,4032	0,108	0,220	1,224	1,000	63,163
173008,4205	0,109	0,220	1,227	1,000	63,109
173008,4374	0,110	0,220	1,229	1,000	63,163
173008,4468	0,111	0,220	1,231	1,000	63,109
173008,4617	0,113	0,220	1,234	1,000	63,082
173008,4867	0,115	0,220	1,238	1,000	63,173
173008,5027	0,117	0,220	1,240	1,000	63,056
173008,5186	0,118	0,220	1,243	1,000	63,171
173008,5346	0,120	0,220	1,246	1,000	63,193
173008,5526	0,121	0,220	1,249	1,000	63,191
173008,5616	0,122	0,220	1,250	1,000	63,210
173008,5776	0,123	0,220	1,253	1,000	63,169
173008,6036	0,125	0,220	1,257	1,000	63,223
173008,6195	0,127	0,220	1,260	1,000	63,195
173008,6368	0,128	0,220	1,262	1,000	63,197
173008,6535	0,130	0,220	1,265	1,000	63,238
173008,6695	0,131	0,220	1,267	1,000	63,244
173008,6775	0,132	0,220	1,269	1,000	63,224
173008,6954	0,134	0,220	1,271	1,000	63,266
173008,7204	0,136	0,220	1,275	1,000	63,249
173008,7383	0,138	0,220	1,278	1,000	63,304
173008,7533	0,139	0,220	1,281	1,000	63,311
173008,7693	0,141	0,220	1,284	1,000	63,239
173008,7864	0,142	0,220	1,286	1,000	63,255
173008,7943	0,143	0,220	1,288	1,000	63,301
173008,8113	0,145	0,220	1,291	1,000	63,394
173008,8363	0,147	0,220	1,295	1,000	63,326
173008,8532	0,148	0,220	1,297	1,000	63,313
173008,8702	0,150	0,220	1,300	1,000	63,351
173008,8861	0,151	0,220	1,302	1,000	63,221
173008,9031	0,152	0,220	1,304	1,000	63,313
173008,9111	0,152	0,220	1,304	1,000	63,332
173008,9282	0,152	0,220	1,305	1,000	63,453
173008,9531	0,152	0,220	1,304	1,000	63,433
173008,9701	0,152	0,220	1,304	1,000	63,463
173008,9870	0,151	0,220	1,303	1,000	63,508
173009,0030	0,151	0,220	1,303	1,000	63,507
173009,0195	0,151	0,220	1,303	1,000	63,508
173009,0285	0,151	0,220	1,303	1,000	63,506
173009,0454	0,151	0,220	1,303	1,000	63,479
173009,0694	0,151	0,220	1,303	1,000	63,465
173009,0863	0,151	0,220	1,303	1,000	63,478
173009,1033	0,151	0,220	1,304	1,000	63,442
173009,1193	0,151	0,220	1,303	1,000	63,504
173009,1362	0,151	0,220	1,303	1,000	63,501
173009,1503	0,151	0,220	1,303	1,000	63,506
173009,1637	0,151	0,220	1,303	1,000	63,492
173009,1866	0,151	0,220	1,303	1,000	63,491
173009,2027	0,151	0,220	1,303	1,000	63,509
173009,2195	0,151	0,220	1,303	1,000	63,497
173009,2363	0,151	0,220	1,304	1,000	63,497
173009,2533	0,151	0,220	1,303	1,000	63,482
173009,2613	0,151	0,220	1,303	1,000	63,475
173009,2782	0,151	0,220	1,303	1,000	63,454
173009,3031	0,151	0,220	1,304	1,000	63,438
173009,3201	0,151	0,220	1,304	1,000	63,501
173009,3360	0,151	0,220	1,303	1,000	63,488
173009,3530	0,151	0,220	1,303	1,000	63,489
173009,3700	0,151	0,220	1,304	1,000	63,448
173009,3782	0,151	0,220	1,304	1,000	63,484
173009,3952	0,151	0,220	1,304	1,000	63,484
173009,4211	0,151	0,220	1,303	1,000	63,491
173009,4371	0,151	0,220	1,303	1,000	63,488
173009,4554	0,151	0,220	1,303	1,000	63,489
173009,4704	0,151	0,220	1,303	1,000	63,489
173009,4854	0,151	0,220	1,304	1,000	63,490
173009,4934	0,151	0,220	1,303	1,000	63,477
173009,5103	0,151	0,220	1,304	1,000	63,488
173009,5349	0,151	0,220	1,303	1,000	63,483
173009,5519	0,151	0,220	1,303	1,000	63,483
173009,5700	0,151	0,220	1,304	1,000	63,432
173009,5869	0,151	0,220	1,303	1,000	63,485
173009,6039	0,151	0,220	1,303	1,000	63,479
173009,6109	0,151	0,220	1,303	1,000	63,473
173009,6279	0,151	0,220	1,303	1,000	63,491
173009,6528	0,151	0,220	1,303	1,000	63,491
173009,6698	0,151	0,220	1,303	1,000	63,488
173009,6870	0,151	0,220	1,303	1,000	63,477
173009,7030	0,151	0,220	1,303	1,000	63,480
173009,7189	0,151	0,220	1,303	1,000	63,478
173009,7289	0,151	0,220	1,303	1,000	63,479
173009,7439	0,151	0,220	1,304	1,000	63,403
173009,7688	0,151	0,220	1,303	1,000	63,480
173009,7857	0,151	0,220	1,304	1,000	63,447
173009,8037	0,151	0,220	1,303	1,000	63,485
173009,8197	0,151	0,220	1,303	1,000	63,476
173009,8356	0,151	0,220	1,303	1,000	63,483
173009,8436	0,151	0,220	1,303	1,000	63,475
173009,8605	0,151	0,220	1,303	1,000	63,485
173009,8856	0,151	0,220	1,303	1,000	63,471
173009,9025	0,151	0,220	1,303	1,000	63,480
173009,9195	0,151	0,220	1,304	1,000	63,494
173009,9354	0,151	0,220	1,303	1,000	63,482
173009,9524	0,151	0,220	1,303	1,000	63,482
173009,9614	0,151	0,220	1,304	1,000	63,428
173009,9783	0,151	0,220	1,303	1,000	63,481
173010,0032	0,151	0,220	1,303	1,000	63,489
173010,0202	0,151	0,220	1,303	1,000	63,482
173010,0362	0,151	0,220	1,303	1,000	63,473
173010,0531	0,151	0,220	1,304	1,000	63,484
173010,0701	0,151	0,220	1,303	1,000	63,481
173010,0780	0,151	0,220	1,303	1,000	63,484
173010,0950	0,151	0,220	1,303	1,000	63,489
173010,1199	0,151	0,220	1,303	1,000	63,472
173010,1389	0,151	0,220	1,303	1,000	63,477
173010,1538	0,151	0,220	1,303	1,000	63,484
173010,1718	0,151	0,220	1,304	1,000	63,426
173010,1868	0,151	0,220	1,304	1,000	63,450
173010,1947	0,151	0,220	1,303	1,000	63,483
173010,2117	0,151	0,220	1,303	1,000	63,482
173010,2366	0,151	0,220	1,303	1,000	63,474
173010,2536	0,151	0,220	1,303	1,000	63,480
173010,2705	0,151	0,220	1,303	1,000	63,483
173010,2865	0,151	0,220	1,303	1,000	63,489
173010,3034	0,151	0,220	1,303	1,000	63,483
173010,3114	0,151	0,220	1,303	1,000	63,476
173010,3284	0,151	0,220	1,303	1,000	63,481
173010,3533	0,151	0,220	1,303	1,000	63,482
173010,3703	0,151	0,220	1,303	1,000	63,489
173010,3862	0,151	0,220	1,304	1,000	63,489
173010,4032	0,151	0,220	1,303	1,000	63,492
173010,4251	0,151	0,220	1,303	1,000	63,489
173010,4431	0,151	0,220	1,304	1,000	63,487
173010,4530	0,151	0,220	1,303	1,000	63,481
173010,4690	0,151	0,220	1,303	1,000	63,483
173010,4860	0,151	0,220	1,304	1,000	63,494
173010,5009	0,151	0,220	1,303	1,000	63,484
173010,5179	0,151	0,220	1,303	1,000	63,484
173010,5358	0,151	0,220	1,303	1,000	63,490
173010,5438	0,151	0,220	1,303	1,000	63,487
173010,5608	0,151	0,220	1,303	1,000	63,481
173010,5857	0,151	0,220	1,304	1,000	63,439
173010,6026	0,151	0,220	1,303	1,000	63,474
173010,6196	0,151	0,220	1,303	1,000	63,482
173010,6366	0,151	0,220	1,303	1,000	63,475
173010,6525	0,151	0,220	1,303	1,000	63,482
173010,6625	0,151	0,220	1,303	1,000	63,468
173010,6774	0,151	0,220	1,303	1,000	63,490
173010,7024	0,151	0,220	1,303	1,000	63,482
173010,7193	0,151	0,220	1,303	1,000	63,481
173010,7363	0,151	0,220	1,303	1,000	63,480
173010,7522	0,151	0,220	1,304	1,000	63,437
173010,7692	0,151	0,220	1,303	1,000	63,477
173010,7772	0,151	0,220	1,303	1,000	63,484
173010,7941	0,151	0,220	1,303	1,000	63,485
173010,8191	0,151	0,220	1,303	1,000	63,486
173010,8360	0,151	0,220	1,303	1,000	63,489
173010,8530	0,151	0,220	1,303	1,000	63,483
173010,8689	0,151	0,220	1,304	1,000	63,433
173010,8889	0,151	0,220	1,303	1,000	63,486
173010,8939	0,151	0,220	1,303	1,000	63,487
173010,9108	0,151	0,220	1,304	1,000	63,489
173010,9358	0,151	0,220	1,303	1,000	63,486
173010,9527	0,151	0,220	1,303	1,000	63,485
173010,9697	0,151	0,220	1,303	1,000	63,487
173010,9866	0,151	0,220	1,303	1,000	63,483
173011,0026	0,151	0,220	1,303	1,000	63,492
173011,0115	0,151	0,220	1,303	1,000	63,483
173011,0275	0,151	0,220	1,304	1,000	63,436
173011,0524	0,151	0,220	1,304	1,000	63,493
173011,0694	0,151	0,220	1,303	1,000	63,481
173011,1083	0,151	0,220	1,304	1,000	63,427
173011,1193	0,151	0,220	1,303	1,000	63,480
173011,1302	0,151	0,220	1,303	1,000	63,481
173011,1422	0,151	0,220	1,303	1,000	63,490
173011,1532	0,151	0,220	1,304	1,000	63,431
173011,1771	0,151	0,220	1,303	1,000	63,490
173011,1961	0,151	0,220	1,303	1,000	63,484
173011,2110	0,151	0,220	1,304	1,000	63,487
173011,2270	0,151	0,220	1,303	1,000	63,484
173011,2439	0,151	0,220	1,304	1,000	63,437
173011,2609	0,151	0,220	1,303	1,000	63,493
173011,2768	0,151	0,220	1,303	1,000	63,482
173011,3028	0,151	0,220	1,304	1,000	63,430
173011,3197	0,151	0,220	1,303	1,000	63,491
173011,3357	0,151	0,220	1,303	1,000	63,480
173011,3526	0,151	0,220	1,303	1,000	63,476
173011,3696	0,151	0,220	1,303	1,000	63,477
173011,3865	0,151	0,220	1,303	1,000	63,483
173011,4025	0,151	0,220	1,303	1,000	63,480
173011,4274	0,151	0,220	1,303	1,000	63,480
173011,4444	0,151	0,220	1,303	1,000	63,483
173011,4604	0,151	0,220	1,304	1,000	63,437
173011,4773	0,151	0,220	1,303	1,000	63,481
173011,4933	0,151	0,220	1,303	1,000	63,483
173011,5102	0,151	0,220	1,304	1,000	63,438
173011,5262	0,151	0,220	1,303	1,000	63,493
173011,5531	0,151	0,220	1,303	1,000	63,485
173011,5691	0,151	0,220	1,303	1,000	63,478
173011,5860	0,151	0,220	1,303	1,000	63,481
173011,6050	0,151	0,220	1,303	1,000	63,487
173011,6189	0,151	0,220	1,303	1,000	63,492
173011,6359	0,151	0,220	1,303	1,000	63,478
173011,6528	0,151	0,220	1,303	1,000	63,475
173011,6778	0,151	0,220	1,303	1,000	63,484
173011,6937	0,151	0,220	1,303	1,000	63,476
173011,7107	0,151	0,220	1,304	1,000	63,439
173011,7276	0,151	0,220	1,303	1,000	63,480
173011,7446	0,151	0,220	1,303	1,000	63,484
173011,7605	0,151	0,220	1,303	1,000	63,487
173011,7775	0,151	0,220	1,303	1,000	63,487
173011,8024	0,151	0,220	1,303	1,000	63,480
173011,8194	0,151	0,220	1,303	1,000	63,478
173011,8363	0,151	0,220	1,303	1,000	63,481
173011,8523	0,151	0,220	1,304	1,000	63,437
173011,8703	0,151	0,220	1,303	1,000	63,491
173011,8862	0,151	0,220	1,303	1,000	63,486
173011,9032	0,151	0,220	1,303	1,000	63,490
173011,9271	0,151	0,220	1,303	1,000	63,490
173011,9441	0,151	0,220	1,303	1,000	63,478
173011,9610	0,151	0,220	1,304	1,000	63,438
173011,9780	0,151	0,220	1,303	1,000	63,479
173011,9939	0,151	0,220	1,303	1,000	63,490
173012,0109	0,151	0,220	1,304	1,000	63,431
173012,0278	0,151	0,220	1,303	1,000	63,480
173012,0528	0,151	0,220	1,304	1,000	63,427
173012,0697	0,151	0,220	1,303	1,000	63,485
173012,0857	0,151	0,220	1,303	1,000	63,492
173012,1026	0,151	0,220	1,304	1,000	63,438
173012,1186	0,151	0,220	1,303	1,000	63,478
173012,1355	0,151	0,220	1,303	1,000	63,452
173012,1525	0,151	0,220	1,303	1,000	63,484
173012,1775	0,151	0,220	1,304	1,000	63,437
173012,1944	0,151	0,220	1,303	1,000	63,480
173012,2104	0,151	0,220	1,304	1,000	63,432
173012,2273	0,151	0,220	1,304	1,000	63,441
173012,2443	0,151	0,220	1,304	1,000	63,488
173012,2612	0,151	0,220	1,304	1,000	63,433
173012,2772	0,151	0,220	1,304	1,000	63,429
173012,3021	0,151	0,220	1,303	1,000	63,493
173012,3221	0,151	0,220	1,304	1,000	63,478
173012,3360	0,151	0,220	1,304	1,000	63,433
173012,3643	0,151	0,220	1,304	1,000	63,427
173012,3762	0,151	0,220	1,303	1,000	63,481
173012,3872	0,151	0,220	1,303	1,000	63,475
173012,4021	0,151	0,220	1,303	1,000	63,492
173012,4281	0,151	0,220	1,303	1,000	63,494
173012,4441	0,151	0,220	1,304	1,000	63,432
173012,4610	0,151	0,220	1,304	1,000	63,441
173012,4780	0,151	0,220	1,303	1,000	63,476
173012,4940	0,151	0,220	1,303	1,000	63,484
173012,5109	0,151	0,220	1,303	1,000	63,481
173012,5269	0,151	0,220	1,304	1,000	63,433
173012,5528	0,151	0,220	1,304	1,000	63,432
173012,5699	0,151	0,220	1,303	1,000	63,499
173012,5870	0,151	0,220	1,303	1,000	63,483
173012,6030	0,151	0,220	1,303	1,000	63,481
173012,6199	0,151	0,220	1,303	1,000	63,485
173012,6359	0,151	0,220	1,303	1,000	63,487
173012,6528	0,151	0,220	1,304	1,000	63,431
173012,6778	0,151	0,220	1,303	1,000	63,490
173012,6938	0,151	0,220	1,303	1,000	63,481
173012,7108	0,151	0,220	1,303	1,000	63,495
173012,7277	0,151	0,220	1,304	1,000	63,444
173012,7447	0,151	0,220	1,303	1,000	63,479
173012,7606	0,151	0,220	1,303	1,000	63,476
173012,7776	0,151	0,220	1,303	1,000	63,487
173012,8025	0,151	0,220	1,303	1,000	63,477
173012,8190	0,151	0,220	1,304	1,000	63,426
173012,8370	0,151	0,220	1,303	1,000	63,481
173012,8527	0,151	0,220	1,304	1,000	63,430
173012,8697	0,151	0,220	1,304	1,000	63,431
173012,8856	0,151	0,220	1,304	1,000	63,434
173012,9026	0,151	0,220	1,303	1,000	63,486
173012,9278	0,151	0,220	1,303	1,000	63,486
173012,9437	0,151	0,220	1,304	1,000	63,444
173012,9607	0,151	0,220	1,303	1,000	63,256
173012,9776	0,151	0,220	1,303	1,000	62,758
173013,0018	0,152	0,220	1,303	1,000	62,241
173013,0118	0,152	0,220	1,303	1,000	61,888
173013,0280	0,152	0,220	1,303	1,000	61,564
173013,0529	0,152	0,220	1,303	1,000	61,033
173013,0699	0,152	0,220	1,303	1,000	60,749
173013,0858	0,152	0,220	1,302	1,000	60,466
173013,1028	0,152	0,220	1,302	1,000	60,150
173013,1195	0,152	0,220	1,302	1,000	59,880
173013,1359	0,152	0,220	1,302	1,000	59,554
173013,1529	0,152	0,220	1,302	1,000	59,226
173013,1779	0,153	0,220	1,302	1,000	58,631
173013,1938	0,153	0,220	1,302	1,000	58,392
173013,2109	0,153	0,220	1,302	1,000	58,074
173013,2269	0,153	0,220	1,302	1,000	57,695
173013,2439	0,153	0,220	1,302	1,000	57,379
173013,2608	0,153	0,220	1,302	1,000	57,041
173013,2778	0,153	0,220	1,302	1,000	56,739
173013,3027	0,153	0,220	1,302	1,000	56,132
173013,3191	0,153	0,220	1,302	1,000	55,818
173013,3361	0,153	0,220	1,301	1,000	55,519
173013,3520	0,153	0,220	1,301	1,000	55,185
173013,3688	0,153	0,220	1,301	1,000	54,891
173013,3858	0,153	0,220	1,301	1,000	54,568
173013,4026	0,153	0,220	1,301	1,000	54,225
173013,4282	0,153	0,220	1,301	1,000	53,581
173013,4442	0,153	0,220	1,301	1,000	53,237
173013,4611	0,153	0,220	1,301	1,000	53,009
173013,4771	0,153	0,220	1,301	1,000	52,692
173013,4932	0,153	0,220	1,301	1,000	52,399
173013,5101	0,153	0,220	1,301	1,000	52,037
173013,5270	0,153	0,220	1,301	1,000	51,708
173013,5530	0,153	0,220	1,300	1,000	51,246
173013,5688	0,153	0,220	1,300	1,000	50,855
173013,5848	0,153	0,220	1,300	1,000	50,508
173013,6029	0,153	0,220	1,300	1,000	50,216
173013,6249	0,154	0,220	1,300	1,000	49,838
173013,6469	0,154	0,220	1,300	1,000	49,540
173013,6568	0,154	0,220	1,300	1,000	49,129
173013,6778	0,154	0,220	1,300	1,000	48,477
173013,6947	0,154	0,220	1,300	1,000	48,118
173013,7117	0,154	0,220	1,300	1,000	47,670
173013,7276	0,154	0,220	1,300	1,000	47,325
173013,7436	0,154	0,220	1,300	1,000	46,940
173013,7606	0,154	0,220	1,300	1,000	46,515
173013,7784	0,154	0,220	1,300	1,000	44,274
173013,8023	0,154	0,220	1,300	1,000	45,661
173013,8192	0,154	0,220	1,299	1,000	45,335
173013,8352	0,154	0,220	1,299	1,000	44,869
173013,8522	0,154	0,220	1,299	1,000	44,496
173013,8709	0,154	0,220	1,299	1,000	44,080
173013,8868	0,154	0,220	1,299	1,000	43,634
173013,9032	0,154	0,220	1,299	1,000	43,116
173013,9281	0,154	0,220	1,299	1,000	42,504
173013,9451	0,154	0,220	1,299	1,000	42,102
173013,9611	0,154	0,220	1,298	1,000	41,664
173013,9781	0,155	0,220	1,298	1,000	41,259
173013,9950	0,155	0,220	1,298	1,000	40,845
173014,0110	0,155	0,220	1,298	1,000	40,414
173014,0289	0,155	0,220	1,298	1,000	39,820
173014,0549	0,155	0,220	1,298	1,000	39,270
173014,0698	0,155	0,220	1,298	1,000	38,892
173014,0868	0,155	0,220	1,298	1,000	38,413
173014,1036	0,155	0,220	1,297	1,000	38,117
173014,1196	0,155	0,220	1,297	1,000	37,784
173014,1365	0,155	0,220	1,297	1,000	53,377
173014,1535	0,155	0,220	1,297	1,000	36,870
173014,1774	0,155	0,220	1,297	1,000	54,505
173014,1944	0,155	0,220	1,297	1,000	35,842
173014,2114	0,155	0,220	1,297	1,000	35,348
173014,2284	0,155	0,220	1,296	1,000	34,785
173014,2443	0,155	0,220	1,296	1,000	34,389
173014,2693	0,155	0,220	1,296	1,000	34,003
173014,2842	0,155	0,220	1,296	1,000	33,615
173014,3022	0,155	0,220	1,296	1,000	32,986
173014,3191	0,155	0,220	1,296	1,000	32,520
173014,3363	0,155	0,220	1,296	1,000	32,096
173014,3523	0,155	0,220	1,296	1,000	31,741
173014,3695	0,155	0,220	1,295	1,000	31,355
173014,3865	0,155	0,220	1,295	1,000	30,989
173014,4034	0,155	0,220	1,295	1,000	30,588
173014,4293	0,155	0,220	1,295	1,000	30,041
173014,4442	0,155	0,220	1,295	1,000	29,732
173014,4612	0,155	0,220	1,295	1,000	29,419
173014,4782	0,155	0,220	1,294	1,000	29,027
173014,4941	0,155	0,220	1,294	1,000	28,611
173014,5111	0,155	0,220	1,294	1,000	28,394
173014,5281	0,155	0,220	1,294	1,000	28,053
173014,5536	0,155	0,220	1,293	1,000	27,673
173014,5705	0,155	0,220	1,293	1,000	27,179
173014,5865	0,155	0,220	1,293	1,000	26,846
173014,6035	0,155	0,220	1,293	1,000	26,476
173014,6194	0,155	0,220	1,293	1,000	26,156
173014,6364	0,155	0,220	1,293	1,000	25,833
173014,6530	0,155	0,220	1,293	1,000	25,484
173014,6779	0,155	0,220	1,292	1,000	24,974
173014,6949	0,155	0,220	1,292	1,000	24,643
173014,7109	0,155	0,220	1,292	1,000	24,261
173014,7281	0,155	0,220	1,292	1,000	23,947
173014,7450	0,155	0,220	1,292	1,000	23,610
173014,7610	0,155	0,220	1,292	1,000	23,308
173014,7801	0,155	0,220	1,292	1,000	22,986
173014,8031	0,155	0,220	1,292	1,000	22,519
173014,8202	0,155	0,220	1,291	1,000	22,185
173014,8368	0,155	0,220	1,291	1,000	21,854
173014,8538	0,155	0,220	1,291	1,000	21,540
173014,8697	0,155	0,220	1,291	1,000	21,222
173014,8863	0,155	0,220	1,291	1,000	20,907
173014,9052	0,155	0,220	1,291	1,000	20,606
173014,9292	0,155	0,220	1,291	1,000	20,065
173014,9442	0,155	0,220	1,291	1,000	19,736
173014,9611	0,155	0,220	1,290	1,000	19,310
173014,9777	0,155	0,220	1,290	1,000	18,938
173014,9946	0,155	0,220	1,290	1,000	18,586
173015,0127	0,155	0,220	1,290	1,000	18,253
173015,0278	0,155	0,220	1,290	1,000	17,982
173015,0531	0,155	0,220	1,290	1,000	17,491
173015,0700	0,155	0,220	1,289	1,000	17,147
173015,0870	0,155	0,220	1,289	1,000	16,819
173015,1029	0,155	0,220	1,289	1,000	16,510
173015,1199	0,155	0,220	1,289	1,000	16,203
173015,1368	0,155	0,219	1,289	1,000	15,847
173015,1538	0,155	0,220	1,289	1,000	15,534
173015,1777	0,155	0,220	1,289	1,000	15,070
173015,1957	0,155	0,220	1,289	1,000	14,671
173015,2116	0,155	0,220	1,289	1,000	14,335
173015,2276	0,155	0,220	1,288	1,000	14,084
173015,2456	0,155	0,220	1,288	1,000	13,775
173015,2615	0,155	0,220	1,288	1,000	13,424
173015,2775	0,155	0,220	1,288	1,000	13,082
173015,3034	0,155	0,220	1,288	1,000	12,555
173015,3204	0,155	0,220	1,288	1,000	12,196
173015,3363	0,155	0,220	1,288	1,000	11,706
173015,3533	0,155	0,220	1,288	1,000	11,379
173015,3702	0,155	0,220	1,288	1,000	10,941
173015,3872	0,155	0,220	1,288	1,000	10,620
173015,4031	0,155	0,220	1,288	1,000	10,218
173015,4281	0,155	0,220	1,287	1,000	9,623
173015,4450	0,155	0,220	1,287	1,000	9,334
173015,4620	0,155	0,220	1,287	1,000	8,796
173015,4779	0,155	0,220	1,287	1,000	8,524
173015,4969	0,155	0,220	1,287	1,000	8,010
173015,5108	0,155	0,220	1,287	1,000	7,560
173015,5278	0,155	0,220	1,287	1,000	7,127
173015,5597	0,155	0,220	1,287	1,000	6,645
173015,5707	0,155	0,220	1,286	1,000	6,304
173015,5866	0,155	0,220	1,286	1,000	5,819
173015,6036	0,155	0,220	1,286	1,000	5,362
173015,6196	0,155	0,220	1,286	1,000	4,941
173015,6365	0,155	0,220	1,286	1,000	4,552
173015,6535	0,155	0,220	1,286	1,000	4,114
173015,6774	0,155	0,220	1,286	1,000	3,447
173015,6944	0,155	0,220	1,285	1,000	3,022
173015,7113	0,155	0,220	1,285	1,000	2,604
173015,7273	0,154	0,220	1,285	1,000	2,196
173015,7442	0,154	0,220	1,285	1,000	1,894
173015,7612	0,154	0,220	1,285	1,000	1,366
173015,7781	0,154	0,220	1,285	1,000	0,943
173015,8031	0,154	0,220	1,284	1,000	0,311
173015,8200	0,155	0,220	1,284	1,000	-0,143
173015,8370	0,155	0,220	1,284	1,000	-0,580
173015,8529	0,155	0,220	1,284	1,000	-0,964
173015,8699	0,155	0,220	1,284	1,000	-1,347
173015,8858	0,155	0,220	1,284	1,000	-1,725
173015,9058	0,155	0,220	1,284	1,000	-2,087
173015,9277	0,155	0,220	1,284	1,000	-2,785
173015,9447	0,155	0,220	1,284	1,000	-3,246
173015,9606	0,154	0,220	1,284	1,000	-3,782
173015,9776	0,154	0,220	1,283	1,000	-4,285
173015,9945	0,154	0,220	1,283	1,000	-4,760
173016,0115	0,154	0,220	1,283	1,000	-5,206
173016,0275	0,154	0,220	1,283	1,000	-5,559
173016,0534	0,154	0,220	1,283	1,000	-5,972
173016,0693	0,154	0,220	1,283	1,000	-6,249
173016,0863	0,154	0,220	1,283	1,000	-6,629
173016,1033	0,154	0,220	1,283	1,000	-7,076
173016,1202	0,154	0,220	1,282	1,000	-7,445
173016,1362	0,154	0,220	1,282	1,000	-7,798
173016,1531	0,154	0,220	1,282	1,000	-8,130
173016,1791	0,154	0,220	1,282	1,000	-8,658
173016,1960	0,154	0,220	1,282	1,000	-8,979
173016,2100	0,154	0,220	1,281	1,000	-9,363
173016,2279	0,154	0,220	1,281	1,000	-9,675
173016,2449	0,154	0,220	1,281	1,000	-10,015
173016,2608	0,154	0,220	1,281	1,000	-10,315
173016,2778	0,154	0,220	1,281	1,000	-10,624
173016,3027	0,154	0,220	1,281	1,000	-11,104
173016,3197	0,153	0,220	1,281	1,000	-11,477
173016,3366	0,153	0,220	1,280	1,000	-11,773
173016,3536	0,153	0,220	1,280	1,000	-12,154
173016,3695	0,153	0,220	1,280	1,000	-12,466
173016,3865	0,153	0,220	1,280	1,000	-12,783
173016,4035	0,153	0,220	1,280	1,000	-13,086
173016,4284	0,153	0,220	1,280	1,000	-13,609
173016,4443	0,153	0,220	1,280	1,000	-13,971
173016,4613	0,153	0,220	1,280	1,000	-14,290
173016,4763	0,153	0,220	1,280	1,000	-14,617
173016,4932	0,153	0,220	1,280	1,000	-14,977
173016,5092	0,153	0,220	1,280	1,000	-15,303
173016,5261	0,153	0,220	1,279	1,000	-15,641
173016,5521	0,153	0,220	1,279	1,000	-16,150
173016,5690	0,153	0,220	1,279	1,000	-16,480
173016,5850	0,153	0,220	1,279	1,000	-16,781
173016,6019	0,153	0,220	1,279	1,000	-17,106
173016,6179	0,153	0,220	1,279	1,000	-17,437
173016,6348	0,152	0,220	1,279	1,000	-17,762
173016,6518	0,152	0,220	1,279	1,000	-18,132
173016,6767	0,152	0,220	1,279	1,000	-18,637
173016,6937	0,152	0,220	1,279	1,000	-18,924
173016,7096	0,152	0,220	1,278	1,000	-19,273
173016,7266	0,152	0,220	1,278	1,000	-19,588
173016,7435	0,152	0,220	1,278	1,000	-19,884
173016,7605	0,152	0,220	1,278	1,000	-20,233
173016,7765	0,152	0,220	1,278	1,000	-20,538
173016,8014	0,152	0,220	1,278	1,000	-21,016
173016,8183	0,152	0,220	1,278	1,000	-21,329
173016,8373	0,152	0,220	1,278	1,000	-21,722
173016,8543	0,152	0,220	1,277	1,000	-22,099
173016,8702	0,152	0,220	1,277	1,000	-22,434
173016,8872	0,152	0,220	1,277	1,000	-22,770
173016,9031	0,152	0,220	1,277	1,000	-23,122
173016,9300	0,152	0,220	1,277	1,000	-23,679
173016,9460	0,152	0,220	1,276	1,000	-24,035
173016,9610	0,152	0,220	1,276	1,000	-24,403
173016,9779	0,151	0,220	1,276	1,000	-24,773
173016,9949	0,151	0,220	1,276	1,000	-25,099
173017,0118	0,152	0,220	1,276	1,000	-25,511
173017,0278	0,151	0,220	1,276	1,000	-25,873
173017,0527	0,151	0,220	1,276	1,000	-26,410
173017,0697	0,151	0,220	1,276	1,000	-26,823
173017,0866	0,151	0,220	1,276	1,000	-27,235
173017,1026	0,151	0,220	1,275	1,000	-27,647
173017,1195	0,151	0,220	1,275	1,000	-28,044
173017,1365	0,151	0,220	1,275	1,000	-28,488
173017,1535	0,151	0,220	1,275	1,000	-28,904
173017,1774	0,151	0,220	1,275	1,000	-29,508
173017,1943	0,151	0,220	1,275	1,000	-29,891
173017,2113	0,151	0,220	1,275	1,000	-30,319
173017,2273	0,151	0,220	1,275	1,000	-30,772
173017,2442	0,150	0,220	1,275	1,000	-31,181
173017,2612	0,150	0,220	1,274	1,000	-31,600
173017,2781	0,150	0,220	1,274	1,000	-31,965
173017,3031	0,150	0,220	1,274	1,000	-32,575
173017,3200	0,150	0,220	1,274	1,000	-33,020
173017,3360	0,150	0,220	1,274	1,000	-33,471
173017,3529	0,150	0,220	1,274	1,000	-33,864
173017,3699	0,150	0,220	1,274	1,000	-34,324
173017,3868	0,149	0,220	1,274	1,000	-34,734
173017,4028	0,149	0,220	1,274	1,000	-35,101
173017,4278	0,149	0,220	1,274	1,000	-35,816
173017,4448	0,149	0,220	1,274	1,000	-36,246
173017,4627	0,149	0,220	1,273	1,000	-36,702
173017,4807	0,149	0,220	1,273	1,000	-37,114
173017,4937	0,149	0,220	1,273	1,000	-37,537
173017,5106	0,149	0,220	1,273	1,000	-37,931
173017,5256	0,149	0,220	1,273	1,000	-38,419
173017,5535	0,148	0,220	1,273	1,000	-39,054
173017,5705	0,148	0,220	1,273	1,000	-39,462
173017,5864	0,148	0,220	1,273	1,000	-39,904
173017,6034	0,148	0,220	1,273	1,000	-40,377
173017,6203	0,148	0,220	1,273	1,000	-40,820
173017,6363	0,148	0,220	1,273	1,000	-41,151
173017,6532	0,148	0,220	1,273	1,000	-41,483
173017,6776	0,148	0,220	1,273	1,000	-41,431
173017,6946	0,148	0,220	1,273	1,000	-41,285
173017,7115	0,148	0,220	1,273	1,000	-41,182
173017,7278	0,148	0,220	1,273	1,000	-41,145
173017,7438	0,148	0,220	1,273	1,000	-41,179
173017,7607	0,148	0,220	1,273	1,000	-41,218
173017,7781	0,148	0,220	1,273	1,000	-41,249
173017,8031	0,148	0,220	1,273	1,000	-41,269
173017,8200	0,148	0,220	1,273	1,000	-41,271
173017,8370	0,148	0,220	1,273	1,000	-41,277
173017,8529	0,148	0,220	1,273	1,000	-41,261
173017,8699	0,148	0,220	1,273	1,000	-41,249
173017,8861	0,148	0,220	1,273	1,000	-41,231
173017,9031	0,148	0,220	1,273	1,000	-41,212
173017,9270	0,148	0,220	1,273	1,000	-41,209
173017,9443	0,148	0,220	1,273	1,000	-41,207
173017,9613	0,148	0,220	1,273	1,000	-41,229
173017,9772	0,148	0,220	1,273	1,000	-41,230
173017,9942	0,148	0,220	1,273	1,000	-41,228
173018,0111	0,148	0,220	1,273	1,000	-41,229
173018,0278	0,148	0,220	1,273	1,000	-41,228
173018,0528	0,148	0,220	1,273	1,000	-41,232
173018,0697	0,148	0,220	1,273	1,000	-41,202
173018,0867	0,148	0,220	1,273	1,000	-41,229
173018,1062	0,148	0,220	1,273	1,000	-41,219
173018,1202	0,148	0,220	1,273	1,000	-41,226
173018,1361	0,148	0,220	1,273	1,000	-41,231
173018,1531	0,148	0,220	1,273	1,000	-41,222
173018,1780	0,148	0,220	1,273	1,000	-41,215
173018,1943	0,148	0,220	1,273	1,000	-41,215
173018,2113	0,148	0,220	1,273	1,000	-41,211
173018,2273	0,148	0,220	1,273	1,000	-41,224
173018,2443	0,148	0,220	1,273	1,000	-41,222
173018,2615	0,148	0,220	1,273	1,000	-41,228
173018,2774	0,148	0,220	1,273	1,000	-41,228
173018,3033	0,148	0,220	1,273	1,000	-41,233
173018,3203	0,148	0,220	1,273	1,000	-41,222
173018,3362	0,148	0,220	1,273	1,000	-41,229
173018,3528	0,148	0,220	1,273	1,000	-41,217
173018,3697	0,148	0,220	1,273	1,000	-41,222
173018,3867	0,148	0,220	1,273	1,000	-41,213
173018,4037	0,148	0,220	1,273	1,000	-41,233
173018,4278	0,148	0,220	1,273	1,000	-41,217
173018,4448	0,148	0,220	1,273	1,000	-41,228
173018,4617	0,148	0,220	1,273	1,000	-41,226
173018,4767	0,148	0,220	1,273	1,000	-41,223
173018,4926	0,148	0,220	1,273	1,000	-41,214
173018,5086	0,148	0,220	1,273	1,000	-41,224
173018,5265	0,148	0,220	1,273	1,000	-41,230
173018,5525	0,148	0,220	1,273	1,000	-41,228
173018,5695	0,148	0,220	1,273	1,000	-41,226
173018,5855	0,148	0,220	1,273	1,000	-41,230
173018,6024	0,148	0,220	1,273	1,000	-41,228
173018,6194	0,148	0,220	1,273	1,000	-41,227
173018,6364	0,148	0,220	1,273	1,000	-41,223
173018,6524	0,148	0,220	1,273	1,000	-41,230
173018,6765	0,148	0,220	1,273	1,000	-41,237
173018,6944	0,148	0,220	1,273	1,000	-41,235
173018,7104	0,148	0,220	1,273	1,000	-41,233
173018,7272	0,148	0,220	1,273	1,000	-41,244
173018,7482	0,148	0,220	1,273	1,000	-41,244
173018,7601	0,148	0,220	1,273	1,000	-41,243
173018,7771	0,148	0,220	1,273	1,000	-41,227
173018,8023	0,148	0,220	1,273	1,000	-41,236
173018,8193	0,148	0,220	1,273	1,000	-41,227
173018,8361	0,148	0,220	1,273	1,000	-41,229
173018,8521	0,148	0,220	1,273	1,000	-41,226
173018,8690	0,148	0,220	1,273	1,000	-41,224
173018,8860	0,148	0,220	1,273	1,000	-41,228
173018,9020	0,148	0,220	1,273	1,000	-41,234
173018,9279	0,148	0,220	1,273	1,000	-41,236
173018,9440	0,148	0,220	1,273	1,000	-41,244
173018,9610	0,148	0,220	1,273	1,000	-41,237
173018,9778	0,148	0,220	1,273	1,000	-41,247
173018,9938	0,148	0,220	1,273	1,000	-41,238
173019,0108	0,148	0,220	1,273	1,000	-41,234
173019,0277	0,148	0,220	1,273	1,000	-41,244
173019,0527	0,148	0,220	1,273	1,000	-41,248
173019,0687	0,148	0,220	1,273	1,000	-41,242
173019,0857	0,148	0,220	1,273	1,000	-41,249
173019,1026	0,148	0,220	1,273	1,000	-41,254
173019,1186	0,148	0,220	1,273	1,000	-41,242
173019,1357	0,148	0,220	1,273	1,000	-41,247
173019,1526	0,148	0,220	1,273	1,000	-41,238
173019,1776	0,148	0,220	1,273	1,000	-41,245
173019,1936	0,148	0,220	1,273	1,000	-41,251
173019,2105	0,148	0,220	1,273	1,000	-41,252
173019,2275	0,148	0,220	1,273	1,000	-41,245
173019,2437	0,148	0,220	1,273	1,000	-41,242
173019,2607	0,148	0,220	1,273	1,000	-41,244
173019,2766	0,148	0,220	1,273	1,000	-41,240
173019,3016	0,148	0,220	1,273	1,000	-41,244
173019,3193	0,148	0,220	1,273	1,000	-41,245
173019,3363	0,148	0,220	1,273	1,000	-41,245
173019,3520	0,148	0,220	1,273	1,000	-41,247
173019,3689	0,148	0,220	1,273	1,000	-41,238
173019,3879	0,148	0,220	1,273	1,000	-41,243
173019,4028	0,148	0,220	1,273	1,000	-41,240
173019,4268	0,148	0,220	1,273	1,000	-41,247
173019,4438	0,148	0,220	1,273	1,000	-41,239
173019,4598	0,148	0,220	1,273	1,000	-41,248
173019,4774	0,148	0,220	1,273	1,000	-41,243
173019,4934	0,148	0,220	1,273	1,000	-41,254
173019,5103	0,148	0,220	1,273	1,000	-41,251
173019,5273	0,148	0,220	1,273	1,000	-41,251
173019,5509	0,148	0,220	1,273	1,000	-41,249
173019,5701	0,148	0,220	1,273	1,000	-41,249
173019,5860	0,148	0,220	1,273	1,000	-41,242
173019,6030	0,148	0,220	1,273	1,000	-41,243
173019,6199	0,148	0,220	1,273	1,000	-41,250
173019,6359	0,148	0,220	1,273	1,000	-41,254
173019,6529	0,148	0,220	1,273	1,000	-41,255
173019,6778	0,148	0,220	1,273	1,000	-41,254
173019,6953	0,148	0,220	1,273	1,000	-41,237
173019,7107	0,148	0,220	1,273	1,000	-41,253
173019,7267	0,148	0,220	1,273	1,000	-41,255
173019,7436	0,148	0,220	1,273	1,000	-41,245
173019,7612	0,148	0,220	1,273	1,000	-41,247
173019,7771	0,148	0,220	1,273	1,000	-41,255
173019,8031	0,148	0,220	1,273	1,000	-41,251
173019,8191	0,148	0,220	1,273	1,000	-41,240
173019,8367	0,148	0,220	1,273	1,000	-41,244
173019,8527	0,148	0,220	1,273	1,000	-41,252
173019,8700	0,148	0,220	1,273	1,000	-41,249
173019,8869	0,148	0,220	1,273	1,000	-41,252
173019,9029	0,148	0,220	1,273	1,000	-41,248
173019,9278	0,148	0,220	1,273	1,000	-41,250
173019,9448	0,148	0,220	1,273	1,000	-41,243
173019,9607	0,148	0,220	1,273	1,000	-41,247
173019,9777	0,148	0,220	1,273	1,000	-41,252
173019,9947	0,148	0,220	1,273	1,000	-41,241
173020,0106	0,148	0,220	1,273	1,000	-41,250
