173100,3413	1,312	0,207	-0,894	1,000	-14,663
173100,3643	1,312	0,207	-0,893	1,000	-14,664
173100,3762	1,312	0,207	-0,893	1,000	-14,668
173100,3842	1,312	0,207	-0,893	1,000	-14,669
173100,4012	1,312	0,208	-0,893	1,000	-14,671
173100,4091	1,312	0,207	-0,893	1,000	-14,669
173100,4341	1,312	0,207	-0,893	1,000	-14,671
173100,4680	1,312	0,207	-0,893	1,000	-14,662
173100,4829	1,312	0,207	-0,893	1,000	-14,666
173100,4919	1,312	0,207	-0,894	1,000	-14,662
173100,5079	1,312	0,207	-0,893	1,000	-14,670
173100,5238	1,312	0,207	-0,893	1,000	-14,665
173100,5408	1,312	0,207	-0,893	1,000	-14,673
173100,5488	1,312	0,207	-0,893	1,000	-14,630
173100,5657	1,312	0,207	-0,893	1,000	-14,666
173100,5737	1,312	0,207	-0,893	1,000	-14,653
173100,5986	1,312	0,207	-0,893	1,000	-14,668
173100,6315	1,312	0,207	-0,893	1,000	-14,667
173100,6485	1,312	0,207	-0,893	1,000	-14,667
173100,6575	1,312	0,207	-0,893	1,000	-14,667
173100,6734	1,312	0,207	-0,893	1,000	-14,662
173100,6904	1,312	0,207	-0,893	1,000	-14,673
173100,7073	1,312	0,207	-0,894	1,000	-14,657
173100,7163	1,312	0,207	-0,893	1,000	-14,670
173100,7323	1,312	0,207	-0,893	1,000	-14,665
173100,7403	1,312	0,207	-0,894	1,000	-14,659
173100,7672	1,312	0,208	-0,894	1,000	-14,689
173100,8001	1,312	0,207	-0,893	1,000	-14,678
173100,8170	1,312	0,207	-0,893	1,000	-14,667
173100,8260	1,312	0,207	-0,893	1,000	-14,672
173100,8420	1,312	0,207	-0,893	1,000	-14,671
173100,8599	1,312	0,207	-0,893	1,000	-14,663
173100,8759	1,312	0,207	-0,893	1,000	-14,657
173100,8829	1,312	0,207	-0,893	1,000	-14,670
173100,8998	1,312	0,207	-0,893	1,000	-14,661
173100,9088	1,312	0,207	-0,893	1,000	-14,663
173100,9337	1,312	0,207	-0,893	1,000	-14,664
173100,9666	1,312	0,207	-0,893	1,000	-14,662
173100,9836	1,312	0,207	-0,893	1,000	-14,656
173100,9916	1,312	0,207	-0,893	1,000	-14,634
173101,0115	1,312	0,207	-0,893	1,000	-14,667
173101,0245	1,312	0,207	-0,893	1,000	-14,666
173101,0434	1,312	0,207	-0,893	1,000	-14,655
173101,0504	1,312	0,207	-0,893	1,000	-14,655
173101,0664	1,312	0,207	-0,893	1,000	-14,666
173101,0754	1,312	0,207	-0,893	1,000	-14,657
173101,1003	1,312	0,208	-0,894	1,000	-14,686
173101,1332	1,312	0,207	-0,893	1,000	-14,658
173101,1502	1,312	0,207	-0,893	1,000	-14,692
173101,1581	1,312	0,207	-0,893	1,000	-14,662
173101,1761	1,312	0,207	-0,893	1,000	-14,658
173101,1930	1,312	0,207	-0,893	1,000	-14,654
173101,2080	1,312	0,207	-0,893	1,000	-14,658
173101,2170	1,312	0,207	-0,893	1,000	-14,658
173101,2339	1,312	0,207	-0,893	1,000	-14,664
173101,2419	1,312	0,207	-0,893	1,000	-14,657
173101,2708	1,312	0,208	-0,894	1,000	-14,650
173101,2998	1,312	0,207	-0,893	1,000	-14,658
173101,3167	1,312	0,207	-0,893	1,000	-14,644
173101,3247	1,312	0,207	-0,893	1,000	-14,656
173101,3416	1,312	0,207	-0,893	1,000	-14,651
173101,3576	1,312	0,208	-0,894	1,000	-14,683
173101,3746	1,312	0,207	-0,893	1,000	-14,655
173101,3825	1,312	0,207	-0,893	1,000	-14,652
173101,4015	1,312	0,207	-0,893	1,000	-14,656
173101,4085	1,312	0,207	-0,893	1,000	-14,658
173101,4334	1,312	0,207	-0,893	1,000	-14,654
173101,4673	1,312	0,207	-0,893	1,000	-14,648
173101,4843	1,312	0,207	-0,893	1,000	-14,651
173101,4922	1,312	0,207	-0,893	1,000	-14,654
173101,5092	1,312	0,207	-0,893	1,000	-14,658
173101,5252	1,312	0,207	-0,893	1,000	-14,658
173101,5421	1,312	0,207	-0,893	1,000	-14,678
173101,5521	1,312	0,207	-0,893	1,000	-14,652
173101,5670	1,312	0,207	-0,893	1,000	-14,654
173101,5770	1,312	0,208	-0,894	1,000	-14,679
173101,6010	1,312	0,207	-0,893	1,000	-14,643
173101,6399	1,312	0,207	-0,893	1,000	-14,645
173101,6508	1,312	0,207	-0,893	1,000	-14,650
173101,6588	1,312	0,207	-0,893	1,000	-14,658
173101,6787	1,312	0,207	-0,893	1,000	-14,650
173101,6927	1,312	0,207	-0,893	1,000	-14,646
173101,7097	1,312	0,208	-0,894	1,000	-14,675
173101,7176	1,312	0,207	-0,893	1,000	-14,656
173101,7346	1,312	0,207	-0,893	1,000	-14,653
173101,7426	1,312	0,207	-0,893	1,000	-14,650
173101,7675	1,312	0,207	-0,893	1,000	-14,654
173101,8004	1,312	0,207	-0,893	1,000	-14,647
173101,8174	1,312	0,207	-0,893	1,000	-14,653
173101,8254	1,312	0,207	-0,893	1,000	-14,649
173101,8423	1,312	0,207	-0,893	1,000	-14,647
173101,8593	1,312	0,207	-0,893	1,000	-14,652
173101,8752	1,312	0,207	-0,893	1,000	-14,650
173101,8842	1,312	0,207	-0,893	1,000	-14,644
173101,9012	1,312	0,207	-0,893	1,000	-14,656
173101,9091	1,312	0,207	-0,893	1,000	-14,656
173101,9341	1,312	0,207	-0,893	1,000	-14,648
173101,9680	1,312	0,207	-0,893	1,000	-14,650
173101,9859	1,312	0,207	-0,893	1,000	-14,645
173101,9929	1,312	0,208	-0,894	1,000	-14,612
173102,0089	1,312	0,207	-0,893	1,000	-14,642
173102,0258	1,312	0,207	-0,893	1,000	-14,638
173102,0428	1,312	0,207	-0,893	1,000	-14,640
173102,0508	1,312	0,207	-0,893	1,000	-14,637
173102,0677	1,312	0,207	-0,893	1,000	-14,651
173102,0757	1,312	0,207	-0,893	1,000	-14,645
173102,1006	1,312	0,207	-0,893	1,000	-14,638
173102,1345	1,312	0,207	-0,893	1,000	-14,641
173102,1505	1,312	0,207	-0,893	1,000	-14,642
173102,1595	1,312	0,207	-0,893	1,000	-14,647
173102,1754	1,312	0,207	-0,894	1,000	-14,649
173102,1924	1,312	0,207	-0,893	1,000	-14,636
173102,2093	1,312	0,207	-0,893	1,000	-14,635
173102,2183	1,312	0,207	-0,893	1,000	-14,646
173102,2343	1,312	0,207	-0,893	1,000	-14,642
173102,2422	1,312	0,207	-0,893	1,000	-14,636
173102,2722	1,312	0,207	-0,893	1,000	-14,640
173102,3051	1,312	0,207	-0,893	1,000	-14,629
173102,3170	1,312	0,207	-0,893	1,000	-14,641
173102,3250	1,312	0,207	-0,893	1,000	-14,636
173102,3420	1,312	0,207	-0,893	1,000	-14,647
173102,3589	1,312	0,207	-0,893	1,000	-14,638
173102,3759	1,312	0,207	-0,893	1,000	-14,641
173102,3839	1,312	0,207	-0,893	1,000	-14,647
173102,4008	1,312	0,207	-0,893	1,000	-14,644
173102,4088	1,312	0,207	-0,893	1,000	-14,643
173102,4347	1,312	0,207	-0,894	1,000	-14,665
173102,4676	1,312	0,207	-0,893	1,000	-14,643
173102,4846	1,312	0,207	-0,893	1,000	-14,639
173102,4926	1,312	0,207	-0,893	1,000	-14,652
173102,5085	1,312	0,208	-0,894	1,000	-14,668
173102,5255	1,312	0,208	-0,894	1,000	-14,666
173102,5424	1,312	0,208	-0,894	1,000	-14,649
173102,5494	1,312	0,207	-0,893	1,000	-14,649
173102,5664	1,312	0,207	-0,893	1,000	-14,637
173102,5744	1,312	0,207	-0,893	1,000	-14,643
173102,6003	1,312	0,207	-0,893	1,000	-14,639
173102,6332	1,312	0,207	-0,893	1,000	-14,642
173102,6492	1,312	0,207	-0,894	1,000	-14,660
173102,6581	1,312	0,208	-0,894	1,000	-14,666
173102,6761	1,312	0,207	-0,894	1,000	-14,673
173102,6920	1,312	0,207	-0,893	1,000	-14,644
173102,7090	1,312	0,207	-0,893	1,000	-14,641
173102,7170	1,312	0,207	-0,893	1,000	-14,637
173102,7339	1,312	0,207	-0,893	1,000	-14,640
173102,7419	1,312	0,207	-0,893	1,000	-14,637
173102,7678	1,312	0,207	-0,893	1,000	-14,632
173102,8007	1,312	0,207	-0,893	1,000	-14,644
173102,8177	1,312	0,208	-0,894	1,000	-14,676
173102,8257	1,312	0,207	-0,893	1,000	-14,645
173102,8428	1,312	0,207	-0,893	1,000	-14,644
173102,8597	1,312	0,207	-0,893	1,000	-14,674
173102,8757	1,312	0,208	-0,894	1,000	-14,621
173102,8837	1,312	0,207	-0,893	1,000	-14,644
173102,9006	1,312	0,207	-0,893	1,000	-14,642
173102,9096	1,312	0,207	-0,893	1,000	-14,673
173102,9346	1,312	0,207	-0,893	1,000	-14,646
173102,9675	1,312	0,207	-0,893	1,000	-14,633
173102,9844	1,312	0,207	-0,893	1,000	-14,634
173102,9924	1,312	0,207	-0,893	1,000	-14,635
173103,0103	1,312	0,207	-0,893	1,000	-14,628
173103,0243	1,312	0,207	-0,893	1,000	-14,646
173103,0433	1,312	0,207	-0,893	1,000	-14,644
173103,0512	1,312	0,207	-0,893	1,000	-14,640
173103,0672	1,312	0,207	-0,893	1,000	-14,641
173103,0752	1,312	0,207	-0,893	1,000	-14,634
173103,1011	1,312	0,207	-0,893	1,000	-14,642
173103,1338	1,312	0,207	-0,893	1,000	-14,629
173103,1512	1,312	0,207	-0,894	1,000	-14,654
173103,1591	1,312	0,207	-0,893	1,000	-14,633
173103,1756	1,312	0,207	-0,893	1,000	-14,637
173103,1916	1,312	0,207	-0,893	1,000	-14,629
173103,2078	1,312	0,207	-0,893	1,000	-14,629
173103,2168	1,312	0,207	-0,893	1,000	-14,628
173103,2331	1,312	0,207	-0,893	1,000	-14,633
173103,2420	1,312	0,207	-0,893	1,000	-14,626
173103,2672	1,310	0,208	-0,893	1,000	-14,671
173103,3060	1,307	0,208	-0,893	1,000	-14,922
173103,3170	1,305	0,208	-0,892	1,000	-15,010
173103,3250	1,303	0,208	-0,892	1,000	-15,042
173103,3410	1,300	0,208	-0,891	1,000	-15,130
173103,3579	1,297	0,208	-0,890	1,000	-15,043
173103,3749	1,294	0,208	-0,889	1,000	-15,125
173103,3829	1,292	0,208	-0,889	1,000	-15,120
173103,3998	1,289	0,208	-0,888	1,000	-15,043
173103,4088	1,288	0,208	-0,887	1,000	-15,143
173103,4337	1,283	0,208	-0,886	1,000	-15,135
173103,4667	1,277	0,208	-0,884	1,000	-15,250
173103,4826	1,274	0,208	-0,883	1,000	-15,222
173103,4906	1,272	0,208	-0,882	1,000	-15,188
173103,5076	1,269	0,208	-0,881	1,000	-15,151
173103,5236	1,266	0,208	-0,880	1,000	-15,267
173103,5475	1,263	0,208	-0,879	1,000	-15,216
173103,5595	1,262	0,208	-0,879	1,000	-15,203
173103,5695	1,259	0,208	-0,878	1,000	-15,332
173103,5755	1,258	0,208	-0,877	1,000	-15,276
173103,6004	1,253	0,208	-0,876	1,000	-15,384
173103,6345	1,247	0,208	-0,874	1,000	-15,306
173103,6515	1,244	0,209	-0,873	1,000	-15,446
173103,6595	1,243	0,209	-0,872	1,000	-15,398
173103,6754	1,240	0,209	-0,871	1,000	-15,455
173103,6934	1,237	0,209	-0,871	1,000	-15,469
173103,7093	1,234	0,209	-0,870	1,000	-15,501
173103,7174	1,232	0,209	-0,869	1,000	-15,517
173103,7344	1,229	0,209	-0,868	1,000	-15,539
173103,7434	1,228	0,209	-0,868	1,000	-15,608
173103,7673	1,223	0,209	-0,866	1,000	-15,562
173103,8012	1,217	0,209	-0,864	1,000	-15,427
173103,8182	1,214	0,209	-0,863	1,000	-15,594
173103,8252	1,213	0,209	-0,863	1,000	-15,587
173103,8432	1,210	0,209	-0,862	1,000	-15,569
173103,8591	1,207	0,209	-0,861	1,000	-15,549
173103,8761	1,204	0,209	-0,860	1,000	-15,551
173103,8841	1,203	0,209	-0,859	1,000	-15,538
173103,9011	1,200	0,209	-0,858	1,000	-15,611
173103,9090	1,198	0,209	-0,857	1,000	-15,601
173103,9340	1,194	0,209	-0,856	1,000	-15,589
173103,9681	1,187	0,209	-0,855	1,000	-15,763
173103,9841	1,184	0,209	-0,854	1,000	-15,739
173103,9931	1,183	0,209	-0,853	1,000	-15,737
173104,0090	1,180	0,209	-0,852	1,000	-15,601
173104,0260	1,177	0,209	-0,851	1,000	-15,567
173104,0429	1,174	0,209	-0,850	1,000	-15,636
173104,0509	1,172	0,209	-0,849	1,000	-15,721
173104,0669	1,169	0,209	-0,848	1,000	-15,719
173104,0759	1,168	0,209	-0,848	1,000	-15,634
173104,1008	1,164	0,209	-0,846	1,000	-15,736
173104,1368	1,158	0,209	-0,844	1,000	-15,812
173104,1511	1,155	0,209	-0,843	1,000	-15,753
173104,1591	1,153	0,209	-0,843	1,000	-15,836
173104,1762	1,150	0,209	-0,842	1,000	-15,849
173104,1942	1,147	0,209	-0,841	1,000	-15,846
173104,2091	1,144	0,209	-0,840	1,000	-15,891
173104,2171	1,143	0,209	-0,839	1,000	-15,940
173104,2345	1,140	0,209	-0,838	1,000	-15,869
173104,2425	1,138	0,209	-0,838	1,000	-15,810
173104,2674	1,134	0,210	-0,836	1,000	-15,782
173104,3003	1,128	0,209	-0,834	1,000	-15,913
173104,3173	1,125	0,209	-0,833	1,000	-15,862
173104,3262	1,124	0,209	-0,832	1,000	-15,898
173104,3425	1,121	0,209	-0,831	1,000	-15,871
173104,3594	1,118	0,209	-0,830	1,000	-15,877
173104,3754	1,115	0,209	-0,829	1,000	-15,852
173104,3844	1,113	0,209	-0,829	1,000	-15,872
173104,4003	1,110	0,209	-0,828	1,000	-15,870
173104,4103	1,109	0,209	-0,827	1,000	-15,853
173104,4342	1,104	0,210	-0,825	1,000	-15,896
173104,4670	1,098	0,210	-0,824	1,000	-15,975
173104,4830	1,095	0,210	-0,823	1,000	-15,980
173104,4920	1,093	0,210	-0,822	1,000	-15,968
173104,5069	1,090	0,210	-0,821	1,000	-15,989
173104,5238	1,087	0,210	-0,820	1,000	-15,918
173104,5408	1,084	0,210	-0,819	1,000	-15,950
173104,5498	1,083	0,210	-0,819	1,000	-16,029
173104,5667	1,080	0,210	-0,818	1,000	-15,959
173104,5747	1,078	0,210	-0,817	1,000	-16,036
173104,5997	1,075	0,209	-0,815	1,000	-16,034
173104,6336	1,069	0,210	-0,813	1,000	-16,094
173104,6505	1,066	0,210	-0,812	1,000	-16,127
173104,6585	1,064	0,210	-0,811	1,000	-16,116
173104,6745	1,062	0,210	-0,810	1,000	-16,177
173104,6925	1,059	0,209	-0,809	1,000	-16,153
173104,7084	1,056	0,210	-0,808	1,000	-16,215
173104,7174	1,054	0,210	-0,808	1,000	-16,173
173104,7334	1,051	0,210	-0,807	1,000	-16,206
173104,7419	1,049	0,210	-0,806	1,000	-16,190
173104,7669	1,045	0,210	-0,804	1,000	-16,083
173104,7998	1,039	0,210	-0,802	1,000	-16,106
173104,8168	1,036	0,210	-0,801	1,000	-16,075
173104,8247	1,035	0,210	-0,801	1,000	-16,157
173104,8417	1,032	0,210	-0,800	1,000	-16,063
173104,8578	1,029	0,210	-0,799	1,000	-16,176
173104,8755	1,026	0,210	-0,798	1,000	-16,152
173104,8835	1,024	0,210	-0,797	1,000	-16,116
173104,8995	1,021	0,210	-0,796	1,000	-16,151
173104,9085	1,020	0,210	-0,796	1,000	-16,191
173104,9334	1,016	0,210	-0,794	1,000	-16,182
173104,9665	1,009	0,210	-0,792	1,000	-16,270
173104,9829	1,006	0,210	-0,791	1,000	-16,268
173104,9929	1,005	0,210	-0,791	1,000	-16,309
173105,0089	1,002	0,210	-0,790	1,000	-16,280
173105,0247	0,999	0,210	-0,789	1,000	-16,326
173105,0418	0,996	0,210	-0,788	1,000	-16,262
173105,0508	0,995	0,210	-0,788	1,000	-16,320
173105,0667	0,992	0,210	-0,787	1,000	-16,312
173105,0757	0,990	0,210	-0,786	1,000	-16,382
173105,0997	0,986	0,210	-0,785	1,000	-16,358
173105,1338	0,981	0,210	-0,782	1,000	-16,479
173105,1498	0,978	0,210	-0,781	1,000	-16,480
173105,1602	0,976	0,210	-0,781	1,000	-16,491
173105,1751	0,973	0,210	-0,780	1,000	-16,538
173105,1911	0,970	0,211	-0,779	1,000	-16,581
173105,2091	0,967	0,211	-0,778	1,000	-16,574
173105,2180	0,965	0,211	-0,778	1,000	-16,592
173105,2339	0,962	0,211	-0,777	1,000	-16,582
173105,2420	0,961	0,211	-0,777	1,000	-16,650
173105,2669	0,956	0,211	-0,775	1,000	-16,619
173105,2998	0,950	0,211	-0,773	1,000	-16,517
173105,3169	0,947	0,211	-0,772	1,000	-16,600
173105,3249	0,945	0,210	-0,772	1,000	-16,657
173105,3915	0,943	0,210	-0,771	1,000	-16,600
173105,4015	0,940	0,210	-0,770	1,000	-16,566
173105,4125	0,937	0,211	-0,769	1,000	-16,604
173105,4175	0,936	0,211	-0,768	1,000	-16,649
173105,4275	0,933	0,211	-0,767	1,000	-16,624
173105,4332	0,931	0,211	-0,766	1,000	-16,581
173105,4502	0,927	0,211	-0,765	1,000	-16,619
173105,4721	0,921	0,211	-0,763	1,000	-16,692
173105,4841	0,917	0,211	-0,762	1,000	-16,735
173105,4911	0,916	0,211	-0,762	1,000	-16,755
173105,5071	0,913	0,211	-0,760	1,000	-16,680
173105,5240	0,910	0,211	-0,759	1,000	-16,714
173105,5409	0,907	0,211	-0,758	1,000	-16,646
173105,5519	0,905	0,211	-0,758	1,000	-16,671
173105,5708	0,902	0,211	-0,757	1,000	-16,721
173105,5768	0,901	0,211	-0,756	1,000	-16,685
173105,6008	0,896	0,211	-0,755	1,000	-16,802
173105,6347	0,890	0,211	-0,753	1,000	-16,876
173105,6506	0,887	0,211	-0,752	1,000	-16,908
173105,6586	0,886	0,211	-0,751	1,000	-16,922
173105,6756	0,883	0,211	-0,750	1,000	-16,917
173105,6925	0,880	0,211	-0,749	1,000	-16,899
173105,7095	0,877	0,211	-0,748	1,000	-16,965
173105,7175	0,875	0,211	-0,748	1,000	-16,978
173105,7344	0,872	0,211	-0,747	1,000	-16,985
173105,7424	0,870	0,211	-0,746	1,000	-16,984
173105,7673	0,866	0,211	-0,745	1,000	-16,983
173105,8002	0,860	0,211	-0,742	1,000	-16,958
173105,8182	0,857	0,211	-0,741	1,000	-16,962
173105,8252	0,856	0,211	-0,741	1,000	-16,942
173105,8421	0,853	0,211	-0,740	1,000	-16,928
173105,8591	0,850	0,211	-0,739	1,000	-16,920
173105,8770	0,847	0,211	-0,738	1,000	-16,980
173105,8840	0,846	0,211	-0,737	1,000	-16,965
173105,9010	0,843	0,211	-0,736	1,000	-16,987
173105,9089	0,841	0,212	-0,735	1,000	-16,894
173105,9339	0,837	0,212	-0,733	1,000	-16,958
173105,9668	0,831	0,212	-0,731	1,000	-17,004
173105,9837	0,828	0,212	-0,730	1,000	-17,146
173105,9927	0,826	0,212	-0,730	1,000	-17,096
173106,0077	0,823	0,212	-0,729	1,000	-17,062
173106,0246	0,820	0,212	-0,728	1,000	-17,100
173106,0406	0,817	0,212	-0,727	1,000	-17,074
173106,0496	0,816	0,212	-0,727	1,000	-17,152
173106,0665	0,813	0,212	-0,725	1,000	-17,176
173106,0745	0,812	0,212	-0,725	1,000	-17,139
173106,1034	0,807	0,212	-0,723	1,000	-17,181
173106,1463	0,802	0,212	-0,721	1,000	-17,256
173106,1563	0,799	0,212	-0,720	1,000	-17,282
173106,1613	0,797	0,212	-0,720	1,000	-17,251
173106,1752	0,794	0,212	-0,719	1,000	-17,236
173106,1922	0,791	0,212	-0,718	1,000	-17,306
173106,2091	0,788	0,212	-0,717	1,000	-17,287
173106,2171	0,787	0,212	-0,716	1,000	-17,314
173106,2351	0,784	0,212	-0,715	1,000	-17,345
173106,2421	0,782	0,212	-0,715	1,000	-17,317
173106,2670	0,778	0,212	-0,713	1,000	-17,316
173106,3009	0,772	0,212	-0,710	1,000	-17,159
173106,3179	0,769	0,212	-0,709	1,000	-17,174
173106,3268	0,767	0,212	-0,709	1,000	-17,197
173106,3428	0,764	0,212	-0,707	1,000	-17,282
173106,3587	0,762	0,212	-0,706	1,000	-17,264
173106,3757	0,759	0,212	-0,705	1,000	-17,233
173106,3837	0,757	0,212	-0,705	1,000	-17,263
173106,4006	0,754	0,212	-0,704	1,000	-17,341
173106,4086	0,753	0,212	-0,703	1,000	-17,333
173106,4335	0,748	0,212	-0,702	1,000	-17,290
173106,4674	0,742	0,212	-0,700	1,000	-17,346
173106,4824	0,739	0,212	-0,699	1,000	-17,451
173106,4924	0,738	0,212	-0,698	1,000	-17,477
173106,5093	0,735	0,212	-0,697	1,000	-17,453
173106,5233	0,732	0,212	-0,696	1,000	-17,479
173106,5432	0,728	0,212	-0,695	1,000	-17,372
173106,5502	0,727	0,212	-0,695	1,000	-17,354
173106,5672	0,724	0,212	-0,694	1,000	-17,330
173106,5752	0,723	0,212	-0,693	1,000	-17,449
173106,6001	0,718	0,212	-0,691	1,000	-17,453
173106,6330	0,713	0,212	-0,689	1,000	-17,531
173106,6500	0,710	0,212	-0,688	1,000	-17,598
173106,6589	0,708	0,212	-0,687	1,000	-17,544
173106,6749	0,705	0,212	-0,686	1,000	-17,590
173106,6918	0,702	0,212	-0,685	1,000	-17,623
173106,7088	0,699	0,212	-0,684	1,000	-17,622
173106,7168	0,698	0,213	-0,684	1,000	-17,699
173106,7337	0,695	0,213	-0,683	1,000	-17,684
173106,7417	0,693	0,212	-0,682	1,000	-17,691
173106,7976	0,689	0,213	-0,681	1,000	-17,708
173106,8175	0,683	0,212	-0,678	1,000	-17,609
173106,8275	0,680	0,213	-0,677	1,000	-17,631
173106,8325	0,679	0,212	-0,677	1,000	-17,639
173106,8444	0,676	0,213	-0,676	1,000	-17,671
173106,8584	0,673	0,213	-0,675	1,000	-17,699
173106,8754	0,670	0,213	-0,674	1,000	-17,747
173106,8833	0,669	0,213	-0,673	1,000	-17,702
173106,9013	0,666	0,213	-0,672	1,000	-17,756
173106,9083	0,665	0,213	-0,672	1,000	-17,724
173106,9332	0,660	0,213	-0,670	1,000	-17,789
173106,9671	0,654	0,213	-0,668	1,000	-17,757
173106,9841	0,651	0,213	-0,667	1,000	-17,821
173106,9920	0,650	0,213	-0,666	1,000	-17,874
173107,0080	0,646	0,213	-0,665	1,000	-17,948
173107,0250	0,643	0,213	-0,664	1,000	-17,848
173107,0419	0,640	0,213	-0,663	1,000	-17,763
173107,0499	0,639	0,213	-0,662	1,000	-17,810
173107,0668	0,636	0,213	-0,661	1,000	-17,803
173107,0748	0,635	0,213	-0,661	1,000	-17,764
173107,1008	0,630	0,213	-0,659	1,000	-17,899
173107,1337	0,625	0,213	-0,657	1,000	-17,963
173107,1506	0,622	0,213	-0,656	1,000	-17,915
173107,1586	0,620	0,213	-0,655	1,000	-17,999
173107,1756	0,617	0,213	-0,654	1,000	-17,953
173107,1915	0,614	0,213	-0,653	1,000	-17,989
173107,2085	0,612	0,213	-0,652	1,000	-18,061
173107,2174	0,610	0,213	-0,652	1,000	-18,051
173107,2334	0,607	0,213	-0,651	1,000	-18,156
173107,2424	0,605	0,213	-0,650	1,000	-18,107
173107,2673	0,601	0,213	-0,649	1,000	-18,094
173107,3002	0,595	0,213	-0,647	1,000	-17,969
173107,3172	0,592	0,213	-0,645	1,000	-18,054
173107,3252	0,591	0,213	-0,645	1,000	-18,083
173107,3421	0,588	0,213	-0,644	1,000	-18,036
173107,3581	0,585	0,213	-0,642	1,000	-18,032
173107,3760	0,582	0,213	-0,641	1,000	-18,024
173107,3830	0,581	0,213	-0,641	1,000	-18,016
173107,4000	0,578	0,213	-0,640	1,000	-18,127
173107,4089	0,576	0,213	-0,639	1,000	-18,071
173107,4339	0,572	0,213	-0,637	1,000	-18,150
173107,4668	0,566	0,213	-0,635	1,000	-18,124
173107,4827	0,563	0,213	-0,634	1,000	-18,196
173107,4917	0,561	0,213	-0,634	1,000	-18,237
173107,5067	0,558	0,213	-0,632	1,000	-18,219
173107,5236	0,555	0,213	-0,631	1,000	-18,239
173107,5416	0,552	0,213	-0,630	1,000	-18,122
173107,5496	0,550	0,213	-0,630	1,000	-18,150
173107,5665	0,548	0,213	-0,629	1,000	-18,232
173107,5755	0,546	0,213	-0,628	1,000	-18,184
173107,5994	0,542	0,213	-0,627	1,000	-18,189
173107,6333	0,536	0,213	-0,624	1,000	-18,314
173107,6503	0,533	0,213	-0,623	1,000	-18,305
173107,6583	0,532	0,213	-0,623	1,000	-18,355
173107,6752	0,529	0,214	-0,622	1,000	-18,227
173107,6922	0,526	0,214	-0,620	1,000	-18,352
173107,7081	0,523	0,214	-0,619	1,000	-18,346
173107,7161	0,522	0,214	-0,619	1,000	-18,348
173107,7331	0,519	0,214	-0,618	1,000	-18,391
173107,7420	0,517	0,214	-0,617	1,000	-18,395
173107,7670	0,513	0,214	-0,616	1,000	-18,457
173107,7999	0,507	0,214	-0,613	1,000	-18,256
173107,8168	0,504	0,214	-0,612	1,000	-18,251
173107,8248	0,503	0,214	-0,611	1,000	-18,234
173107,8418	0,500	0,214	-0,610	1,000	-18,298
173107,8587	0,497	0,214	-0,609	1,000	-18,247
173107,8747	0,494	0,214	-0,608	1,000	-18,394
173107,8827	0,493	0,214	-0,607	1,000	-18,447
173107,9006	0,490	0,214	-0,606	1,000	-18,366
173107,9086	0,488	0,214	-0,605	1,000	-18,390
173107,9325	0,484	0,214	-0,604	1,000	-18,299
173107,9674	0,478	0,214	-0,602	1,000	-18,457
173107,9834	0,475	0,214	-0,600	1,000	-18,505
173107,9914	0,474	0,214	-0,600	1,000	-18,505
173108,0083	0,470	0,214	-0,599	1,000	-18,656
173108,0301	0,468	0,214	-0,598	1,000	-18,571
173108,0420	0,465	0,214	-0,597	1,000	-18,580
173108,0500	0,463	0,214	-0,596	1,000	-18,475
173108,0670	0,460	0,214	-0,596	1,000	-18,472
173108,0749	0,459	0,214	-0,595	1,000	-18,508
173108,1019	0,454	0,214	-0,594	1,000	-18,563
173108,1328	0,449	0,214	-0,591	1,000	-18,647
173108,1497	0,446	0,214	-0,590	1,000	-18,684
173108,1577	0,445	0,214	-0,589	1,000	-18,762
173108,1747	0,442	0,214	-0,588	1,000	-18,709
173108,1917	0,439	0,214	-0,587	1,000	-18,715
173108,2077	0,436	0,214	-0,586	1,000	-18,777
173108,2167	0,434	0,214	-0,585	1,000	-18,872
173108,2327	0,431	0,214	-0,584	1,000	-18,779
173108,2416	0,430	0,214	-0,584	1,000	-18,879
173108,2666	0,425	0,214	-0,582	1,000	-18,884
173108,3000	0,419	0,214	-0,580	1,000	-18,819
173108,3160	0,416	0,214	-0,579	1,000	-18,731
173108,3250	0,414	0,214	-0,578	1,000	-18,837
173108,3410	0,411	0,214	-0,577	1,000	-18,806
173108,3580	0,409	0,214	-0,576	1,000	-18,842
173108,3750	0,406	0,214	-0,575	1,000	-18,798
173108,3840	0,404	0,214	-0,574	1,000	-18,827
173108,3992	0,401	0,214	-0,573	1,000	-18,891
173108,4081	0,400	0,214	-0,572	1,000	-18,845
173108,4331	0,396	0,214	-0,570	1,000	-18,906
173108,4668	0,389	0,214	-0,569	1,000	-18,825
173108,4836	0,386	0,214	-0,567	1,000	-18,986
173108,4915	0,385	0,214	-0,567	1,000	-19,027
173108,5078	0,381	0,214	-0,566	1,000	-19,056
173108,5234	0,379	0,214	-0,565	1,000	-18,958
173108,5409	0,376	0,214	-0,564	1,000	-18,949
173108,5509	0,374	0,214	-0,563	1,000	-18,939
173108,5668	0,371	0,214	-0,562	1,000	-18,940
173108,5758	0,370	0,214	-0,561	1,000	-18,987
173108,6009	0,365	0,214	-0,560	1,000	-18,986
173108,6334	0,360	0,214	-0,557	1,000	-19,114
173108,6504	0,357	0,214	-0,556	1,000	-19,136
173108,6584	0,355	0,214	-0,556	1,000	-19,098
173108,6853	0,353	0,214	-0,555	1,000	-19,166
173108,6953	0,350	0,214	-0,553	1,000	110,325
173108,7093	0,347	0,214	-0,552	1,000	-19,217
173108,7173	0,345	0,214	-0,552	1,000	-19,207
173108,7338	0,342	0,214	-0,550	1,000	-19,166
173108,7448	0,341	0,214	-0,550	1,000	-19,179
173108,7668	0,336	0,214	-0,548	1,000	-19,270
173108,8000	0,330	0,215	-0,545	1,000	-19,121
173108,8189	0,327	0,215	-0,544	1,000	-19,023
173108,8249	0,326	0,215	-0,543	1,000	-19,005
173108,8419	0,323	0,215	-0,542	1,000	-19,047
173108,8588	0,320	0,214	-0,541	1,000	-19,082
173108,8758	0,317	0,214	-0,539	1,000	-19,061
173108,8838	0,316	0,214	-0,539	1,000	-19,062
173108,9007	0,313	0,214	-0,537	1,000	-19,107
173108,9087	0,311	0,215	-0,537	1,000	-19,133
173108,9336	0,307	0,215	-0,535	1,000	-19,186
173108,9666	0,301	0,215	-0,532	1,000	-19,143
173108,9836	0,298	0,215	-0,531	1,000	-19,284
173108,9926	0,296	0,215	-0,531	1,000	-19,253
173109,0086	0,293	0,215	-0,530	1,000	-19,306
173109,0247	0,290	0,215	-0,529	1,000	-19,274
173109,0437	0,287	0,215	-0,527	1,000	-19,305
173109,0516	0,286	0,215	-0,527	1,000	-19,276
173109,0676	0,283	0,215	-0,526	1,000	-19,160
173109,0756	0,281	0,215	-0,526	1,000	-19,242
173109,1006	0,277	0,215	-0,524	1,000	-19,288
173109,1336	0,271	0,215	-0,521	1,000	-19,312
173109,1505	0,268	0,215	-0,520	1,000	-19,261
173109,1585	0,267	0,215	-0,520	1,000	-19,366
173109,1759	0,264	0,215	-0,518	1,000	-19,372
173109,1918	0,261	0,215	-0,517	1,000	-19,333
173109,2089	0,258	0,215	-0,516	1,000	-19,437
173109,2169	0,257	0,215	-0,515	1,000	-19,394
173109,2338	0,254	0,215	-0,514	1,000	-19,381
173109,2418	0,252	0,215	-0,514	1,000	-19,409
173109,2668	0,248	0,215	-0,512	1,000	-19,472
173109,3027	0,242	0,215	-0,509	1,000	-19,218
173109,3186	0,239	0,215	-0,508	1,000	-19,229
173109,3267	0,237	0,215	-0,507	1,000	-19,233
173109,3423	0,234	0,215	-0,506	1,000	-19,222
173109,3594	0,231	0,215	-0,505	1,000	-19,318
173109,3763	0,229	0,215	-0,503	1,000	-19,292
173109,3833	0,227	0,215	-0,503	1,000	110,663
173109,4004	0,225	0,215	-0,502	1,000	-19,382
173109,4084	0,223	0,215	-0,501	1,000	-19,350
173109,4336	0,219	0,215	-0,499	1,000	-19,438
173109,4672	0,213	0,215	-0,497	1,000	-19,404
173109,4821	0,210	0,215	-0,496	1,000	-19,431
173109,4911	0,209	0,215	-0,495	1,000	-19,543
173109,5070	0,205	0,215	-0,494	1,000	-19,572
173109,5229	0,202	0,215	-0,493	1,000	-19,579
173109,5419	0,200	0,215	-0,492	1,000	-19,516
173109,5499	0,198	0,215	-0,491	1,000	110,860
173109,5669	0,195	0,215	-0,490	1,000	-19,539
173109,5760	0,194	0,215	-0,489	1,000	-19,548
173109,6009	0,190	0,215	-0,488	1,000	-19,510
173109,6328	0,184	0,215	-0,485	1,000	-19,573
173109,6488	0,181	0,215	-0,484	1,000	-19,647
173109,6577	0,180	0,215	-0,483	1,000	-19,632
173109,6740	0,177	0,215	-0,482	1,000	-19,607
173109,6920	0,174	0,215	-0,481	1,000	-19,692
173109,7079	0,171	0,215	-0,480	1,000	-19,633
173109,7169	0,170	0,215	-0,479	1,000	-19,642
173109,7348	0,167	0,215	-0,478	1,000	-19,725
173109,7428	0,165	0,215	-0,478	1,000	-19,732
173109,7689	0,161	0,215	-0,476	1,000	-19,812
173109,7991	0,155	0,215	-0,474	1,000	-19,786
173109,8166	0,152	0,215	-0,472	1,000	-19,662
173109,8240	0,151	0,215	-0,472	1,000	-19,654
173109,8408	0,148	0,215	-0,471	1,000	111,013
173109,8580	0,145	0,215	-0,469	1,000	-19,756
173109,8747	0,142	0,215	-0,468	1,000	-19,734
173109,8837	0,141	0,215	-0,468	1,000	-19,755
173109,9002	0,138	0,215	-0,467	1,000	-19,826
173109,9084	0,137	0,215	-0,466	1,000	-19,777
173109,9334	0,132	0,215	-0,464	1,000	-19,871
173109,9763	0,127	0,215	-0,462	1,000	-19,815
173109,9856	0,124	0,215	-0,461	1,000	-19,810
173109,9926	0,122	0,215	-0,460	1,000	-19,936
173110,0086	0,119	0,215	-0,459	1,000	-19,873
173110,0255	0,117	0,215	-0,458	1,000	-19,923
173110,0425	0,115	0,215	-0,457	1,000	-19,859
173110,0494	0,114	0,215	-0,457	1,000	-19,846
173110,0664	0,111	0,215	-0,456	1,000	-20,033
173110,0764	0,110	0,215	-0,455	1,000	-19,882
173110,0993	0,105	0,216	-0,453	1,000	-19,864
173110,1322	0,100	0,216	-0,451	1,000	111,223
173110,1492	0,097	0,215	-0,450	1,000	-19,844
173110,1582	0,096	0,216	-0,449	1,000	-19,843
173110,1741	0,093	0,216	-0,448	1,000	-19,921
173110,1911	0,090	0,216	-0,446	1,000	-20,052
173110,2081	0,087	0,216	-0,445	1,000	111,302
173110,2161	0,086	0,216	-0,445	1,000	-19,972
173110,2331	0,083	0,215	-0,444	1,000	-20,004
173110,2410	0,081	0,215	-0,443	1,000	-19,906
173110,2660	0,077	0,216	-0,441	1,000	-20,132
173110,2996	0,071	0,216	-0,439	1,000	-20,096
173110,3156	0,068	0,216	-0,438	1,000	-19,975
173110,3247	0,067	0,216	-0,437	1,000	-20,107
173110,3425	0,064	0,216	-0,436	1,000	-20,003
173110,3585	0,061	0,216	-0,435	1,000	-19,962
173110,3755	0,058	0,216	-0,434	1,000	-20,109
173110,3834	0,057	0,216	-0,433	1,000	-20,143
173110,4003	0,054	0,216	-0,432	1,000	111,358
173110,4083	0,053	0,216	-0,431	1,000	-20,073
173110,4342	0,049	0,216	-0,430	1,000	-20,037
173110,4671	0,043	0,216	-0,427	1,000	-20,092
173110,4853	0,040	0,216	-0,426	1,000	-20,242
173110,4913	0,039	0,216	-0,425	1,000	-20,170
173110,5073	0,036	0,216	-0,424	1,000	-20,113
173110,5237	0,033	0,216	-0,423	1,000	-20,348
173110,5407	0,030	0,216	-0,422	1,000	-20,262
173110,5486	0,029	0,216	-0,421	1,000	111,471
173110,5666	0,026	0,216	-0,420	1,000	111,418
173110,5746	0,024	0,216	-0,419	1,000	-20,258
173110,6019	0,020	0,216	-0,418	1,000	-20,053
173110,6329	0,014	0,216	-0,415	1,000	-20,113
173110,6508	0,012	0,216	-0,414	1,000	-20,196
173110,6578	0,010	0,216	-0,413	1,000	-20,156
173110,6751	0,007	0,216	-0,412	1,000	-20,181
173110,6911	0,005	0,216	-0,411	1,000	-20,261
173110,7076	0,002	0,216	-0,410	1,000	-20,351
173110,7166	0,000	0,216	-0,409	1,000	-20,356
173110,7334	-0,003	0,216	-0,408	1,000	-20,341
173110,7414	-0,004	0,216	-0,407	1,000	-20,323
173110,7663	-0,008	0,216	-0,405	1,000	-20,392
173110,8002	-0,014	0,216	-0,403	1,000	-20,382
173110,8162	-0,017	0,216	-0,402	1,000	-20,378
173110,8252	-0,019	0,216	-0,401	1,000	-20,275
173110,8411	-0,022	0,216	-0,399	1,000	-20,254
173110,8582	-0,025	0,216	-0,398	1,000	-20,219
173110,8751	-0,028	0,217	-0,397	1,000	-20,282
173110,8831	-0,029	0,216	-0,396	1,000	-20,339
173110,9000	-0,032	0,217	-0,395	1,000	-20,330
173110,9080	-0,033	0,217	-0,395	1,000	-20,397
173110,9340	-0,037	0,217	-0,393	1,000	-20,408
173110,9669	-0,043	0,217	-0,390	1,000	-20,435
173110,9828	-0,046	0,217	-0,389	1,000	-20,397
173110,9918	-0,047	0,217	-0,388	1,000	-20,430
173111,0078	-0,050	0,217	-0,387	1,000	-20,377
173111,0247	-0,053	0,217	-0,386	1,000	-20,566
173111,0407	-0,057	0,217	-0,385	1,000	-20,561
173111,0496	-0,058	0,217	-0,384	1,000	-20,649
173111,0656	-0,061	0,217	-0,383	1,000	-20,500
173111,0746	-0,063	0,217	-0,382	1,000	-20,610
173111,0995	-0,067	0,217	-0,381	1,000	-20,476
173111,1324	-0,073	0,217	-0,379	1,000	-20,525
173111,1494	-0,076	0,217	-0,378	1,000	-20,664
173111,1574	-0,077	0,217	-0,377	1,000	-20,598
173111,1743	-0,080	0,217	-0,376	1,000	-20,663
173111,1913	-0,083	0,217	-0,375	1,000	-20,684
173111,2082	-0,085	0,217	-0,373	1,000	-20,705
173111,2162	-0,087	0,217	-0,373	1,000	-20,663
173111,2331	-0,090	0,217	-0,371	1,000	-20,805
173111,2411	-0,091	0,217	-0,371	1,000	-20,753
173111,2671	-0,096	0,218	-0,369	1,000	-20,799
173111,3000	-0,102	0,218	-0,366	1,000	-20,780
173111,3159	-0,105	0,218	-0,365	1,000	-20,828
173111,3249	-0,106	0,218	-0,364	1,000	-20,775
173111,3409	-0,109	0,218	-0,363	1,000	-20,808
173111,3578	-0,112	0,218	-0,362	1,000	-20,747
173111,4266	-0,115	0,218	-0,360	1,000	-20,839
173111,4316	-0,116	0,218	-0,360	1,000	-20,703
173111,4416	-0,119	0,218	-0,358	1,000	-20,847
173111,4466	-0,120	0,218	-0,358	1,000	-20,877
173111,4625	-0,124	0,218	-0,356	1,000	-20,885
173111,4845	-0,130	0,218	-0,353	1,000	-20,868
173111,4964	-0,133	0,218	-0,352	1,000	-20,816
173111,5024	-0,135	0,218	-0,352	1,000	-20,918
173111,5124	-0,137	0,218	-0,350	1,000	-20,872
173111,5234	-0,140	0,218	-0,349	1,000	-20,974
173111,5403	-0,143	0,218	-0,348	1,000	-20,976
173111,5503	-0,145	0,218	-0,347	1,000	-20,991
173111,5673	-0,148	0,218	-0,346	1,000	-20,888
173111,5752	-0,149	0,218	-0,346	1,000	-21,002
173111,5992	-0,154	0,218	-0,344	1,000	-20,843
173111,6331	-0,159	0,218	-0,341	1,000	-20,956
173111,6500	-0,162	0,218	-0,340	1,000	-20,971
173111,6580	-0,163	0,218	-0,339	1,000	-20,954
173111,6750	-0,166	0,218	-0,338	1,000	-21,044
173111,6919	-0,169	0,218	-0,337	1,000	-21,088
173111,7079	-0,172	0,218	-0,336	1,000	-21,109
173111,7159	-0,173	0,218	-0,335	1,000	-21,045
173111,7328	-0,176	0,218	-0,334	1,000	-21,157
173111,7418	-0,178	0,218	-0,333	1,000	-21,110
173111,7667	-0,182	0,218	-0,331	1,000	-21,154
173111,7996	-0,188	0,218	-0,329	1,000	-21,209
173111,8166	-0,191	0,218	-0,328	1,000	-21,177
173111,8246	-0,192	0,218	-0,327	1,000	-21,107
173111,8415	-0,195	0,218	-0,325	1,000	-21,052
173111,8635	-0,198	0,219	-0,324	1,000	-21,109
173111,8814	-0,201	0,219	-0,323	1,000	-21,068
173111,8874	-0,202	0,219	-0,322	1,000	-21,128
173111,8994	-0,205	0,219	-0,321	1,000	-21,089
173111,9083	-0,206	0,219	-0,320	1,000	-21,172
173111,9333	-0,210	0,219	-0,318	1,000	-21,189
173111,9682	-0,216	0,219	-0,315	1,000	-21,159
173111,9841	-0,219	0,219	-0,314	1,000	-21,182
173111,9921	-0,220	0,219	-0,314	1,000	-21,181
173112,0081	-0,223	0,219	-0,312	1,000	-21,201
173112,0250	-0,226	0,219	-0,311	1,000	-21,166
173112,0420	-0,229	0,219	-0,310	1,000	-21,240
173112,0500	-0,231	0,219	-0,309	1,000	-21,256
173112,0669	-0,234	0,219	-0,308	1,000	-21,294
173112,0749	-0,235	0,219	-0,308	1,000	-21,256
173112,0998	-0,240	0,219	-0,306	1,000	-21,267
173112,1337	-0,245	0,219	-0,303	1,000	-21,179
173112,1497	-0,248	0,219	-0,302	1,000	-21,228
173112,1577	-0,249	0,219	-0,301	1,000	-21,328
173112,1746	-0,252	0,219	-0,300	1,000	-21,274
173112,1926	-0,255	0,219	-0,299	1,000	-21,392
173112,2075	-0,257	0,219	-0,297	1,000	-21,331
173112,2165	-0,259	0,219	-0,297	1,000	-21,348
173112,2335	-0,261	0,219	-0,295	1,000	-21,328
173112,2425	-0,263	0,219	-0,295	1,000	-21,415
173112,2664	-0,267	0,219	-0,293	1,000	-21,412
173112,3003	-0,272	0,219	-0,290	1,000	-21,442
173112,3163	-0,275	0,219	-0,289	1,000	-21,458
173112,3252	-0,277	0,219	-0,288	1,000	-21,427
173112,3412	-0,280	0,219	-0,287	1,000	-21,418
173112,3581	-0,283	0,219	-0,285	1,000	-21,389
173112,3751	-0,285	0,219	-0,284	1,000	-21,347
173112,3831	-0,287	0,219	-0,283	1,000	-21,411
173112,4000	-0,290	0,219	-0,282	1,000	-21,453
173112,4080	-0,291	0,219	-0,282	1,000	-21,425
173112,4329	-0,295	0,220	-0,280	1,000	-21,477
173112,4669	-0,301	0,219	-0,277	1,000	-21,462
173112,4828	-0,304	0,220	-0,276	1,000	-21,496
173112,4918	-0,305	0,220	-0,275	1,000	-21,473
173112,5087	-0,308	0,220	-0,274	1,000	-21,427
173112,5267	-0,311	0,220	-0,272	1,000	-21,528
173112,5417	-0,314	0,220	-0,271	1,000	-21,546
173112,5506	-0,316	0,220	-0,271	1,000	-21,631
173112,5666	-0,319	0,220	-0,269	1,000	-21,535
173112,5746	-0,320	0,220	-0,269	1,000	-21,572
173112,5995	-0,324	0,220	-0,267	1,000	-21,504
173112,6364	-0,330	0,220	-0,264	1,000	-21,548
173112,6494	-0,333	0,220	-0,263	1,000	-21,554
173112,6583	-0,334	0,220	-0,262	1,000	-21,591
173112,6753	-0,337	0,220	-0,261	1,000	-21,676
173112,6913	-0,340	0,220	-0,260	1,000	-21,636
173112,7082	-0,343	0,220	-0,258	1,000	-21,706
173112,7162	-0,344	0,220	-0,257	1,000	-21,709
173112,7331	-0,347	0,220	-0,256	1,000	-21,762
173112,7411	-0,348	0,220	-0,255	1,000	-21,749
173112,7671	-0,353	0,220	-0,253	1,000	-21,845
173112,8000	-0,359	0,220	-0,251	1,000	-21,881
173112,8159	-0,362	0,220	-0,250	1,000	-21,900
173112,8249	-0,364	0,220	-0,249	1,000	-21,923
173112,8409	-0,367	0,220	-0,248	1,000	-21,844
173112,8588	-0,369	0,220	-0,247	1,000	-21,770
173112,8748	-0,373	0,220	-0,245	1,000	-21,766
173112,8827	-0,374	0,220	-0,245	1,000	-21,818
173112,8997	-0,377	0,220	-0,243	1,000	-21,775
173112,9087	-0,378	0,220	-0,243	1,000	-21,843
173112,9336	-0,382	0,220	-0,241	1,000	-21,826
173112,9665	-0,388	0,220	-0,238	1,000	-21,839
173112,9835	-0,391	0,220	-0,237	1,000	-21,850
173112,9914	-0,393	0,220	-0,236	1,000	-21,814
173113,0084	-0,395	0,220	-0,235	1,000	-21,867
173113,0244	-0,398	0,221	-0,233	1,000	-21,893
173113,0413	-0,402	0,221	-0,232	1,000	-22,007
173113,0493	-0,403	0,221	-0,232	1,000	-21,964
173113,0663	-0,406	0,221	-0,230	1,000	-22,032
173113,0752	-0,408	0,221	-0,230	1,000	-21,948
173113,0992	-0,412	0,221	-0,228	1,000	-21,943
173113,1331	-0,418	0,221	-0,225	1,000	-21,998
173113,1500	-0,420	0,221	-0,224	1,000	-21,980
173113,1590	-0,422	0,221	-0,223	1,000	-22,064
173113,1750	-0,424	0,221	-0,222	1,000	-22,088
173113,1919	-0,427	0,221	-0,221	1,000	-22,112
173113,2079	-0,430	0,221	-0,219	1,000	-22,168
173113,2168	-0,431	0,221	-0,219	1,000	-22,112
173113,2328	-0,434	0,221	-0,217	1,000	-22,125
173113,2408	-0,435	0,221	-0,217	1,000	-22,137
173113,2667	-0,440	0,221	-0,215	1,000	-22,139
173113,2996	-0,446	0,221	-0,213	1,000	-22,325
173113,3166	-0,449	0,221	-0,211	1,000	-22,331
173113,3246	-0,450	0,221	-0,211	1,000	-22,255
173113,3415	-0,453	0,221	-0,209	1,000	-22,269
173113,3585	-0,456	0,221	-0,208	1,000	-22,152
173113,3744	-0,459	0,221	-0,207	1,000	-22,140
173113,3834	-0,460	0,221	-0,206	1,000	-22,276
173113,3994	-0,463	0,221	-0,205	1,000	-22,269
173113,4083	-0,464	0,221	-0,204	1,000	-22,231
173113,4333	-0,468	0,221	-0,202	1,000	-22,255
173113,4670	-0,474	0,221	-0,199	1,000	-22,236
173113,4819	-0,477	0,221	-0,198	1,000	-22,316
173113,4909	-0,478	0,221	-0,197	1,000	-22,268
173113,5069	-0,481	0,221	-0,196	1,000	-22,351
173113,5238	-0,484	0,221	-0,195	1,000	-22,289
173113,5410	-0,487	0,221	-0,194	1,000	-22,413
173113,5490	-0,488	0,221	-0,193	1,000	-22,333
173113,5671	-0,491	0,221	-0,192	1,000	-22,497
173113,5750	-0,492	0,221	-0,191	1,000	-22,464
173113,6000	-0,497	0,221	-0,189	1,000	-22,440
173113,6349	-0,502	0,221	-0,187	1,000	-22,467
173113,6498	-0,505	0,221	-0,186	1,000	-22,463
173113,6598	-0,506	0,221	-0,185	1,000	-22,453
173113,6758	-0,509	0,221	-0,184	1,000	-22,574
173113,6920	-0,512	0,221	-0,182	1,000	-22,536
173113,7080	-0,514	0,221	-0,181	1,000	-22,578
173113,7170	-0,516	0,222	-0,180	1,000	-22,633
173113,7330	-0,519	0,221	-0,179	1,000	-22,669
173113,7409	-0,520	0,221	-0,179	1,000	-22,613
173113,7669	-0,524	0,222	-0,177	1,000	-22,663
173113,8158	-0,530	0,221	-0,174	1,000	-22,735
173113,8277	-0,533	0,221	-0,173	1,000	-22,870
173113,8338	-0,534	0,222	-0,172	1,000	-22,696
173113,8457	-0,537	0,222	-0,171	1,000	-22,628
173113,8587	-0,540	0,222	-0,169	1,000	-22,698
173113,8756	-0,543	0,222	-0,167	1,000	-22,515
173113,8826	-0,544	0,222	-0,167	1,000	-22,506
173113,9001	-0,547	0,222	-0,165	1,000	-22,621
173113,9080	-0,549	0,222	-0,165	1,000	-22,623
173113,9331	-0,553	0,222	-0,163	1,000	-22,621
173113,9674	-0,558	0,222	-0,160	1,000	-22,663
173113,9834	-0,561	0,222	-0,159	1,000	-22,743
173113,9914	-0,562	0,222	-0,158	1,000	-22,734
173114,0083	-0,565	0,222	-0,157	1,000	-22,662
173114,0243	-0,568	0,222	-0,155	1,000	-22,648
173114,0413	-0,571	0,222	-0,154	1,000	-22,727
173114,0493	-0,573	0,222	-0,153	1,000	-22,780
173114,0662	-0,576	0,222	-0,152	1,000	-22,860
173114,0752	-0,577	0,222	-0,151	1,000	-22,894
173114,1002	-0,581	0,222	-0,149	1,000	-22,721
173114,1331	-0,587	0,222	-0,147	1,000	-22,675
173114,1491	-0,590	0,222	-0,145	1,000	-22,758
173114,1580	-0,591	0,222	-0,145	1,000	-22,719
173114,1750	-0,594	0,222	-0,143	1,000	-22,761
173114,1909	-0,597	0,222	-0,142	1,000	-22,851
173114,2079	-0,599	0,222	-0,140	1,000	-22,939
173114,2159	-0,601	0,222	-0,140	1,000	-22,809
173114,2329	-0,603	0,222	-0,138	1,000	-22,973
173114,2418	-0,605	0,222	-0,137	1,000	-22,962
173114,2668	-0,609	0,222	-0,135	1,000	-22,970
173114,2997	-0,615	0,222	-0,133	1,000	-23,083
173114,3166	-0,618	0,222	-0,131	1,000	-23,088
173114,3246	-0,620	0,222	-0,131	1,000	-23,144
173114,3415	-0,622	0,222	-0,129	1,000	-23,058
173114,3575	-0,625	0,222	-0,128	1,000	-23,091
173114,3764	-0,628	0,222	-0,126	1,000	-22,963
173114,3828	-0,630	0,222	-0,126	1,000	-23,055
173114,3997	-0,633	0,222	-0,124	1,000	-23,086
173114,4087	-0,634	0,222	-0,124	1,000	-23,085
173114,4330	-0,638	0,222	-0,122	1,000	-23,142
173114,4664	-0,643	0,222	-0,119	1,000	-23,163
173114,4825	-0,646	0,222	-0,118	1,000	-23,105
173114,4904	-0,648	0,222	-0,117	1,000	-23,152
173114,5064	-0,651	0,222	-0,116	1,000	-23,077
173114,5233	-0,653	0,222	-0,114	1,000	-23,017
173114,5403	-0,656	0,222	-0,113	1,000	-23,177
173114,5493	-0,658	0,222	-0,112	1,000	-23,107
173114,5665	-0,661	0,222	-0,111	1,000	-23,186
173114,5744	-0,662	0,222	-0,110	1,000	-23,193
173114,5994	-0,667	0,222	-0,108	1,000	-23,135
173114,6333	-0,672	0,222	-0,106	1,000	-23,107
173114,6502	-0,675	0,222	-0,104	1,000	-23,159
173114,6585	-0,676	0,222	-0,104	1,000	-23,215
173114,6748	-0,679	0,222	-0,102	1,000	-23,151
173114,6917	-0,682	0,222	-0,101	1,000	-23,235
173114,7077	-0,685	0,222	-0,099	1,000	-23,271
173114,7167	-0,686	0,222	-0,099	1,000	-23,334
173114,7327	-0,689	0,223	-0,097	1,000	-23,292
173114,7416	-0,690	0,222	-0,097	1,000	-23,330
173114,7655	-0,695	0,223	-0,095	1,000	-23,363
173114,7992	-0,700	0,222	-0,093	1,000	-23,367
173114,8152	-0,703	0,223	-0,091	1,000	-23,481
173114,8241	-0,705	0,223	-0,090	1,000	-23,439
173114,8411	-0,707	0,223	-0,089	1,000	-23,460
173114,8592	-0,710	0,223	-0,088	1,000	-23,445
173114,8741	-0,713	0,223	-0,086	1,000	-23,364
173114,8821	-0,715	0,223	-0,085	1,000	-23,355
173114,8990	-0,717	0,223	-0,084	1,000	-23,325
173114,9080	-0,719	0,223	-0,083	1,000	-23,424
173114,9331	-0,723	0,222	-0,081	1,000	-23,428
173114,9670	-0,728	0,222	-0,079	1,000	-23,401
173114,9839	-0,731	0,223	-0,077	1,000	-23,461
173114,9919	-0,732	0,223	-0,076	1,000	-23,432
173115,0109	-0,735	0,223	-0,075	1,000	-23,431
173115,0248	-0,738	0,223	-0,074	1,000	-23,318
173115,0418	-0,741	0,223	-0,072	1,000	-23,454
173115,0498	-0,742	0,223	-0,072	1,000	-23,458
173115,0709	-0,745	0,223	-0,070	1,000	-23,437
173115,0758	-0,747	0,223	-0,070	1,000	-23,525
173115,0999	-0,751	0,223	-0,068	1,000	-23,489
173115,1328	-0,757	0,223	-0,065	1,000	-23,517
173115,1497	-0,760	0,223	-0,064	1,000	-23,513
173115,1586	-0,761	0,223	-0,063	1,000	-23,528
173115,1758	-0,764	0,223	-0,062	1,000	-23,540
173115,1917	-0,767	0,223	-0,060	1,000	-23,455
173115,2087	-0,770	0,223	-0,059	1,000	-23,565
173115,2177	-0,771	0,223	-0,058	1,000	-23,588
173115,2337	-0,774	0,223	-0,057	1,000	-23,641
173115,2426	-0,775	0,223	-0,056	1,000	-23,653
173115,2666	-0,779	0,223	-0,054	1,000	-23,658
173115,3000	-0,785	0,223	-0,051	1,000	-23,708
173115,3179	-0,788	0,223	-0,050	1,000	-23,746
173115,3249	-0,789	0,223	-0,049	1,000	-23,748
173115,3409	-0,792	0,223	-0,048	1,000	-23,765
173115,3578	-0,795	0,223	-0,046	1,000	-23,720
173115,3748	-0,798	0,223	-0,045	1,000	-23,652
173115,3837	-0,799	0,223	-0,044	1,000	-23,546
173115,4007	-0,802	0,223	-0,043	1,000	-23,533
173115,4097	-0,803	0,223	-0,042	1,000	-23,550
173115,4326	-0,807	0,223	-0,040	1,000	-23,600
173115,4665	-0,811	0,223	-0,038	1,000	-23,560
173115,4836	-0,812	0,223	-0,037	1,000	-23,569
173115,4916	-0,812	0,223	-0,037	1,000	-23,539
173115,5076	-0,812	0,223	-0,036	1,000	-23,506
173115,5235	-0,812	0,223	-0,036	1,000	-23,477
173115,5395	-0,812	0,223	-0,037	1,000	-23,458
173115,5475	-0,812	0,223	-0,037	1,000	-23,432
173115,5655	-0,812	0,223	-0,037	1,000	-23,306
173115,5744	-0,811	0,223	-0,037	1,000	-23,284
173115,6000	-0,811	0,223	-0,037	1,000	-23,256
173115,6329	-0,811	0,223	-0,037	1,000	-23,274
173115,6499	-0,811	0,223	-0,037	1,000	-23,276
173115,6589	-0,811	0,223	-0,037	1,000	-23,289
173115,6748	-0,811	0,223	-0,037	1,000	-23,321
173115,6918	-0,811	0,223	-0,037	1,000	-23,343
173115,7117	-0,811	0,223	-0,037	1,000	-23,365
173115,7247	-0,811	0,223	-0,037	1,000	-23,370
173115,7347	-0,811	0,223	-0,037	1,000	-23,381
173115,7417	-0,812	0,223	-0,037	1,000	-23,449
173115,7668	-0,811	0,223	-0,037	1,000	-23,382
173115,8001	-0,811	0,223	-0,037	1,000	-23,370
173115,8164	-0,812	0,223	-0,037	1,000	-23,439
173115,8244	-0,812	0,223	-0,037	1,000	-23,433
173115,8414	-0,811	0,223	-0,037	1,000	-23,384
173115,8583	-0,812	0,223	-0,037	1,000	-23,443
173115,8743	-0,812	0,223	-0,037	1,000	-23,381
173115,8821	-0,812	0,223	-0,037	1,000	-23,374
173115,8987	-0,812	0,223	-0,037	1,000	-23,436
173115,9076	-0,812	0,223	-0,037	1,000	-23,436
173115,9325	-0,811	0,223	-0,037	1,000	-23,378
173115,9664	-0,811	0,223	-0,037	1,000	-23,376
173115,9824	-0,812	0,223	-0,037	1,000	-23,380
173115,9913	-0,811	0,223	-0,037	1,000	-23,375
173116,0083	-0,811	0,223	-0,037	1,000	-23,378
173116,0252	-0,812	0,223	-0,037	1,000	-23,386
173116,0412	-0,812	0,223	-0,037	1,000	-23,440
173116,0492	-0,811	0,223	-0,037	1,000	-23,381
173116,0651	-0,811	0,223	-0,037	1,000	-23,385
173116,0741	-0,812	0,223	-0,037	1,000	-23,379
173116,0990	-0,812	0,223	-0,037	1,000	-23,380
173116,1340	-0,812	0,223	-0,037	1,000	-23,378
173116,1489	-0,812	0,223	-0,037	1,000	-23,376
173116,1579	-0,812	0,223	-0,037	1,000	-23,384
173116,1738	-0,811	0,223	-0,037	1,000	-23,377
173116,1908	-0,812	0,223	-0,037	1,000	-23,438
173116,2078	-0,812	0,223	-0,037	1,000	-23,439
173116,2157	-0,812	0,223	-0,037	1,000	-23,436
173116,2317	-0,812	0,223	-0,037	1,000	-23,372
173116,2407	-0,812	0,223	-0,037	1,000	-23,444
173116,2656	-0,812	0,223	-0,037	1,000	-23,451
173116,2985	-0,812	0,223	-0,037	1,000	-23,386
173116,3155	-0,812	0,223	-0,037	1,000	-23,448
173116,3244	-0,812	0,223	-0,037	1,000	-23,442
173116,3414	-0,812	0,223	-0,037	1,000	-23,443
173116,3584	-0,812	0,223	-0,037	1,000	-23,379
173116,3743	-0,812	0,223	-0,037	1,000	-23,445
173116,3833	-0,812	0,223	-0,037	1,000	-23,445
173116,4002	-0,812	0,223	-0,037	1,000	-23,379
173116,4082	-0,812	0,223	-0,037	1,000	-23,440
173116,4332	-0,812	0,223	-0,037	1,000	-23,440
173116,4661	-0,812	0,223	-0,037	1,000	-23,383
173116,4820	-0,812	0,223	-0,037	1,000	-23,445
173116,4900	-0,812	0,223	-0,037	1,000	-23,382
173116,5060	-0,812	0,223	-0,037	1,000	-23,434
173116,5229	-0,812	0,223	-0,037	1,000	-23,437
173116,5409	-0,812	0,223	-0,037	1,000	-23,382
173116,5488	-0,812	0,223	-0,037	1,000	-23,378
173116,5658	-0,812	0,223	-0,037	1,000	-23,444
173116,5738	-0,812	0,223	-0,037	1,000	-23,438
173116,5987	-0,811	0,223	-0,037	1,000	-23,381
173116,6326	-0,812	0,223	-0,037	1,000	-23,384
173116,6496	-0,811	0,223	-0,037	1,000	-23,382
173116,6576	-0,812	0,223	-0,037	1,000	-23,378
173116,6745	-0,812	0,223	-0,037	1,000	-23,376
173116,6915	-0,812	0,223	-0,037	1,000	-23,443
173116,7074	-0,812	0,223	-0,037	1,000	-23,442
173116,7164	-0,812	0,223	-0,037	1,000	-23,439
173116,7324	-0,812	0,223	-0,037	1,000	-23,373
173116,7413	-0,812	0,223	-0,037	1,000	-23,379
173116,7663	-0,812	0,223	-0,037	1,000	-23,383
173116,8002	-0,812	0,223	-0,037	1,000	-23,441
173116,8161	-0,812	0,223	-0,037	1,000	-23,379
173116,8251	-0,812	0,223	-0,037	1,000	-23,440
173116,8411	-0,812	0,223	-0,037	1,000	-23,437
173116,8590	-0,812	0,223	-0,037	1,000	-23,440
173116,8740	-0,812	0,223	-0,037	1,000	-23,444
173116,8830	-0,812	0,223	-0,037	1,000	-23,381
173116,8989	-0,812	0,223	-0,037	1,000	-23,441
173116,9079	-0,812	0,223	-0,037	1,000	-23,380
173116,9328	-0,812	0,223	-0,037	1,000	-23,378
173116,9667	-0,812	0,223	-0,037	1,000	-23,388
173116,9917	-0,812	0,223	-0,037	1,000	-23,439
173116,9966	-0,812	0,223	-0,037	1,000	-23,372
173117,0106	-0,812	0,223	-0,037	1,000	-23,381
173117,0246	-0,812	0,223	-0,037	1,000	-23,381
173117,0415	-0,812	0,223	-0,037	1,000	-23,444
173117,0495	-0,812	0,223	-0,037	1,000	-23,437
173117,0665	-0,812	0,223	-0,037	1,000	-23,448
173117,0744	-0,812	0,223	-0,037	1,000	-23,442
173117,1004	-0,812	0,223	-0,037	1,000	-23,442
173117,1333	-0,812	0,223	-0,037	1,000	-23,445
173117,1502	-0,812	0,223	-0,037	1,000	-23,446
173117,1592	-0,812	0,223	-0,037	1,000	-23,385
173117,1742	-0,812	0,223	-0,037	1,000	-23,439
173117,1911	-0,812	0,223	-0,037	1,000	-23,383
173117,2081	-0,812	0,223	-0,037	1,000	-23,443
173117,2161	-0,812	0,223	-0,037	1,000	-23,445
173117,2330	-0,812	0,223	-0,037	1,000	-23,440
173117,2440	-0,812	0,223	-0,037	1,000	-23,378
173117,2659	-0,812	0,223	-0,037	1,000	-23,379
173117,2998	-0,812	0,223	-0,037	1,000	-23,445
173117,3238	-0,812	0,223	-0,037	1,000	-23,381
173117,3327	-0,812	0,223	-0,037	1,000	-23,436
173117,3497	-0,812	0,223	-0,037	1,000	-23,379
173117,3657	-0,812	0,223	-0,037	1,000	-23,445
173117,3826	-0,812	0,223	-0,037	1,000	-23,379
173117,3916	-0,812	0,223	-0,037	1,000	-23,446
173117,4095	-0,812	0,223	-0,037	1,000	-23,385
173117,4155	-0,812	0,223	-0,037	1,000	-23,438
173117,4405	-0,812	0,223	-0,037	1,000	-23,382
173117,4744	-0,812	0,223	-0,037	1,000	-23,377
173117,4983	-0,812	0,223	-0,037	1,000	-23,443
173117,5063	-0,812	0,223	-0,037	1,000	-23,447
173117,5242	-0,812	0,223	-0,037	1,000	-23,376
173117,5402	-0,812	0,223	-0,037	1,000	-23,387
173117,5581	-0,812	0,223	-0,037	1,000	-23,451
173117,5671	-0,812	0,223	-0,037	1,000	-23,446
173117,5831	-0,812	0,223	-0,037	1,000	-23,374
173117,5911	-0,812	0,223	-0,037	1,000	-23,448
173117,6170	-0,812	0,223	-0,037	1,000	-23,440
173117,6499	-0,812	0,223	-0,037	1,000	-23,385
173117,6748	-0,812	0,223	-0,037	1,000	-23,443
173117,6828	-0,812	0,223	-0,037	1,000	-23,384
173117,6998	-0,812	0,223	-0,037	1,000	-23,382
173117,7157	-0,812	0,223	-0,037	1,000	-23,443
173117,7327	-0,812	0,223	-0,037	1,000	-23,387
173117,7417	-0,812	0,223	-0,037	1,000	-23,440
173117,7566	-0,812	0,223	-0,037	1,000	-23,384
173117,7656	-0,812	0,223	-0,037	1,000	-23,442
173117,7905	-0,812	0,223	-0,037	1,000	-23,379
173117,8244	-0,812	0,223	-0,037	1,000	-23,390
173117,8494	-0,812	0,223	-0,037	1,000	-23,452
173117,8583	-0,812	0,223	-0,037	1,000	-23,440
173117,8753	-0,812	0,223	-0,037	1,000	-23,388
173117,8903	-0,812	0,223	-0,037	1,000	-23,383
173117,9072	-0,812	0,223	-0,037	1,000	-23,383
173117,9152	-0,812	0,223	-0,037	1,000	-23,383
173117,9321	-0,812	0,223	-0,037	1,000	-23,445
173117,9401	-0,812	0,223	-0,037	1,000	-23,441
173117,9651	-0,812	0,223	-0,037	1,000	-23,379
173118,0000	-0,812	0,223	-0,037	1,000	-23,435
173118,0259	-0,812	0,223	-0,037	1,000	-23,439
173118,0329	-0,812	0,223	-0,037	1,000	-23,385
173118,0498	-0,812	0,223	-0,037	1,000	-23,383
173118,0648	-0,812	0,223	-0,037	1,000	-23,381
173118,1964	-0,812	0,223	-0,037	1,000	-23,457
173118,2014	-0,812	0,223	-0,037	1,000	-23,442
173118,2114	-0,812	0,223	-0,037	1,000	-23,442
173118,2164	-0,812	0,223	-0,037	1,000	-23,436
173118,2313	-0,812	0,223	-0,037	1,000	-23,449
173118,2533	-0,812	0,223	-0,037	1,000	-23,385
173118,2692	-0,812	0,223	-0,037	1,000	-23,377
173118,2742	-0,812	0,223	-0,037	1,000	-23,448
173118,3361	-0,812	0,223	-0,037	1,000	-23,380
173118,3460	-0,812	0,223	-0,037	1,000	-23,381
173118,3560	-0,812	0,223	-0,037	1,000	-23,444
173118,3610	-0,812	0,223	-0,037	1,000	-23,444
173118,3710	-0,812	0,223	-0,037	1,000	-23,387
173118,3760	-0,812	0,223	-0,037	1,000	-23,381
173118,3909	-0,812	0,223	-0,037	1,000	-23,444
173118,4109	-0,812	0,223	-0,037	1,000	-23,389
173118,4807	-0,812	0,223	-0,037	1,000	-23,453
173118,4867	-0,812	0,223	-0,037	1,000	-23,440
173118,4977	-0,812	0,223	-0,037	1,000	-23,383
173118,5084	-0,812	0,223	-0,037	1,000	-23,386
173118,5192	-0,812	0,223	-0,037	1,000	-23,446
173118,5243	-0,812	0,223	-0,037	1,000	-23,390
173118,5352	-0,812	0,223	-0,037	1,000	-23,386
173118,5402	-0,812	0,223	-0,037	1,000	-23,382
173118,5561	-0,812	0,223	-0,037	1,000	-23,379
173118,6317	-0,812	0,223	-0,037	1,000	-23,446
173118,6477	-0,812	0,223	-0,037	1,000	-23,446
173118,6536	-0,812	0,223	-0,037	1,000	-23,378
173118,6645	-0,812	0,223	-0,037	1,000	-23,388
173118,6765	-0,812	0,223	-0,037	1,000	-23,442
173118,6875	-0,812	0,223	-0,037	1,000	-23,384
173118,6935	-0,812	0,223	-0,037	1,000	-23,380
173118,7045	-0,812	0,223	-0,037	1,000	-23,455
173118,7105	-0,812	0,223	-0,037	1,000	-23,384
173118,7254	-0,812	0,223	-0,037	1,000	-23,442
173118,8044	-0,812	0,223	-0,037	1,000	-23,444
173118,8194	-0,812	0,223	-0,037	1,000	-23,376
173118,8244	-0,812	0,223	-0,037	1,000	-23,451
173118,8344	-0,812	0,223	-0,037	1,000	-23,441
173118,8435	-0,812	0,223	-0,037	1,000	-23,383
173118,8544	-0,812	0,223	-0,037	1,000	-23,383
173118,8594	-0,812	0,223	-0,037	1,000	-23,380
173118,8686	-0,812	0,223	-0,037	1,000	-23,373
173118,8736	-0,812	0,223	-0,037	1,000	-23,382
173118,9455	-0,812	0,223	-0,037	1,000	-23,445
173118,9674	-0,812	0,223	-0,037	1,000	-23,445
173118,9834	-0,812	0,223	-0,037	1,000	-23,382
173118,9884	-0,812	0,223	-0,037	1,000	-23,386
173118,9994	-0,812	0,223	-0,037	1,000	-23,447
173119,0088	-0,812	0,223	-0,037	1,000	-23,384
173119,0203	-0,812	0,223	-0,037	1,000	-23,448
173119,0258	-0,812	0,223	-0,037	1,000	-23,455
173119,0358	-0,812	0,223	-0,037	1,000	-23,444
173119,0408	-0,812	0,223	-0,037	1,000	-23,378
173119,1189	-0,812	0,223	-0,037	1,000	-23,386
173119,1408	-0,812	0,223	-0,037	1,000	-23,381
173119,1568	-0,812	0,223	-0,037	1,000	-23,387
173119,1618	-0,812	0,223	-0,037	1,000	-23,389
173119,1727	-0,812	0,223	-0,037	1,000	-23,448
173119,1847	-0,812	0,223	-0,037	1,000	-23,443
173119,2597	-0,812	0,223	-0,037	1,000	-23,445
173119,2647	-0,812	0,223	-0,037	1,000	-23,438
173119,2747	-0,812	0,223	-0,037	1,000	-23,443
173119,2797	-0,812	0,223	-0,037	1,000	-23,446
173119,2960	-0,812	0,223	-0,037	1,000	-23,448
173119,3168	-0,812	0,223	-0,037	1,000	-23,382
173119,3340	-0,812	0,223	-0,037	1,000	-23,384
173119,3390	-0,812	0,223	-0,037	1,000	-23,447
173119,3489	-0,812	0,223	-0,037	1,000	-23,386
173119,3589	-0,812	0,223	-0,037	1,000	-23,446
173119,4292	-0,812	0,223	-0,037	1,000	-23,381
173119,4338	-0,812	0,223	-0,037	1,000	-23,389
173119,4459	-0,812	0,223	-0,037	1,000	-23,384
173119,4508	-0,812	0,223	-0,037	1,000	-23,384
173119,4669	-0,812	0,223	-0,037	1,000	-23,435
173119,4908	-0,812	0,223	-0,037	1,000	-23,386
173119,5077	-0,812	0,223	-0,037	1,000	-23,449
173119,5126	-0,812	0,223	-0,037	1,000	-23,388
173119,5239	-0,812	0,223	-0,037	1,000	-23,385
173119,5349	-0,812	0,223	-0,037	1,000	-23,444
173119,5449	-0,812	0,223	-0,037	1,000	-23,452
173119,5516	-0,812	0,223	-0,037	1,000	-23,383
173119,5618	-0,812	0,223	-0,037	1,000	-23,386
173119,5667	-0,812	0,223	-0,037	1,000	-23,385
173119,5825	-0,812	0,223	-0,037	1,000	-23,444
173119,6045	-0,812	0,223	-0,037	1,000	-23,383
173119,6214	-0,812	0,223	-0,037	1,000	-23,379
173119,6274	-0,812	0,223	-0,037	1,000	-23,385
173119,7319	-0,812	0,223	-0,037	1,000	-23,385
173119,7419	-0,812	0,223	-0,037	1,000	-23,385
173119,7530	-0,812	0,223	-0,037	1,000	-23,451
173119,7581	-0,812	0,223	-0,037	1,000	-23,381
173119,7680	-0,812	0,223	-0,037	1,000	-23,382
173119,7732	-0,812	0,223	-0,037	1,000	-23,451
173119,7902	-0,812	0,223	-0,037	1,000	-23,446
173119,8122	-0,812	0,223	-0,037	1,000	-23,384
173119,8293	-0,812	0,223	-0,037	1,000	-23,384
173119,8338	-0,812	0,223	-0,037	1,000	-23,449
173119,8439	-0,812	0,223	-0,037	1,000	-23,381
173119,8549	-0,812	0,223	-0,037	1,000	-23,442
173119,8648	-0,812	0,223	-0,037	1,000	-23,382
173119,8708	-0,812	0,223	-0,037	1,000	-23,441
173119,8828	-0,812	0,223	-0,037	1,000	-23,447
173119,8888	-0,812	0,223	-0,037	1,000	-23,383
173119,9035	-0,812	0,223	-0,037	1,000	-23,388
173119,9256	-0,812	0,223	-0,037	1,000	-23,449
173119,9486	-0,812	0,223	-0,037	1,000	-23,385
173119,9576	-0,812	0,223	-0,037	1,000	-23,440
173119,9748	-0,812	0,223	-0,037	1,000	-23,385
173119,9912	-0,812	0,223	-0,037	1,000	-23,448
173120,0092	-0,812	0,223	-0,037	1,000	-23,450
173120,0171	-0,812	0,223	-0,037	1,000	-23,437
173120,0332	-0,812	0,223	-0,037	1,000	-23,450
173120,0422	-0,812	0,223	-0,037	1,000	-23,451
173120,0671	-0,812	0,223	-0,037	1,000	-23,384
173120,0991	-0,812	0,223	-0,037	1,000	-23,448
173120,1251	-0,812	0,223	-0,037	1,000	-23,387
173120,1331	-0,812	0,223	-0,037	1,000	-23,445
173120,1501	-0,812	0,223	-0,037	1,000	-23,453
173120,1661	-0,812	0,223	-0,037	1,000	-23,379
173120,1831	-0,812	0,223	-0,037	1,000	-23,385
173120,1910	-0,812	0,223	-0,037	1,000	-23,385
173120,2081	-0,812	0,223	-0,037	1,000	-23,386
173120,2160	-0,812	0,223	-0,037	1,000	-23,387
173120,2410	-0,812	0,223	-0,037	1,000	-23,378
173120,2750	-0,812	0,223	-0,037	1,000	-23,381
173120,3000	-0,812	0,223	-0,037	1,000	-23,454
173120,3080	-0,812	0,223	-0,037	1,000	-23,435
173120,3250	-0,812	0,223	-0,037	1,000	-23,443
173120,3410	-0,812	0,223	-0,037	1,000	-23,451
173120,3588	-0,812	0,223	-0,037	1,000	-23,444
173120,3658	-0,812	0,223	-0,037	1,000	-23,444
173120,3828	-0,812	0,223	-0,037	1,000	-23,451
173120,3918	-0,812	0,223	-0,037	1,000	-23,447
173120,4187	-0,812	0,223	-0,037	1,000	-23,454
173120,4496	-0,812	0,223	-0,037	1,000	-23,449
173120,4746	-0,812	0,223	-0,037	1,000	-23,391
173120,4835	-0,812	0,223	-0,037	1,000	-23,443
173120,4985	-0,812	0,223	-0,037	1,000	-23,447
173120,5153	-0,812	0,223	-0,037	1,000	-23,383
173120,5313	-0,812	0,223	-0,037	1,000	-23,448
173120,5397	-0,812	0,223	-0,037	1,000	-23,386
173120,5587	-0,812	0,223	-0,037	1,000	-23,384
173120,5667	-0,812	0,223	-0,037	1,000	-23,382
173120,5908	-0,812	0,223	-0,037	1,000	-23,437
173120,6257	-0,812	0,223	-0,037	1,000	-23,456
173120,6586	-0,812	0,223	-0,037	1,000	-23,448
173120,6646	-0,812	0,223	-0,037	1,000	-23,451
173120,6756	-0,812	0,223	-0,037	1,000	-23,451
173120,6913	-0,812	0,223	-0,037	1,000	-23,382
173120,7082	-0,812	0,223	-0,037	1,000	-23,377
173120,7158	-0,812	0,223	-0,037	1,000	-23,453
173120,7328	-0,812	0,223	-0,037	1,000	-23,393
173120,7422	-0,812	0,223	-0,037	1,000	-23,382
173120,7671	-0,812	0,223	-0,037	1,000	-23,388
173120,7994	-0,812	0,223	-0,037	1,000	-23,380
173120,8277	-0,812	0,223	-0,037	1,000	-23,386
173120,8337	-0,812	0,223	-0,037	1,000	-23,391
173120,8497	-0,812	0,223	-0,037	1,000	-23,385
173120,8667	-0,812	0,223	-0,037	1,000	-23,443
173120,8836	-0,812	0,223	-0,037	1,000	-23,449
173120,8916	-0,812	0,223	-0,037	1,000	-23,384
173120,9086	-0,812	0,223	-0,037	1,000	-23,387
173120,9156	-0,812	0,223	-0,037	1,000	-23,383
173120,9415	-0,812	0,223	-0,037	1,000	-23,451
173120,9742	-0,812	0,223	-0,037	1,000	-23,453
173121,0002	-0,812	0,223	-0,037	1,000	-23,451
173121,0081	-0,812	0,223	-0,037	1,000	-23,386
173121,0241	-0,812	0,223	-0,037	1,000	-23,390
173121,0411	-0,812	0,223	-0,037	1,000	-23,388
173121,0581	-0,812	0,223	-0,037	1,000	-23,443
173121,0661	-0,812	0,223	-0,037	1,000	-23,444
173121,0831	-0,812	0,223	-0,037	1,000	-23,447
173121,0921	-0,812	0,223	-0,037	1,000	-23,442
173121,1160	-0,812	0,223	-0,037	1,000	-23,451
173121,1490	-0,812	0,223	-0,037	1,000	-23,444
173121,1739	-0,812	0,223	-0,037	1,000	-23,386
173121,1829	-0,812	0,223	-0,037	1,000	-23,384
173121,2002	-0,812	0,223	-0,037	1,000	-23,385
173121,2152	-0,812	0,223	-0,037	1,000	-23,441
173121,2321	-0,812	0,223	-0,037	1,000	-23,381
173121,2401	-0,812	0,223	-0,037	1,000	-23,386
173121,2571	-0,812	0,223	-0,037	1,000	-23,444
173121,2650	-0,812	0,223	-0,037	1,000	-23,450
173121,2900	-0,812	0,223	-0,037	1,000	-23,384
173121,3289	-0,812	0,223	-0,037	1,000	-23,447
173121,3488	-0,812	0,223	-0,037	1,000	-23,386
173121,3568	-0,812	0,223	-0,037	1,000	-23,445
173121,3737	-0,812	0,223	-0,037	1,000	-23,452
173121,3897	-0,812	0,223	-0,037	1,000	-23,388
173121,4067	-0,812	0,223	-0,037	1,000	-23,440
173121,4156	-0,812	0,223	-0,037	1,000	-23,381
173121,4326	-0,812	0,223	-0,037	1,000	-23,454
173121,4426	-0,812	0,223	-0,037	1,000	-23,381
173121,4825	-0,812	0,223	-0,037	1,000	-23,452
173121,5074	-0,812	0,223	-0,037	1,000	-23,446
173121,5233	-0,812	0,223	-0,037	1,000	-23,382
173121,5313	-0,812	0,223	-0,037	1,000	-23,447
173121,5493	-0,812	0,223	-0,037	1,000	-23,451
173121,5662	-0,812	0,223	-0,037	1,000	-23,445
173121,5832	-0,812	0,223	-0,037	1,000	-23,387
173121,5912	-0,812	0,223	-0,037	1,000	-23,387
173121,6081	-0,812	0,223	-0,037	1,000	-23,446
173121,6161	-0,812	0,223	-0,037	1,000	-23,445
173121,6410	-0,812	0,223	-0,037	1,000	-23,385
173121,6739	-0,812	0,223	-0,037	1,000	-23,450
173121,6999	-0,812	0,223	-0,037	1,000	-23,383
173121,7088	-0,812	0,223	-0,037	1,000	-23,388
173121,7238	-0,812	0,223	-0,037	1,000	-23,449
173121,7408	-0,812	0,223	-0,037	1,000	-23,389
173121,7577	-0,812	0,223	-0,037	1,000	-23,447
173121,7667	-0,812	0,223	-0,037	1,000	-23,385
173121,7826	-0,812	0,223	-0,037	1,000	-23,382
173121,7906	-0,812	0,223	-0,037	1,000	-23,384
173121,8166	-0,812	0,223	-0,037	1,000	-23,384
173121,8525	-0,812	0,223	-0,037	1,000	-23,448
173121,8744	-0,812	0,223	-0,037	1,000	-23,390
173121,8834	-0,812	0,223	-0,037	1,000	-23,377
173121,8993	-0,812	0,223	-0,037	1,000	-23,380
173121,9163	-0,812	0,223	-0,037	1,000	-23,448
173121,9332	-0,812	0,223	-0,037	1,000	-23,447
173121,9412	-0,812	0,223	-0,037	1,000	-23,382
173121,9582	-0,812	0,223	-0,037	1,000	-23,447
173121,9662	-0,812	0,223	-0,037	1,000	-23,383
173121,9911	-0,812	0,223	-0,037	1,000	-23,443
173122,0240	-0,812	0,223	-0,037	1,000	-23,386
173122,0499	-0,812	0,223	-0,037	1,000	-23,445
173122,0579	-0,812	0,223	-0,037	1,000	-23,447
173122,0749	-0,812	0,223	-0,037	1,000	-23,445
173122,0908	-0,812	0,223	-0,037	1,000	-23,380
173122,1078	-0,812	0,223	-0,037	1,000	-23,451
173122,1197	-0,812	0,223	-0,037	1,000	-23,443
173122,1327	-0,812	0,223	-0,037	1,000	-23,383
173122,1417	-0,812	0,223	-0,037	1,000	-23,452
173122,1666	-0,812	0,223	-0,037	1,000	-23,449
173122,1995	-0,812	0,223	-0,037	1,000	-23,388
173122,2245	-0,812	0,223	-0,037	1,000	-23,456
173122,2334	-0,812	0,223	-0,037	1,000	-23,385
173122,2494	-0,812	0,223	-0,037	1,000	-23,447
173122,2664	-0,812	0,223	-0,037	1,000	-23,440
173122,2853	-0,812	0,223	-0,037	1,000	-23,452
173122,2913	-0,812	0,223	-0,037	1,000	-23,450
173122,3072	-0,812	0,223	-0,037	1,000	-23,449
173122,3162	-0,812	0,223	-0,037	1,000	-23,445
173122,3412	-0,812	0,223	-0,037	1,000	-23,442
173122,3741	-0,812	0,223	-0,037	1,000	-23,449
173122,3990	-0,812	0,223	-0,037	1,000	-23,444
173122,4080	-0,812	0,223	-0,037	1,000	-23,387
173122,4239	-0,812	0,223	-0,037	1,000	-23,387
173122,4419	-0,812	0,223	-0,037	1,000	-23,382
173122,4578	-0,812	0,223	-0,037	1,000	-23,449
173122,4658	-0,812	0,223	-0,037	1,000	-23,447
173122,4828	-0,812	0,223	-0,037	1,000	-23,450
173122,4898	-0,812	0,223	-0,037	1,000	-23,391
173122,5137	-0,812	0,223	-0,037	1,000	-23,390
173122,5486	-0,812	0,223	-0,037	1,000	-23,382
173122,5755	-0,812	0,223	-0,037	1,000	-23,386
173122,5845	-0,812	0,223	-0,037	1,000	-23,394
173122,5985	-0,812	0,223	-0,037	1,000	-23,388
173122,6154	-0,812	0,223	-0,037	1,000	-23,447
173122,6324	-0,812	0,223	-0,037	1,000	-23,458
173122,6414	-0,812	0,223	-0,037	1,000	-23,386
173122,6583	-0,812	0,223	-0,037	1,000	-23,383
173122,6673	-0,812	0,223	-0,037	1,000	-23,442
173122,6922	-0,812	0,223	-0,037	1,000	-23,449
173122,7231	-0,812	0,223	-0,037	1,000	-23,385
173122,7501	-0,812	0,223	-0,037	1,000	-23,444
173122,7580	-0,812	0,223	-0,037	1,000	-23,444
173122,7740	-0,812	0,223	-0,037	1,000	-23,388
173122,7910	-0,812	0,223	-0,037	1,000	-23,385
173122,8079	-0,812	0,223	-0,037	1,000	-23,391
173122,8159	-0,812	0,223	-0,037	1,000	-23,386
173122,8328	-0,812	0,223	-0,037	1,000	-23,442
173122,8418	-0,812	0,223	-0,037	1,000	-23,454
173122,8658	-0,812	0,223	-0,037	1,000	-23,451
173122,8987	-0,812	0,223	-0,037	1,000	-23,384
173122,9246	-0,812	0,223	-0,037	1,000	-23,377
173122,9336	-0,812	0,223	-0,037	1,000	-23,386
173122,9495	-0,812	0,223	-0,037	1,000	-23,446
173122,9665	-0,812	0,223	-0,037	1,000	-23,388
173122,9824	-0,812	0,223	-0,037	1,000	-23,453
173122,9914	-0,812	0,223	-0,037	1,000	-23,379
173123,0084	-0,812	0,223	-0,037	1,000	-23,383
173123,0164	-0,812	0,223	-0,037	1,000	-23,449
173123,0413	-0,812	0,223	-0,037	1,000	-23,381
173123,0742	-0,812	0,223	-0,037	1,000	-23,438
173123,0991	-0,812	0,223	-0,037	1,000	-23,389
173123,1081	-0,812	0,223	-0,037	1,000	-23,447
173123,1251	-0,812	0,223	-0,037	1,000	-23,448
173123,1400	-0,812	0,223	-0,037	1,000	-23,451
173123,1570	-0,812	0,223	-0,037	1,000	-23,391
173123,1650	-0,812	0,223	-0,037	1,000	-23,447
173123,1849	-0,812	0,223	-0,037	1,000	-23,386
173123,1909	-0,812	0,223	-0,037	1,000	-23,452
173123,2148	-0,812	0,223	-0,037	1,000	-23,381
173123,2497	-0,812	0,223	-0,037	1,000	-23,384
173123,2747	-0,812	0,223	-0,037	1,000	-23,385
173123,2866	-0,812	0,223	-0,037	1,000	-23,388
173123,3006	-0,812	0,223	-0,037	1,000	-23,386
173123,3165	-0,812	0,223	-0,037	1,000	-23,391
173123,3325	-0,812	0,223	-0,037	1,000	-23,453
173123,3415	-0,812	0,223	-0,037	1,000	-23,446
173123,3574	-0,812	0,223	-0,037	1,000	-23,392
173123,3664	-0,812	0,223	-0,037	1,000	-23,385
173123,3943	-0,812	0,223	-0,037	1,000	-23,386
173123,4243	-0,812	0,223	-0,037	1,000	-23,444
173123,4512	-0,812	0,223	-0,037	1,000	-23,385
173123,4572	-0,812	0,223	-0,037	1,000	-23,392
173123,4731	-0,812	0,223	-0,037	1,000	-23,382
173123,4901	-0,812	0,223	-0,037	1,000	-23,444
173123,5060	-0,812	0,223	-0,037	1,000	-23,385
173123,5140	-0,812	0,223	-0,037	1,000	-23,450
173123,5310	-0,812	0,223	-0,037	1,000	-23,447
173123,5390	-0,812	0,223	-0,037	1,000	-23,386
173123,5649	-0,812	0,223	-0,037	1,000	-23,447
173123,5988	-0,812	0,223	-0,037	1,000	-23,387
173123,6257	-0,812	0,223	-0,037	1,000	-23,457
173123,6317	-0,812	0,223	-0,037	1,000	-23,381
173123,6487	-0,812	0,223	-0,037	1,000	-23,388
173123,6656	-0,812	0,223	-0,037	1,000	-23,446
173123,6825	-0,812	0,223	-0,037	1,000	-23,392
173123,6905	-0,812	0,223	-0,037	1,000	-23,444
173123,7075	-0,812	0,223	-0,037	1,000	-23,447
173123,7154	-0,812	0,223	-0,037	1,000	-23,448
173123,7404	-0,812	0,223	-0,037	1,000	-23,444
173123,7733	-0,812	0,223	-0,037	1,000	-23,388
173123,7992	-0,812	0,223	-0,037	1,000	-23,455
173123,8082	-0,812	0,223	-0,037	1,000	-23,386
173123,8241	-0,812	0,223	-0,037	1,000	-23,451
173123,8411	-0,812	0,223	-0,037	1,000	-23,447
173123,8590	-0,812	0,223	-0,037	1,000	-23,452
173123,8660	-0,812	0,223	-0,037	1,000	-23,389
173123,8830	-0,812	0,223	-0,037	1,000	-23,449
173123,8910	-0,812	0,223	-0,037	1,000	-23,447
173123,9169	-0,812	0,223	-0,037	1,000	-23,384
173123,9500	-0,812	0,223	-0,037	1,000	-23,390
173123,9747	-0,812	0,223	-0,037	1,000	-23,384
173123,9827	-0,812	0,223	-0,037	1,000	-23,386
173123,9988	-0,812	0,223	-0,037	1,000	-23,451
173124,0168	-0,812	0,223	-0,037	1,000	-23,381
173124,0338	-0,812	0,223	-0,037	1,000	-23,449
173124,0417	-0,812	0,223	-0,037	1,000	-23,448
173124,0587	-0,812	0,223	-0,037	1,000	-23,386
173124,0657	-0,812	0,223	-0,037	1,000	-23,441
173124,0907	-0,812	0,223	-0,037	1,000	-23,391
173124,1246	-0,812	0,223	-0,037	1,000	-23,385
173124,1496	-0,812	0,223	-0,037	1,000	-23,384
173124,1586	-0,812	0,223	-0,037	1,000	-23,450
173124,1745	-0,812	0,223	-0,037	1,000	-23,385
173124,1915	-0,812	0,223	-0,037	1,000	-23,383
173124,2074	-0,812	0,223	-0,037	1,000	-23,449
173124,2164	-0,812	0,223	-0,037	1,000	-23,387
173124,2334	-0,812	0,223	-0,037	1,000	-23,381
173124,2413	-0,812	0,223	-0,037	1,000	-23,388
173124,2673	-0,812	0,223	-0,037	1,000	-23,447
173124,3012	-0,812	0,223	-0,037	1,000	-23,441
173124,3251	-0,812	0,223	-0,037	1,000	-23,441
173124,3321	-0,812	0,223	-0,037	1,000	-23,376
173124,3481	-0,812	0,223	-0,037	1,000	-23,446
173124,3650	-0,812	0,223	-0,037	1,000	-23,386
173124,3820	-0,812	0,223	-0,037	1,000	-23,386
173124,3910	-0,812	0,223	-0,037	1,000	-23,380
173124,4069	-0,812	0,223	-0,037	1,000	-23,389
173124,4149	-0,812	0,223	-0,037	1,000	-23,450
173124,4399	-0,812	0,223	-0,037	1,000	-23,447
173124,4735	-0,812	0,223	-0,037	1,000	-23,447
173124,4977	-0,812	0,223	-0,037	1,000	-23,453
173124,5067	-0,812	0,223	-0,037	1,000	-23,447
173124,5226	-0,812	0,223	-0,037	1,000	-23,378
173124,5397	-0,812	0,223	-0,037	1,000	-23,445
173124,5567	-0,812	0,223	-0,037	1,000	-23,442
173124,5657	-0,812	0,223	-0,037	1,000	-23,449
173124,5836	-0,812	0,223	-0,037	1,000	-23,446
173124,5916	-0,812	0,223	-0,037	1,000	-23,453
173124,6166	-0,812	0,223	-0,037	1,000	-23,449
173124,6505	-0,812	0,223	-0,037	1,000	-23,444
173124,6754	-0,812	0,223	-0,037	1,000	-23,450
173124,6824	-0,812	0,223	-0,037	1,000	-23,377
173124,6984	-0,812	0,223	-0,037	1,000	-23,381
173124,7153	-0,812	0,223	-0,037	1,000	-23,384
173124,7313	-0,812	0,223	-0,037	1,000	-23,450
173124,7400	-0,812	0,223	-0,037	1,000	-23,448
173124,7570	-0,812	0,223	-0,037	1,000	-23,385
173124,7650	-0,812	0,223	-0,037	1,000	-23,381
173124,7899	-0,812	0,223	-0,037	1,000	-23,443
173124,8228	-0,812	0,223	-0,037	1,000	-23,452
173124,8478	-0,812	0,223	-0,037	1,000	-23,441
173124,8588	-0,812	0,223	-0,037	1,000	-23,443
173124,8738	-0,812	0,223	-0,037	1,000	-23,387
173124,8897	-0,812	0,223	-0,037	1,000	-23,448
173124,9067	-0,812	0,223	-0,037	1,000	-23,452
173124,9147	-0,812	0,223	-0,037	1,000	-23,386
173124,9316	-0,812	0,223	-0,037	1,000	-23,449
173124,9396	-0,812	0,223	-0,037	1,000	-23,447
173124,9657	-0,812	0,223	-0,037	1,000	-23,446
173124,9978	-0,812	0,223	-0,037	1,000	-23,389
173125,0266	-0,812	0,223	-0,037	1,000	-23,451
173125,0333	-0,812	0,223	-0,037	1,000	-23,387
173125,0483	-0,812	0,223	-0,037	1,000	-23,386
173125,0652	-0,812	0,223	-0,037	1,000	-23,391
173125,0822	-0,812	0,223	-0,037	1,000	-23,447
173125,0902	-0,812	0,223	-0,037	1,000	-23,385
173125,1071	-0,812	0,223	-0,037	1,000	-23,442
173125,1151	-0,812	0,223	-0,037	1,000	-23,444
173125,1401	-0,812	0,223	-0,037	1,000	-23,383
173125,1741	-0,812	0,223	-0,037	1,000	-23,450
173125,2000	-0,812	0,223	-0,037	1,000	-23,389
173125,2080	-0,812	0,223	-0,037	1,000	-23,452
173125,2240	-0,812	0,223	-0,037	1,000	-23,448
173125,2410	-0,812	0,223	-0,037	1,000	-23,442
173125,2579	-0,812	0,223	-0,037	1,000	-23,446
173125,2662	-0,812	0,223	-0,037	1,000	-23,386
173125,2832	-0,812	0,223	-0,037	1,000	-23,397
173125,2931	-0,812	0,223	-0,037	1,000	-23,444
173125,3171	-0,812	0,223	-0,037	1,000	-23,448
173125,3484	-0,812	0,223	-0,037	1,000	-23,449
173125,3734	-0,812	0,223	-0,037	1,000	-23,446
173125,3813	-0,812	0,223	-0,037	1,000	-23,447
173125,3983	-0,812	0,223	-0,037	1,000	-23,446
173125,4162	-0,812	0,223	-0,037	1,000	-23,449
173125,4339	-0,812	0,223	-0,037	1,000	-23,389
173125,4408	-0,812	0,223	-0,037	1,000	-23,385
173125,4578	-0,812	0,223	-0,037	1,000	-23,380
173125,4658	-0,812	0,223	-0,037	1,000	-23,445
173125,4908	-0,812	0,223	-0,037	1,000	-23,444
173125,5231	-0,812	0,223	-0,037	1,000	-23,447
173125,5480	-0,812	0,223	-0,037	1,000	-23,453
173125,5560	-0,812	0,223	-0,037	1,000	-23,452
173125,5740	-0,812	0,223	-0,037	1,000	-23,386
173125,5909	-0,812	0,223	-0,037	1,000	-23,445
173125,6079	-0,812	0,223	-0,037	1,000	-23,384
173125,6159	-0,812	0,223	-0,037	1,000	-23,382
173125,6318	-0,812	0,223	-0,037	1,000	-23,392
173125,6407	-0,812	0,223	-0,037	1,000	-23,442
173125,6657	-0,812	0,223	-0,037	1,000	-23,445
173125,6989	-0,812	0,223	-0,037	1,000	-23,443
173125,7237	-0,812	0,223	-0,037	1,000	-23,450
173125,7327	-0,812	0,223	-0,037	1,000	-23,449
173125,7496	-0,812	0,223	-0,037	1,000	-23,443
173125,7666	-0,812	0,223	-0,037	1,000	-23,445
173125,7836	-0,812	0,223	-0,037	1,000	-23,386
173125,7911	-0,812	0,223	-0,037	1,000	-23,450
173125,8081	-0,812	0,223	-0,037	1,000	-23,446
173125,8171	-0,812	0,223	-0,037	1,000	-23,443
173125,8413	-0,812	0,223	-0,037	1,000	-23,385
173125,8753	-0,812	0,223	-0,037	1,000	-23,446
173125,9002	-0,812	0,223	-0,037	1,000	-23,450
173125,9082	-0,812	0,223	-0,037	1,000	-23,449
173125,9241	-0,812	0,223	-0,037	1,000	-23,447
173125,9411	-0,812	0,223	-0,037	1,000	-23,446
173125,9581	-0,812	0,223	-0,037	1,000	-23,451
173125,9650	-0,812	0,223	-0,037	1,000	-23,381
173125,9820	-0,812	0,223	-0,037	1,000	-23,384
173125,9900	-0,812	0,223	-0,037	1,000	-23,390
173126,0149	-0,812	0,223	-0,037	1,000	-23,383
173126,0509	-0,812	0,223	-0,037	1,000	-23,440
173126,0738	-0,812	0,223	-0,037	1,000	-23,385
173126,0818	-0,812	0,223	-0,037	1,000	-23,387
173126,0998	-0,812	0,223	-0,037	1,000	-23,454
173126,1167	-0,812	0,223	-0,037	1,000	-23,388
173126,1318	-0,812	0,223	-0,037	1,000	-23,392
173126,1399	-0,812	0,223	-0,037	1,000	-23,457
173126,1569	-0,812	0,223	-0,037	1,000	-23,381
173126,1659	-0,812	0,223	-0,037	1,000	-23,444
173126,1901	-0,812	0,223	-0,037	1,000	-23,444
173126,2245	-0,812	0,223	-0,037	1,000	-23,387
173126,2495	-0,812	0,223	-0,037	1,000	-23,446
173126,2574	-0,812	0,223	-0,037	1,000	-23,442
173126,2744	-0,812	0,223	-0,037	1,000	-23,392
173126,2913	-0,812	0,223	-0,037	1,000	-23,449
173126,3073	-0,812	0,223	-0,037	1,000	-23,381
173126,3167	-0,812	0,223	-0,037	1,000	-23,388
173126,3326	-0,812	0,223	-0,037	1,000	-23,442
173126,3406	-0,812	0,223	-0,037	1,000	-23,441
173126,3665	-0,812	0,223	-0,037	1,000	-23,450
173126,3995	-0,812	0,223	-0,037	1,000	-23,377
173126,4244	-0,812	0,223	-0,037	1,000	-23,446
173126,4324	-0,812	0,223	-0,037	1,000	-23,443
173126,4493	-0,812	0,223	-0,037	1,000	-23,446
173126,4663	-0,812	0,223	-0,037	1,000	-23,389
173126,4832	-0,812	0,223	-0,037	1,000	-23,381
173126,4892	-0,812	0,223	-0,037	1,000	-23,381
173126,5062	-0,812	0,223	-0,037	1,000	-23,449
173126,5152	-0,812	0,223	-0,037	1,000	-23,448
173126,5391	-0,812	0,223	-0,037	1,000	-23,385
173126,5740	-0,812	0,223	-0,037	1,000	-23,391
173126,6169	-0,812	0,223	-0,037	1,000	-23,452
173126,6229	-0,812	0,223	-0,037	1,000	-23,386
173126,6328	-0,812	0,223	-0,037	1,000	-23,386
173126,6428	-0,812	0,223	-0,037	1,000	-23,387
173126,6578	-0,812	0,223	-0,037	1,000	-23,385
173126,6667	-0,812	0,223	-0,037	1,000	-23,390
173126,6827	-0,812	0,223	-0,037	1,000	-23,450
173126,6917	-0,812	0,223	-0,037	1,000	-23,448
173126,7156	-0,812	0,223	-0,037	1,000	-23,447
173126,7495	-0,812	0,223	-0,037	1,000	-23,454
173126,7775	-0,812	0,223	-0,037	1,000	-23,384
173126,7834	-0,812	0,223	-0,037	1,000	-23,382
173126,7994	-0,812	0,223	-0,037	1,000	-23,447
173126,8163	-0,812	0,223	-0,037	1,000	-23,386
173126,8333	-0,812	0,223	-0,037	1,000	-23,438
173126,8413	-0,812	0,223	-0,037	1,000	-23,446
173126,8592	-0,812	0,223	-0,037	1,000	-23,452
173126,8662	-0,812	0,223	-0,037	1,000	-23,385
173126,8911	-0,812	0,223	-0,037	1,000	-23,445
173126,9231	-0,812	0,223	-0,037	1,000	-23,389
173126,9500	-0,812	0,223	-0,037	1,000	-23,385
173126,9580	-0,812	0,223	-0,037	1,000	-23,450
173126,9739	-0,812	0,223	-0,037	1,000	-23,391
173126,9909	-0,812	0,223	-0,037	1,000	-23,452
173127,0078	-0,812	0,223	-0,037	1,000	-23,388
173127,0168	-0,812	0,223	-0,037	1,000	-23,390
173127,0328	-0,812	0,223	-0,037	1,000	-23,453
173127,0407	-0,812	0,223	-0,037	1,000	-23,388
173127,0657	-0,812	0,223	-0,037	1,000	-23,450
173127,0996	-0,812	0,223	-0,037	1,000	-23,450
173127,1245	-0,812	0,223	-0,037	1,000	-23,383
173127,1325	-0,812	0,223	-0,037	1,000	-23,447
173127,1495	-0,812	0,223	-0,037	1,000	-23,448
173127,1664	-0,812	0,223	-0,037	1,000	-23,449
173127,1824	-0,812	0,223	-0,037	1,000	-23,455
173127,1913	-0,812	0,223	-0,037	1,000	-23,443
173127,2073	-0,812	0,223	-0,037	1,000	-23,378
173127,2163	-0,812	0,223	-0,037	1,000	-23,446
173127,2462	-0,812	0,223	-0,037	1,000	-23,445
173127,2741	-0,812	0,223	-0,037	1,000	-23,449
173127,2991	-0,812	0,223	-0,037	1,000	-23,443
173127,3080	-0,812	0,223	-0,037	1,000	-23,388
173127,3240	-0,812	0,223	-0,037	1,000	-23,446
173127,3409	-0,812	0,223	-0,037	1,000	-23,445
173127,3579	-0,812	0,223	-0,037	1,000	-23,446
173127,3659	-0,812	0,223	-0,037	1,000	-23,380
173127,3828	-0,812	0,223	-0,037	1,000	-23,386
173127,3908	-0,812	0,223	-0,037	1,000	-23,448
173127,4158	-0,812	0,223	-0,037	1,000	-23,447
173127,4506	-0,812	0,223	-0,037	1,000	-23,384
173127,4736	-0,812	0,223	-0,037	1,000	-23,450
173127,4836	-0,812	0,223	-0,037	1,000	-23,444
173127,4975	-0,812	0,223	-0,037	1,000	-23,447
173127,5145	-0,812	0,223	-0,037	1,000	-23,445
173127,5314	-0,812	0,223	-0,037	1,000	-23,446
173127,5404	-0,812	0,223	-0,037	1,000	-23,443
173127,5574	-0,812	0,223	-0,037	1,000	-23,385
173127,5663	-0,812	0,223	-0,037	1,000	-23,445
173127,5903	-0,812	0,223	-0,037	1,000	-23,454
173127,6242	-0,812	0,223	-0,037	1,000	-23,450
173127,6491	-0,812	0,223	-0,037	1,000	-23,450
173127,6581	-0,812	0,223	-0,037	1,000	-23,388
173127,6741	-0,812	0,223	-0,037	1,000	-23,448
173127,6910	-0,812	0,223	-0,037	1,000	-23,389
173127,7070	-0,812	0,223	-0,037	1,000	-23,387
173127,7160	-0,812	0,223	-0,037	1,000	-23,394
173127,7329	-0,812	0,223	-0,037	1,000	-23,447
173127,7409	-0,812	0,223	-0,037	1,000	-23,450
173127,7658	-0,812	0,223	-0,037	1,000	-23,387
173127,7987	-0,812	0,223	-0,037	1,000	-23,451
173127,8237	-0,812	0,223	-0,037	1,000	-23,379
173127,8326	-0,812	0,223	-0,037	1,000	-23,380
173127,8486	-0,812	0,223	-0,037	1,000	-23,440
173127,8755	-0,812	0,223	-0,037	1,000	-23,444
173127,8865	-0,812	0,223	-0,037	1,000	-23,451
173127,8935	-0,812	0,223	-0,037	1,000	-23,386
173127,9074	-0,812	0,223	-0,037	1,000	-23,391
173127,9154	-0,812	0,223	-0,037	1,000	-23,452
173127,9403	-0,812	0,223	-0,037	1,000	-23,449
173127,9743	-0,812	0,223	-0,037	1,000	-23,449
173127,9992	-0,812	0,223	-0,037	1,000	-23,452
173128,0072	-0,812	0,223	-0,037	1,000	-23,448
173128,0241	-0,812	0,223	-0,037	1,000	-23,451
173128,0411	-0,812	0,223	-0,037	1,000	-23,389
173128,0570	-0,812	0,223	-0,037	1,000	-23,449
173128,0660	-0,812	0,223	-0,037	1,000	-23,381
173128,0820	-0,812	0,223	-0,037	1,000	-23,452
173128,0909	-0,812	0,223	-0,037	1,000	-23,393
173128,1159	-0,812	0,223	-0,037	1,000	-23,383
173128,1488	-0,812	0,223	-0,037	1,000	-23,383
173128,1737	-0,812	0,223	-0,037	1,000	-23,446
173128,1827	-0,812	0,223	-0,037	1,000	-23,448
173128,2006	-0,812	0,223	-0,037	1,000	-23,391
173128,2156	-0,812	0,223	-0,037	1,000	-23,392
173128,2326	-0,812	0,223	-0,037	1,000	-23,391
173128,2405	-0,812	0,223	-0,037	1,000	-23,444
173128,2575	-0,812	0,223	-0,037	1,000	-23,448
173128,2655	-0,812	0,223	-0,037	1,000	-23,447
173128,2904	-0,812	0,223	-0,037	1,000	-23,447
173128,3243	-0,812	0,223	-0,037	1,000	-23,451
173128,3492	-0,812	0,223	-0,037	1,000	-23,446
173128,3572	-0,812	0,223	-0,037	1,000	-23,450
173128,3742	-0,812	0,223	-0,037	1,000	-23,390
173128,3911	-0,812	0,223	-0,037	1,000	-23,453
173128,4081	-0,812	0,223	-0,037	1,000	-23,385
173128,4161	-0,812	0,223	-0,037	1,000	-23,448
173128,4340	-0,812	0,223	-0,037	1,000	-23,450
173128,4410	-0,812	0,223	-0,037	1,000	-23,391
173128,4669	-0,812	0,223	-0,037	1,000	-23,446
173128,4988	-0,812	0,223	-0,037	1,000	-23,387
173128,5248	-0,812	0,223	-0,037	1,000	-23,450
173128,5308	-0,812	0,223	-0,037	1,000	-23,387
173128,5477	-0,812	0,223	-0,037	1,000	-23,393
173128,5657	-0,812	0,223	-0,037	1,000	-23,445
173128,5826	-0,812	0,223	-0,037	1,000	-23,386
173128,5906	-0,812	0,223	-0,037	1,000	-23,447
173128,6106	-0,812	0,223	-0,037	1,000	-23,453
173128,6155	-0,812	0,223	-0,037	1,000	-23,451
173128,6405	-0,812	0,223	-0,037	1,000	-23,388
173128,6744	-0,812	0,223	-0,037	1,000	-23,389
173128,6993	-0,812	0,223	-0,037	1,000	-23,384
173128,7083	-0,812	0,223	-0,037	1,000	-23,454
173128,7242	-0,812	0,223	-0,037	1,000	-23,380
173128,7412	-0,812	0,223	-0,037	1,000	-23,387
173128,7572	-0,812	0,223	-0,037	1,000	-23,383
173128,7652	-0,812	0,223	-0,037	1,000	-23,448
173128,7831	-0,812	0,223	-0,037	1,000	-23,388
173128,7911	-0,812	0,223	-0,037	1,000	-23,442
173128,8160	-0,812	0,223	-0,037	1,000	-23,441
173128,8489	-0,812	0,223	-0,037	1,000	-23,382
173128,8745	-0,812	0,223	-0,037	1,000	-23,446
173128,8825	-0,812	0,223	-0,037	1,000	-23,453
173128,8994	-0,812	0,223	-0,037	1,000	-23,447
173128,9174	-0,812	0,223	-0,037	1,000	-23,383
173128,9340	-0,812	0,223	-0,037	1,000	-23,447
173128,9410	-0,812	0,223	-0,037	1,000	-23,440
173128,9590	-0,812	0,223	-0,037	1,000	-23,442
173128,9659	-0,812	0,223	-0,037	1,000	-23,387
173128,9903	-0,812	0,223	-0,037	1,000	-23,383
173129,0242	-0,812	0,223	-0,037	1,000	-23,384
173129,0492	-0,812	0,223	-0,037	1,000	-23,456
173129,0584	-0,812	0,223	-0,037	1,000	-23,454
173129,0743	-0,812	0,223	-0,037	1,000	-23,448
173129,0912	-0,812	0,223	-0,037	1,000	-23,448
173129,1082	-0,812	0,223	-0,037	1,000	-23,455
173129,1159	-0,812	0,223	-0,037	1,000	-23,451
173129,1328	-0,812	0,223	-0,037	1,000	-23,379
173129,1418	-0,812	0,223	-0,037	1,000	-23,384
173129,1670	-0,812	0,223	-0,037	1,000	-23,385
173129,1990	-0,812	0,223	-0,037	1,000	-23,378
173129,2249	-0,812	0,223	-0,037	1,000	-23,450
173129,2319	-0,812	0,223	-0,037	1,000	-23,383
173129,2489	-0,812	0,223	-0,037	1,000	-23,452
173129,2658	-0,812	0,223	-0,037	1,000	-23,388
173129,2828	-0,812	0,223	-0,037	1,000	-23,448
173129,2908	-0,812	0,223	-0,037	1,000	-23,383
173129,3077	-0,812	0,223	-0,037	1,000	-23,447
173129,3157	-0,812	0,223	-0,037	1,000	-23,437
173129,3406	-0,812	0,223	-0,037	1,000	-23,393
173129,3735	-0,812	0,223	-0,037	1,000	-23,388
173129,3988	-0,812	0,223	-0,037	1,000	-23,445
173129,4078	-0,812	0,223	-0,037	1,000	-23,445
173129,4247	-0,812	0,223	-0,037	1,000	-23,388
173129,4407	-0,812	0,223	-0,037	1,000	-23,446
173129,4576	-0,812	0,223	-0,037	1,000	-23,450
173129,4656	-0,812	0,223	-0,037	1,000	-23,449
173129,4826	-0,812	0,223	-0,037	1,000	-23,440
173129,4895	-0,812	0,223	-0,037	1,000	-23,383
173129,5145	-0,812	0,223	-0,037	1,000	-23,394
173129,5495	-0,812	0,223	-0,037	1,000	-23,382
173129,5744	-0,812	0,223	-0,037	1,000	-23,448
173129,5824	-0,812	0,223	-0,037	1,000	-23,389
173129,5993	-0,812	0,223	-0,037	1,000	-23,451
173129,6163	-0,812	0,223	-0,037	1,000	-23,449
173129,6339	-0,812	0,223	-0,037	1,000	-23,449
173129,6409	-0,812	0,223	-0,037	1,000	-23,454
173129,6571	-0,812	0,223	-0,037	1,000	-23,450
173129,6661	-0,812	0,223	-0,037	1,000	-23,392
173129,6930	-0,812	0,223	-0,037	1,000	-23,450
173129,7240	-0,812	0,223	-0,037	1,000	-23,449
173129,7489	-0,812	0,223	-0,037	1,000	-23,449
173129,7579	-0,812	0,223	-0,037	1,000	-23,384
173129,7738	-0,812	0,223	-0,037	1,000	-23,440
173129,7908	-0,812	0,223	-0,037	1,000	-23,444
173129,8098	-0,812	0,223	-0,037	1,000	-23,379
173129,8157	-0,812	0,223	-0,037	1,000	-23,385
173129,8327	-0,812	0,223	-0,037	1,000	-23,450
173129,8407	-0,812	0,223	-0,037	1,000	-23,382
173129,8662	-0,812	0,223	-0,037	1,000	-23,387
173129,8984	-0,812	0,223	-0,037	1,000	-23,390
173129,9233	-0,812	0,223	-0,037	1,000	-23,449
173129,9324	-0,812	0,223	-0,037	1,000	-23,392
173129,9484	-0,812	0,223	-0,037	1,000	-23,449
173129,9644	-0,812	0,223	-0,037	1,000	-23,383
173129,9824	-0,812	0,223	-0,037	1,000	-23,444
173129,9904	-0,812	0,223	-0,037	1,000	-23,449
173130,0079	-0,812	0,223	-0,037	1,000	-23,446
173130,0159	-0,812	0,223	-0,037	1,000	-23,448
173130,0408	-0,812	0,223	-0,037	1,000	-23,388
173130,0738	-0,812	0,223	-0,037	1,000	-23,392
173130,0981	-0,812	0,223	-0,037	1,000	-23,385
173130,1071	-0,812	0,223	-0,037	1,000	-23,381
173130,1231	-0,812	0,223	-0,037	1,000	-23,443
173130,1402	-0,812	0,223	-0,037	1,000	-23,444
173130,1575	-0,812	0,223	-0,037	1,000	-23,385
173130,1664	-0,812	0,223	-0,037	1,000	-23,447
173130,1824	-0,812	0,223	-0,037	1,000	-23,381
173130,1908	-0,812	0,223	-0,037	1,000	-23,390
173130,2157	-0,812	0,223	-0,037	1,000	-23,380
173130,2488	-0,812	0,223	-0,037	1,000	-23,451
173130,2738	-0,812	0,223	-0,037	1,000	-23,443
173130,2828	-0,812	0,223	-0,037	1,000	-23,386
173130,2988	-0,812	0,223	-0,037	1,000	-23,389
173130,3162	-0,812	0,223	-0,037	1,000	-23,450
173130,3321	-0,812	0,223	-0,037	1,000	-23,457
173130,3411	-0,812	0,223	-0,037	1,000	-23,446
173130,3581	-0,812	0,223	-0,037	1,000	-23,386
173130,3660	-0,812	0,223	-0,037	1,000	-23,445
173130,3910	-0,812	0,223	-0,037	1,000	-23,452
173130,4239	-0,812	0,223	-0,037	1,000	-23,451
173130,4596	-0,812	0,223	-0,037	1,000	-23,449
173130,4646	-0,812	0,223	-0,037	1,000	-23,389
173130,4756	-0,812	0,223	-0,037	1,000	-23,380
173130,4912	-0,812	0,223	-0,037	1,000	-23,452
173130,5061	-0,812	0,223	-0,037	1,000	-23,450
173130,5151	-0,812	0,223	-0,037	1,000	-23,452
173130,5311	-0,812	0,223	-0,037	1,000	-23,449
173130,5410	-0,812	0,223	-0,037	1,000	-23,447
173130,5650	-0,812	0,223	-0,037	1,000	-23,444
173130,5989	-0,812	0,223	-0,037	1,000	-23,446
173130,6248	-0,812	0,223	-0,037	1,000	-23,452
173130,6328	-0,812	0,223	-0,037	1,000	-23,446
173130,6488	-0,812	0,223	-0,037	1,000	-23,448
173130,6658	-0,812	0,223	-0,037	1,000	-23,443
173130,6817	-0,812	0,223	-0,037	1,000	-23,451
173130,6908	-0,812	0,223	-0,037	1,000	-23,438
173130,7068	-0,812	0,223	-0,037	1,000	-23,452
173130,7158	-0,812	0,223	-0,037	1,000	-23,454
173130,7407	-0,812	0,223	-0,037	1,000	-23,383
173130,7743	-0,812	0,223	-0,037	1,000	-23,446
173130,7988	-0,812	0,223	-0,037	1,000	-23,379
173130,8067	-0,812	0,223	-0,037	1,000	-23,388
173130,8237	-0,812	0,223	-0,037	1,000	-23,451
173130,8407	-0,812	0,223	-0,037	1,000	-23,452
173130,8586	-0,812	0,223	-0,037	1,000	-23,453
173130,8655	-0,812	0,223	-0,037	1,000	-23,445
173130,8822	-0,812	0,223	-0,037	1,000	-23,447
173130,8912	-0,812	0,223	-0,037	1,000	-23,448
173130,9154	-0,812	0,223	-0,037	1,000	-23,385
173130,9497	-0,812	0,223	-0,037	1,000	-23,449
173130,9736	-0,812	0,223	-0,037	1,000	-23,447
173130,9826	-0,812	0,223	-0,037	1,000	-23,388
173130,9986	-0,812	0,223	-0,037	1,000	-23,383
173131,0155	-0,812	0,223	-0,037	1,000	-23,450
173131,0325	-0,812	0,223	-0,037	1,000	-23,394
173131,0405	-0,812	0,223	-0,037	1,000	-23,388
173131,0574	-0,812	0,223	-0,037	1,000	-23,386
173131,0674	-0,812	0,223	-0,037	1,000	-23,445
173131,0913	-0,812	0,223	-0,037	1,000	-23,449
173131,1242	-0,812	0,223	-0,037	1,000	-23,443
173131,1494	-0,812	0,223	-0,037	1,000	-23,450
173131,1573	-0,812	0,223	-0,037	1,000	-23,454
173131,1743	-0,812	0,223	-0,037	1,000	-23,386
173131,1906	-0,812	0,223	-0,037	1,000	-23,445
173131,2073	-0,812	0,223	-0,037	1,000	-23,447
173131,2153	-0,812	0,223	-0,037	1,000	-23,389
173131,2322	-0,812	0,223	-0,037	1,000	-23,454
173131,2402	-0,812	0,223	-0,037	1,000	-23,383
173131,2651	-0,812	0,223	-0,037	1,000	-23,448
173131,2990	-0,812	0,223	-0,037	1,000	-23,452
173131,3248	-0,812	0,223	-0,037	1,000	-23,388
173131,3328	-0,812	0,223	-0,037	1,000	-23,447
173131,3487	-0,812	0,223	-0,037	1,000	-23,451
173131,3657	-0,812	0,223	-0,037	1,000	-23,388
173131,3826	-0,812	0,223	-0,037	1,000	-23,388
173131,3916	-0,812	0,223	-0,037	1,000	-23,389
173131,4096	-0,812	0,223	-0,037	1,000	-23,450
173131,4146	-0,812	0,223	-0,037	1,000	-23,384
173131,4405	-0,812	0,223	-0,037	1,000	-23,454
173131,4734	-0,812	0,223	-0,037	1,000	-23,382
173131,5003	-0,812	0,223	-0,037	1,000	-23,447
173131,5063	-0,812	0,223	-0,037	1,000	-23,387
173131,5233	-0,812	0,223	-0,037	1,000	-23,391
173131,5392	-0,812	0,223	-0,037	1,000	-23,451
173131,5566	-0,812	0,223	-0,037	1,000	-23,391
173131,5666	-0,812	0,223	-0,037	1,000	-23,391
173131,5826	-0,812	0,223	-0,037	1,000	-23,389
173131,5905	-0,812	0,223	-0,037	1,000	-23,451
173131,6155	-0,812	0,223	-0,037	1,000	-23,391
173131,6484	-0,812	0,223	-0,037	1,000	-23,442
173131,6743	-0,812	0,223	-0,037	1,000	-23,385
173131,6823	-0,812	0,223	-0,037	1,000	-23,385
173131,6982	-0,812	0,223	-0,037	1,000	-23,449
173131,7192	-0,812	0,223	-0,037	1,000	-23,452
173131,7381	-0,812	0,223	-0,037	1,000	-23,382
173131,7431	-0,812	0,223	-0,037	1,000	-23,451
173131,7571	-0,812	0,223	-0,037	1,000	-23,448
173131,7651	-0,812	0,223	-0,037	1,000	-23,455
173131,7910	-0,812	0,223	-0,037	1,000	-23,453
173131,8239	-0,812	0,223	-0,037	1,000	-23,393
173131,8498	-0,812	0,223	-0,037	1,000	-23,446
173131,8588	-0,812	0,223	-0,037	1,000	-23,384
173131,8738	-0,812	0,223	-0,037	1,000	-23,445
173131,8907	-0,812	0,223	-0,037	1,000	-23,451
173131,9077	-0,812	0,223	-0,037	1,000	-23,385
173131,9157	-0,812	0,223	-0,037	1,000	-23,386
173131,9326	-0,812	0,223	-0,037	1,000	-23,385
173131,9416	-0,812	0,223	-0,037	1,000	-23,381
173131,9655	-0,812	0,223	-0,037	1,000	-23,447
173131,9984	-0,812	0,223	-0,037	1,000	-23,385
173132,0244	-0,812	0,223	-0,037	1,000	-23,452
173132,0324	-0,812	0,223	-0,037	1,000	-23,391
