173020,0545	0,148	0,220	1,273	1,000	-41,251
173020,0724	0,148	0,220	1,273	1,000	-41,247
173020,0834	0,148	0,220	1,273	1,000	-41,252
173020,0934	0,148	0,220	1,273	1,000	-41,264
173020,1044	0,148	0,220	1,273	1,000	-41,254
173020,1203	0,148	0,220	1,273	1,000	-41,239
173020,1363	0,148	0,220	1,273	1,000	-41,248
173020,1443	0,148	0,220	1,273	1,000	-41,255
173020,1612	0,148	0,220	1,273	1,000	-41,243
173020,1861	0,148	0,220	1,273	1,000	-41,241
173020,2031	0,148	0,220	1,273	1,000	-41,242
173020,2191	0,148	0,220	1,273	1,000	-41,245
173020,2370	0,148	0,220	1,273	1,000	-41,248
173020,2530	0,148	0,220	1,273	1,000	-41,241
173020,2699	0,148	0,220	1,273	1,000	-41,248
173020,2769	0,148	0,220	1,273	1,000	-41,241
173020,2948	0,148	0,220	1,273	1,000	-41,249
173020,3198	0,148	0,220	1,273	1,000	-41,249
173020,3357	0,148	0,220	1,273	1,000	-41,239
173020,3527	0,148	0,220	1,273	1,000	-41,247
173020,3696	0,148	0,220	1,273	1,000	-41,245
173020,3856	0,148	0,220	1,273	1,000	-41,251
173020,4026	0,148	0,220	1,273	1,000	-41,250
173020,4115	0,148	0,220	1,273	1,000	-41,248
173020,4275	0,148	0,220	1,273	1,000	-41,250
173020,4534	0,148	0,220	1,273	1,000	-41,255
173020,4694	0,148	0,220	1,273	1,000	-41,251
173020,4863	0,148	0,220	1,273	1,000	-41,246
173020,5013	0,148	0,220	1,273	1,000	-41,249
173020,5173	0,148	0,220	1,273	1,000	-41,239
173020,5342	0,148	0,220	1,273	1,000	-41,249
173020,5422	0,148	0,220	1,273	1,000	-41,247
173020,5601	0,148	0,220	1,273	1,000	-41,246
173020,5851	0,148	0,220	1,273	1,000	-41,251
173020,6020	0,148	0,220	1,273	1,000	-41,251
173020,6190	0,148	0,220	1,273	1,000	-41,257
173020,6359	0,148	0,220	1,273	1,000	-41,242
173020,6519	0,148	0,220	1,273	1,000	-41,242
173020,6718	0,148	0,220	1,273	1,000	-41,241
173020,6768	0,148	0,220	1,273	1,000	-41,244
173020,6938	0,148	0,220	1,273	1,000	-41,245
173020,7187	0,148	0,220	1,273	1,000	-41,241
173020,7357	0,148	0,220	1,273	1,000	-41,253
173020,7526	0,148	0,220	1,273	1,000	-41,245
173020,7686	0,148	0,220	1,273	1,000	-41,251
173020,7855	0,148	0,220	1,273	1,000	-41,247
173020,8025	0,148	0,220	1,273	1,000	-41,243
173020,8105	0,148	0,220	1,273	1,000	-41,251
173020,8274	0,148	0,220	1,273	1,000	-41,254
173020,8534	0,148	0,220	1,273	1,000	-41,250
173020,8693	0,148	0,220	1,273	1,000	-41,241
173020,8853	0,148	0,220	1,273	1,000	-41,251
173020,9022	0,148	0,220	1,273	1,000	-41,240
173020,9182	0,148	0,220	1,273	1,000	-41,243
173020,9361	0,148	0,220	1,273	1,000	-41,251
173020,9441	0,148	0,220	1,273	1,000	-41,243
173020,9601	0,148	0,220	1,273	1,000	-41,246
173020,9860	0,148	0,220	1,273	1,000	-41,220
173021,0030	0,149	0,220	1,272	1,000	-41,164
173021,0189	0,149	0,220	1,272	1,000	-41,175
173021,0359	0,151	0,220	1,271	1,000	-41,274
173021,0518	0,152	0,220	1,270	1,000	-41,270
173021,0688	0,154	0,220	1,268	1,000	-41,271
173021,0768	0,155	0,220	1,268	1,000	-41,295
173021,0947	0,157	0,220	1,266	1,000	-41,290
173021,1186	0,160	0,220	1,263	1,000	-41,413
173021,1356	0,163	0,220	1,260	1,000	-41,313
173021,1526	0,166	0,220	1,258	1,000	-41,347
173021,1685	0,168	0,219	1,256	1,000	-41,331
173021,1855	0,171	0,220	1,254	1,000	-41,388
173021,2024	0,173	0,220	1,251	1,000	-41,380
173021,2104	0,174	0,220	1,250	1,000	-41,466
173021,2274	0,176	0,220	1,248	1,000	-41,511
173021,2523	0,179	0,220	1,245	1,000	-41,452
173021,2692	0,181	0,220	1,243	1,000	-41,376
173021,2852	0,183	0,220	1,241	1,000	-41,416
173021,3061	0,186	0,220	1,239	1,000	-41,498
173021,3261	0,188	0,220	1,237	1,000	-41,353
173021,3371	0,191	0,220	1,235	1,000	-41,447
173021,3430	0,192	0,220	1,234	1,000	-41,394
173021,3600	0,194	0,220	1,232	1,000	-41,410
173021,3859	0,198	0,220	1,228	1,000	-41,385
173021,4019	0,200	0,220	1,226	1,000	-41,402
173021,4188	0,202	0,220	1,224	1,000	-41,442
173021,4358	0,205	0,220	1,222	1,000	-41,421
173021,4528	0,207	0,220	1,220	1,000	-41,594
173021,4687	0,210	0,219	1,218	1,000	-41,599
173021,4767	0,211	0,219	1,217	1,000	-41,635
173021,4926	0,213	0,219	1,214	1,000	-41,639
173021,5176	0,217	0,219	1,211	1,000	-41,595
173021,5345	0,220	0,219	1,209	1,000	-41,656
173021,5525	0,222	0,219	1,207	1,000	-41,739
173021,5694	0,224	0,219	1,205	1,000	-41,677
173021,5854	0,227	0,219	1,203	1,000	-41,556
173021,6034	0,229	0,219	1,201	1,000	-41,627
173021,6113	0,230	0,219	1,200	1,000	-41,611
173021,6273	0,233	0,219	1,197	1,000	-41,613
173021,6532	0,236	0,219	1,194	1,000	-41,742
173021,6702	0,239	0,219	1,192	1,000	-41,678
173021,6861	0,241	0,219	1,190	1,000	-41,711
173021,7031	0,243	0,219	1,188	1,000	-41,791
173021,7190	0,246	0,219	1,186	1,000	-41,837
173021,7360	0,248	0,219	1,184	1,000	-41,789
173021,7440	0,249	0,219	1,183	1,000	-41,859
173021,7609	0,251	0,219	1,181	1,000	-41,860
173021,7869	0,254	0,219	1,177	1,000	-41,818
173021,8028	0,257	0,219	1,175	1,000	-41,828
173021,8198	0,259	0,219	1,173	1,000	-41,848
173021,8357	0,262	0,219	1,171	1,000	-41,823
173021,8527	0,264	0,219	1,169	1,000	-41,750
173021,8696	0,267	0,219	1,167	1,000	-41,764
173021,8776	0,268	0,219	1,166	1,000	-41,715
173021,8936	0,270	0,219	1,164	1,000	-41,796
173021,9195	0,274	0,219	1,160	1,000	-41,753
173021,9365	0,276	0,219	1,158	1,000	-41,874
173021,9534	0,279	0,219	1,156	1,000	-41,897
173021,9694	0,281	0,219	1,153	1,000	-41,940
173021,9863	0,283	0,219	1,152	1,000	-41,971
173022,0033	0,285	0,219	1,150	1,000	-41,930
173022,0113	0,287	0,219	1,148	1,000	-41,955
173022,0282	0,289	0,219	1,146	1,000	-41,990
173022,0531	0,293	0,219	1,143	1,000	-42,018
173022,0701	0,295	0,219	1,141	1,000	-42,051
173022,0861	0,297	0,219	1,139	1,000	-42,005
173022,1030	0,300	0,219	1,137	1,000	-41,968
173022,1190	0,302	0,219	1,135	1,000	-42,066
173022,1359	0,305	0,219	1,133	1,000	-42,021
173022,1439	0,306	0,219	1,132	1,000	-42,115
173022,1609	0,308	0,219	1,130	1,000	-42,200
173022,1858	0,312	0,219	1,127	1,000	-42,212
173022,2027	0,314	0,219	1,125	1,000	-42,179
173022,2197	0,316	0,219	1,123	1,000	-42,274
173022,2367	0,319	0,219	1,120	1,000	-42,259
173022,2546	0,321	0,219	1,118	1,000	-42,273
173022,2696	0,323	0,219	1,116	1,000	-42,310
173022,2775	0,324	0,219	1,115	1,000	-42,203
173022,2945	0,326	0,219	1,113	1,000	-42,232
173022,3194	0,330	0,219	1,109	1,000	-42,244
173022,3363	0,332	0,219	1,107	1,000	-42,250
173022,3532	0,334	0,219	1,105	1,000	-42,194
173022,3692	0,337	0,219	1,103	1,000	-42,237
173022,3861	0,339	0,219	1,101	1,000	-42,207
173022,4031	0,341	0,219	1,099	1,000	-42,312
173022,4111	0,343	0,219	1,097	1,000	-42,304
173022,4280	0,345	0,219	1,095	1,000	-42,429
173022,4530	0,349	0,219	1,092	1,000	-42,580
173022,4689	0,351	0,219	1,090	1,000	-42,549
173022,4863	0,353	0,219	1,088	1,000	-42,539
173022,5013	0,356	0,219	1,086	1,000	-42,569
173022,5202	0,358	0,219	1,083	1,000	-42,481
173022,5352	0,360	0,219	1,081	1,000	-42,569
173022,5432	0,361	0,219	1,080	1,000	-42,500
173022,5621	0,363	0,219	1,078	1,000	-42,541
173022,5919	0,367	0,219	1,075	1,000	-42,557
173022,6109	0,370	0,218	1,073	1,000	133,202
173022,6208	0,372	0,219	1,070	1,000	-42,597
173022,6358	0,374	0,219	1,068	1,000	-42,532
173022,6527	0,377	0,219	1,066	1,000	-42,647
173022,6687	0,379	0,218	1,064	1,000	133,322
173022,6777	0,380	0,218	1,063	1,000	-42,592
173022,6946	0,383	0,218	1,060	1,000	-42,702
173022,7196	0,386	0,218	1,057	1,000	-42,742
173022,7355	0,388	0,218	1,055	1,000	-42,770
173022,7525	0,391	0,218	1,053	1,000	-42,782
173022,7685	0,393	0,218	1,050	1,000	-42,733
173022,7854	0,395	0,218	1,048	1,000	-42,779
173022,8024	0,397	0,218	1,046	1,000	-42,672
173022,8103	0,398	0,218	1,045	1,000	-42,845
173022,8273	0,400	0,218	1,043	1,000	-42,751
173022,8522	0,404	0,218	1,040	1,000	-42,736
173022,8692	0,406	0,218	1,037	1,000	-42,810
173022,8852	0,409	0,218	1,035	1,000	-42,817
173022,9021	0,411	0,218	1,033	1,000	-42,851
173022,9183	0,414	0,218	1,031	1,000	-42,940
173022,9353	0,416	0,218	1,029	1,000	-42,950
173022,9437	0,417	0,218	1,028	1,000	-42,999
173022,9597	0,420	0,218	1,025	1,000	-43,068
173022,9846	0,423	0,218	1,022	1,000	-43,097
173023,0015	0,425	0,218	1,020	1,000	-43,183
173023,0197	0,428	0,218	1,017	1,000	-43,081
173023,0367	0,430	0,218	1,015	1,000	-43,138
173023,0527	0,432	0,218	1,013	1,000	-43,157
173023,0706	0,435	0,218	1,011	1,000	-43,143
173023,0776	0,436	0,218	1,010	1,000	-43,182
173023,0946	0,438	0,218	1,008	1,000	-43,119
173023,1195	0,442	0,217	1,004	1,000	-43,097
173023,1365	0,444	0,217	1,002	1,000	-43,097
173023,1534	0,447	0,217	1,000	1,000	-43,083
173023,1694	0,449	0,217	0,997	1,000	-43,125
173023,1863	0,451	0,217	0,995	1,000	-43,307
173023,2033	0,453	0,217	0,993	1,000	-43,291
173023,2113	0,454	0,217	0,992	1,000	-43,364
173023,2303	0,457	0,217	0,989	1,000	-43,302
173023,2533	0,460	0,217	0,986	1,000	-43,311
173023,2692	0,462	0,217	0,984	1,000	-43,352
173023,2863	0,464	0,217	0,982	1,000	-43,386
173023,3032	0,466	0,217	0,979	1,000	-43,319
173023,3195	0,469	0,217	0,977	1,000	-43,339
173023,3365	0,471	0,217	0,975	1,000	-43,302
173023,3445	0,472	0,217	0,974	1,000	-43,285
173023,3614	0,475	0,217	0,972	1,000	-43,319
173023,3867	0,478	0,217	0,969	1,000	-43,316
173023,4032	0,480	0,217	0,966	1,000	-43,390
173023,4202	0,483	0,217	0,964	1,000	-43,398
173023,4351	0,485	0,217	0,962	1,000	-43,527
173023,4521	0,487	0,217	0,960	1,000	-43,581
173023,4691	0,490	0,217	0,957	1,000	-43,686
173023,4781	0,491	0,217	0,956	1,000	-43,689
173023,4940	0,493	0,217	0,954	1,000	-43,719
173023,5180	0,497	0,217	0,951	1,000	-43,690
173023,5339	0,499	0,217	0,949	1,000	-43,692
173023,5536	0,501	0,217	0,946	1,000	-43,726
173023,5695	0,503	0,217	0,944	1,000	-43,740
173023,5869	0,506	0,217	0,942	1,000	-43,696
173023,6029	0,508	0,217	0,940	1,000	-43,632
173023,6108	0,509	0,217	0,938	1,000	-43,669
173023,6278	0,512	0,217	0,936	1,000	-43,661
173023,6532	0,515	0,217	0,933	1,000	-43,706
173023,6697	0,517	0,217	0,931	1,000	-43,770
173023,6887	0,520	0,217	0,928	1,000	-43,803
173023,7033	0,522	0,217	0,926	1,000	-43,865
173023,7194	0,524	0,217	0,924	1,000	-43,886
173023,7363	0,526	0,217	0,922	1,000	-43,859
173023,7444	0,527	0,217	0,920	1,000	-43,778
173023,7614	0,530	0,217	0,918	1,000	134,464
173023,7870	0,533	0,217	0,915	1,000	-43,834
173023,8030	0,535	0,217	0,912	1,000	-43,784
173023,8200	0,537	0,217	0,910	1,000	134,375
173023,8363	0,540	0,216	0,908	1,000	-43,891
173023,8544	0,542	0,217	0,905	1,000	134,393
173023,8734	0,544	0,216	0,903	1,000	-43,735
173023,9008	0,545	0,216	0,902	1,000	-43,837
173023,9128	0,548	0,217	0,900	1,000	-43,840
173023,9297	0,551	0,217	0,897	1,000	-43,927
173023,9397	0,553	0,217	0,895	1,000	-44,114
173023,9547	0,556	0,217	0,893	1,000	-44,124
173023,9696	0,558	0,216	0,890	1,000	134,800
173023,9856	0,560	0,216	0,888	1,000	-44,223
173024,0026	0,562	0,216	0,886	1,000	-44,213
173024,0114	0,564	0,216	0,885	1,000	-44,253
173024,0273	0,566	0,216	0,883	1,000	-44,202
173024,0529	0,569	0,216	0,879	1,000	-44,211
173024,0709	0,571	0,216	0,877	1,000	-44,261
173024,0866	0,574	0,216	0,875	1,000	-44,221
173024,1028	0,576	0,216	0,872	1,000	-44,149
173024,1208	0,578	0,216	0,870	1,000	-44,234
173024,1357	0,581	0,216	0,868	1,000	-44,203
173024,1437	0,582	0,216	0,867	1,000	-44,228
173024,1607	0,585	0,216	0,864	1,000	-44,244
173024,1857	0,588	0,215	0,861	1,000	-44,288
173024,2028	0,590	0,215	0,858	1,000	-44,351
173024,2192	0,592	0,215	0,856	1,000	-44,351
173024,2366	0,595	0,215	0,854	1,000	-44,393
173024,2536	0,596	0,215	0,852	1,000	-44,433
173024,2700	0,599	0,215	0,849	1,000	-44,386
173024,2780	0,600	0,215	0,848	1,000	-44,370
173024,2939	0,602	0,215	0,846	1,000	-44,406
173024,3199	0,605	0,215	0,842	1,000	-44,408
173024,3359	0,607	0,215	0,840	1,000	-44,433
173024,3528	0,610	0,215	0,838	1,000	-44,421
173024,3697	0,612	0,215	0,835	1,000	-44,432
173024,3857	0,615	0,215	0,833	1,000	-44,429
173024,4057	0,617	0,215	0,831	1,000	-44,579
173024,4117	0,618	0,215	0,830	1,000	-44,537
173024,4281	0,620	0,215	0,828	1,000	-44,667
173024,4531	0,624	0,215	0,824	1,000	-44,767
173024,4695	0,626	0,215	0,822	1,000	-44,801
173024,4875	0,628	0,215	0,820	1,000	-44,845
173024,5044	0,630	0,215	0,817	1,000	-44,816
173024,5282	0,633	0,215	0,815	1,000	-44,780
173024,5392	0,635	0,215	0,813	1,000	-44,850
173024,5452	0,636	0,215	0,811	1,000	-44,836
173024,5612	0,638	0,215	0,809	1,000	-44,927
173024,5861	0,641	0,215	0,806	1,000	-44,858
173024,6041	0,644	0,215	0,803	1,000	-44,758
173024,6200	0,646	0,214	0,801	1,000	-44,769
173024,6374	0,648	0,215	0,799	1,000	-44,820
173024,6530	0,651	0,214	0,796	1,000	-44,927
173024,6697	0,653	0,214	0,794	1,000	-44,927
173024,6787	0,654	0,214	0,793	1,000	-44,921
173024,6946	0,656	0,214	0,791	1,000	-44,970
173024,7197	0,660	0,214	0,787	1,000	-44,960
173024,7359	0,662	0,214	0,785	1,000	-44,993
173024,7529	0,664	0,214	0,783	1,000	-44,998
173024,7696	0,666	0,214	0,781	1,000	-45,103
173024,7876	0,668	0,214	0,778	1,000	-45,043
173024,8030	0,671	0,214	0,776	1,000	-44,997
173024,8109	0,672	0,214	0,775	1,000	-44,967
173024,8279	0,674	0,214	0,773	1,000	-45,057
173024,8528	0,677	0,214	0,770	1,000	-45,019
173024,8698	0,680	0,214	0,767	1,000	-45,052
173024,8866	0,682	0,214	0,765	1,000	-44,959
173024,9025	0,684	0,214	0,763	1,000	-45,067
173024,9204	0,686	0,214	0,761	1,000	-45,090
173024,9364	0,689	0,214	0,758	1,000	-45,204
173024,9447	0,690	0,214	0,757	1,000	-45,201
173024,9607	0,692	0,214	0,754	1,000	-45,410
173024,9866	0,695	0,214	0,751	1,000	-45,368
173025,0036	0,698	0,214	0,748	1,000	-45,404
173025,0197	0,700	0,214	0,746	1,000	-45,401
173025,0367	0,702	0,214	0,744	1,000	-45,419
173025,0517	0,704	0,214	0,741	1,000	-45,398
173025,0686	0,706	0,214	0,739	1,000	-45,300
173025,0766	0,707	0,214	0,738	1,000	-45,358
173025,0944	0,710	0,214	0,736	1,000	-45,271
173025,1223	0,713	0,214	0,732	1,000	-45,351
173025,1365	0,715	0,214	0,730	1,000	-45,357
173025,1564	0,718	0,214	0,728	1,000	-45,461
173025,1699	0,720	0,214	0,726	1,000	-45,543
173025,1871	0,722	0,214	0,724	1,000	-45,523
173025,2041	0,725	0,213	0,722	1,000	-45,512
173025,2111	0,726	0,214	0,721	1,000	-45,552
173025,2276	0,728	0,213	0,718	1,000	-45,541
173025,3067	0,731	0,213	0,715	1,000	-45,555
173025,3177	0,733	0,213	0,712	1,000	-45,575
173025,3287	0,735	0,213	0,710	1,000	-45,537
173025,3386	0,738	0,213	0,708	1,000	-45,528
173025,3486	0,740	0,213	0,705	1,000	-45,574
173025,3602	0,742	0,213	0,703	1,000	-45,653
173025,3652	0,743	0,213	0,702	1,000	-45,565
173025,3752	0,746	0,213	0,700	1,000	-45,567
173025,3906	0,749	0,213	0,696	1,000	-45,584
173025,4037	0,752	0,213	0,694	1,000	-45,601
173025,4197	0,754	0,213	0,692	1,000	-45,656
173025,4367	0,756	0,213	0,689	1,000	-45,747
173025,4535	0,758	0,213	0,687	1,000	-45,882
173025,4695	0,760	0,213	0,685	1,000	-45,923
173025,4775	0,761	0,213	0,684	1,000	-45,845
173025,4945	0,763	0,213	0,681	1,000	-45,848
173025,5174	0,766	0,213	0,678	1,000	-45,814
173025,5342	0,768	0,213	0,676	1,000	-45,831
173025,5511	0,771	0,213	0,673	1,000	-45,937
173025,5691	0,773	0,213	0,671	1,000	-45,894
173025,5876	0,775	0,212	0,669	1,000	-45,896
173025,6036	0,777	0,212	0,667	1,000	-45,900
173025,6116	0,779	0,212	0,665	1,000	-45,782
173025,6275	0,781	0,212	0,663	1,000	-45,879
173025,6535	0,785	0,212	0,660	1,000	-45,911
173025,6707	0,787	0,212	0,657	1,000	-45,989
173025,6864	0,789	0,212	0,655	1,000	-46,009
173025,7033	0,791	0,212	0,653	1,000	-46,107
173025,7203	0,793	0,212	0,651	1,000	-46,046
173025,7372	0,795	0,212	0,649	1,000	-46,130
173025,7442	0,796	0,212	0,647	1,000	-46,051
173025,7612	0,799	0,212	0,645	1,000	-46,123
173025,7921	0,802	0,212	0,642	1,000	-46,041
173025,8071	0,804	0,212	0,639	1,000	-46,013
173025,8200	0,806	0,212	0,637	1,000	-46,075
173025,8390	0,808	0,212	0,635	1,000	-46,123
173025,8539	0,810	0,212	0,633	1,000	-46,021
173025,8699	0,813	0,212	0,631	1,000	-46,018
173025,8779	0,814	0,212	0,630	1,000	-46,095
173025,8948	0,816	0,212	0,627	1,000	-46,135
173025,9198	0,819	0,212	0,624	1,000	-46,210
173025,9367	0,822	0,211	0,621	1,000	-46,227
173025,9537	0,824	0,211	0,619	1,000	-46,349
173025,9696	0,826	0,211	0,617	1,000	-46,392
173025,9846	0,828	0,211	0,614	1,000	-46,409
173026,0015	0,830	0,211	0,612	1,000	-46,333
173026,0095	0,831	0,211	0,611	1,000	-46,364
173026,0265	0,833	0,211	0,609	1,000	-46,354
173026,0514	0,837	0,211	0,605	1,000	-46,385
173026,0694	0,839	0,211	0,603	1,000	-46,462
173026,0863	0,841	0,211	0,601	1,000	-46,397
173026,1033	0,843	0,211	0,599	1,000	-46,380
173026,1202	0,846	0,211	0,596	1,000	-46,352
173026,1362	0,848	0,211	0,594	1,000	-46,409
173026,1471	0,849	0,211	0,593	1,000	-46,428
173026,1601	0,851	0,211	0,591	1,000	-46,552
173026,1850	0,854	0,211	0,587	1,000	-46,541
173026,2020	0,856	0,211	0,585	1,000	-46,595
173026,2190	0,859	0,211	0,583	1,000	-46,599
173026,2349	0,861	0,211	0,580	1,000	-46,595
173026,2519	0,863	0,211	0,578	1,000	-46,627
173026,2678	0,865	0,211	0,576	1,000	-46,659
173026,2768	0,866	0,211	0,575	1,000	-46,597
173026,2928	0,868	0,211	0,573	1,000	-46,508
173026,3197	0,871	0,211	0,569	1,000	-46,563
173026,3366	0,873	0,211	0,567	1,000	-46,613
173026,3536	0,876	0,211	0,565	1,000	-46,586
173026,3706	0,878	0,211	0,562	1,000	-46,516
173026,3865	0,880	0,211	0,560	1,000	-46,522
173026,4035	0,882	0,211	0,558	1,000	-46,586
173026,4114	0,883	0,211	0,557	1,000	-46,602
173026,4274	0,885	0,211	0,554	1,000	-46,682
173026,4534	0,889	0,211	0,550	1,000	-46,804
173026,4703	0,891	0,211	0,548	1,000	-46,860
173026,4863	0,893	0,211	0,546	1,000	-46,843
173026,5032	0,895	0,211	0,543	1,000	-46,853
173026,5182	0,897	0,211	0,541	1,000	-46,866
173026,5341	0,899	0,211	0,539	1,000	-46,877
173026,5421	0,900	0,211	0,538	1,000	-46,964
173026,5590	0,902	0,210	0,536	1,000	-46,805
173026,5840	0,905	0,210	0,532	1,000	-46,923
173026,6009	0,908	0,210	0,530	1,000	-46,871
173026,6199	0,910	0,210	0,527	1,000	-46,934
173026,6368	0,913	0,210	0,525	1,000	-46,919
173026,6528	0,915	0,210	0,523	1,000	-46,965
173026,6698	0,917	0,210	0,521	1,000	-47,018
173026,6777	0,918	0,210	0,520	1,000	-46,973
173026,6937	0,920	0,210	0,518	1,000	-47,033
173026,7196	0,923	0,210	0,514	1,000	-47,070
173026,7346	0,925	0,210	0,512	1,000	-47,125
173026,7515	0,928	0,210	0,509	1,000	-47,135
173026,7695	0,930	0,210	0,507	1,000	-47,105
173026,7864	0,932	0,210	0,505	1,000	-47,050
173026,8034	0,934	0,210	0,502	1,000	-47,070
173026,8104	0,935	0,210	0,501	1,000	-47,032
173026,8273	0,937	0,210	0,499	1,000	-47,089
173026,8533	0,940	0,210	0,495	1,000	-47,008
173026,8702	0,942	0,210	0,493	1,000	-46,994
173026,8862	0,945	0,210	0,490	1,000	-46,995
173026,9031	0,947	0,210	0,488	1,000	-47,025
173026,9201	0,949	0,210	0,486	1,000	-47,180
173026,9360	0,951	0,210	0,484	1,000	-47,260
173026,9440	0,952	0,210	0,482	1,000	-47,329
173026,9610	0,954	0,210	0,480	1,000	-47,366
173026,9869	0,958	0,210	0,476	1,000	-47,420
173027,0029	0,960	0,210	0,474	1,000	-47,387
173027,0198	0,962	0,210	0,472	1,000	-47,313
173027,0368	0,964	0,210	0,470	1,000	-47,368
173027,0527	0,966	0,210	0,467	1,000	-47,345
173027,0727	0,968	0,210	0,465	1,000	-47,409
173027,0787	0,969	0,210	0,464	1,000	-47,359
173027,0946	0,971	0,210	0,461	1,000	-47,441
173027,1196	0,975	0,210	0,458	1,000	-47,365
173027,1365	0,977	0,210	0,455	1,000	-47,408
173027,1535	0,979	0,210	0,453	1,000	-47,413
173027,1704	0,982	0,210	0,451	1,000	-47,534
173027,1864	0,984	0,210	0,448	1,000	-47,582
173027,2033	0,986	0,210	0,446	1,000	-47,605
173027,2113	0,987	0,209	0,445	1,000	-47,569
173027,2273	0,989	0,210	0,442	1,000	-47,540
173027,2532	0,992	0,210	0,439	1,000	-47,564
173027,2721	0,994	0,210	0,436	1,000	-47,565
173027,2871	0,996	0,209	0,434	1,000	-47,521
173027,3031	0,998	0,209	0,432	1,000	-47,528
173027,3200	1,000	0,209	0,430	1,000	-47,593
173027,3370	1,002	0,209	0,427	1,000	-47,518
173027,3449	1,003	0,209	0,426	1,000	-47,510
173027,3609	1,005	0,209	0,424	1,000	-47,533
173027,3868	1,009	0,209	0,420	1,000	-47,560
173027,4028	1,011	0,209	0,418	1,000	-47,624
173027,4198	1,013	0,209	0,416	1,000	-47,775
173027,4367	1,015	0,209	0,413	1,000	-47,902
173027,4527	1,017	0,209	0,411	1,000	-47,910
173027,4696	1,019	0,209	0,409	1,000	-47,879
173027,4776	1,020	0,209	0,407	1,000	-47,950
173027,4926	1,022	0,209	0,405	1,000	-47,921
173027,5175	1,025	0,209	0,401	1,000	-47,867
173027,5344	1,027	0,209	0,399	1,000	-47,889
173027,5524	1,029	0,209	0,396	1,000	-47,991
173027,5694	1,031	0,209	0,394	1,000	-47,834
173027,5853	1,033	0,209	0,392	1,000	-47,959
173027,6023	1,036	0,209	0,389	1,000	-47,917
173027,6102	1,037	0,209	0,388	1,000	-47,882
173027,6272	1,039	0,209	0,386	1,000	-47,895
173027,6531	1,042	0,209	0,382	1,000	-47,939
173027,6691	1,044	0,209	0,380	1,000	-48,030
173027,6860	1,046	0,209	0,377	1,000	-48,016
173027,7030	1,048	0,209	0,375	1,000	-48,049
173027,7229	1,050	0,209	0,373	1,000	-48,127
173027,7359	1,052	0,209	0,370	1,000	-48,075
173027,7439	1,053	0,209	0,369	1,000	-48,106
173027,7598	1,055	0,209	0,367	1,000	-48,102
173027,7858	1,058	0,209	0,363	1,000	-48,015
173027,8027	1,060	0,209	0,361	1,000	-48,094
173027,8197	1,062	0,209	0,359	1,000	-48,034
173027,8356	1,064	0,209	0,356	1,000	-48,074
173027,8526	1,066	0,209	0,354	1,000	-48,062
173027,8695	1,068	0,209	0,351	1,000	-48,005
173027,8765	1,070	0,209	0,350	1,000	-48,079
173027,8935	1,072	0,209	0,348	1,000	-47,981
173027,9194	1,075	0,209	0,344	1,000	-48,153
173027,9354	1,077	0,209	0,341	1,000	-48,280
173027,9523	1,079	0,209	0,339	1,000	-48,352
173027,9693	1,081	0,209	0,336	1,000	-48,391
173027,9852	1,084	0,209	0,334	1,000	-48,413
173028,0022	1,086	0,209	0,332	1,000	-48,419
173028,0102	1,087	0,209	0,331	1,000	-48,404
173028,0261	1,089	0,209	0,328	1,000	-48,415
173028,0521	1,092	0,209	0,325	1,000	-48,522
173028,0690	1,094	0,209	0,322	1,000	-48,568
173028,0850	1,096	0,209	0,320	1,000	-48,454
173028,1019	1,098	0,209	0,317	1,000	-48,426
173028,1199	1,101	0,209	0,315	1,000	-48,501
173028,1348	1,103	0,209	0,312	1,000	-48,504
173028,1438	1,104	0,209	0,311	1,000	-48,507
173028,1598	1,106	0,209	0,309	1,000	-48,546
173028,1857	1,109	0,209	0,305	1,000	-48,579
173028,2017	1,111	0,208	0,303	1,000	-48,611
173028,2186	1,113	0,208	0,300	1,000	-48,538
173028,2356	1,115	0,209	0,298	1,000	-48,623
173028,2515	1,117	0,208	0,295	1,000	-48,568
173028,2685	1,119	0,208	0,293	1,000	-48,501
173028,2765	1,120	0,208	0,291	1,000	-48,531
173028,2964	1,122	0,208	0,289	1,000	-48,554
173028,3193	1,125	0,208	0,285	1,000	-48,594
173028,3353	1,127	0,208	0,283	1,000	-48,553
173028,3523	1,129	0,208	0,280	1,000	-48,581
173028,3682	1,131	0,208	0,278	1,000	-48,598
173028,3862	1,133	0,208	0,275	1,000	-48,574
173028,4021	1,135	0,208	0,273	1,000	-48,709
173028,4101	1,137	0,208	0,272	1,000	-48,693
173028,4276	1,139	0,208	0,270	1,000	-48,765
173028,4525	1,142	0,208	0,266	1,000	-48,888
173028,4675	1,144	0,208	0,264	1,000	-48,900
173028,4845	1,146	0,208	0,261	1,000	-48,982
173028,5005	1,148	0,208	0,259	1,000	-48,941
173028,5184	1,150	0,208	0,256	1,000	-49,024
173028,5354	1,152	0,208	0,254	1,000	-48,950
173028,5434	1,153	0,208	0,253	1,000	-48,968
173028,5603	1,155	0,208	0,250	1,000	-49,017
173028,5853	1,159	0,208	0,246	1,000	-49,019
173028,6043	1,161	0,208	0,244	1,000	-48,927
173028,6192	1,163	0,208	0,241	1,000	-48,955
173028,6362	1,165	0,208	0,239	1,000	-48,930
173028,6522	1,167	0,208	0,236	1,000	-48,902
173028,6692	1,169	0,208	0,234	1,000	-49,055
173028,6772	1,170	0,208	0,233	1,000	-49,006
173028,6942	1,172	0,208	0,230	1,000	-49,046
173028,7191	1,175	0,208	0,227	1,000	-49,081
173028,7358	1,177	0,208	0,225	1,000	-49,121
173028,7528	1,179	0,208	0,222	1,000	-49,073
173028,7697	1,181	0,207	0,220	1,000	-49,098
173028,7857	1,183	0,208	0,217	1,000	-49,043
173028,8026	1,185	0,208	0,215	1,000	-49,100
173028,8106	1,186	0,208	0,214	1,000	-49,117
173028,8276	1,188	0,208	0,211	1,000	-49,092
173028,8525	1,191	0,207	0,208	1,000	-49,178
173028,8694	1,193	0,207	0,205	1,000	-49,128
173028,8853	1,196	0,207	0,203	1,000	-49,139
173028,9023	1,198	0,207	0,201	1,000	-49,200
173028,9192	1,200	0,207	0,198	1,000	-49,210
173028,9362	1,202	0,207	0,195	1,000	-49,283
173028,9442	1,203	0,207	0,194	1,000	-49,292
173028,9601	1,205	0,207	0,191	1,000	-49,334
173028,9894	1,208	0,207	0,188	1,000	-49,471
173029,0064	1,210	0,207	0,185	1,000	-49,443
173029,0194	1,212	0,207	0,183	1,000	-49,492
173029,0363	1,214	0,207	0,181	1,000	-49,396
173029,0523	1,216	0,207	0,178	1,000	-49,468
173029,0692	1,218	0,207	0,176	1,000	-49,480
173029,0782	1,219	0,207	0,175	1,000	-49,440
173029,0938	1,221	0,207	0,172	1,000	-49,404
173029,1198	1,225	0,207	0,169	1,000	-49,421
173029,1357	1,227	0,207	0,166	1,000	-49,454
173029,1527	1,229	0,207	0,164	1,000	-49,450
173029,1697	1,231	0,207	0,161	1,000	-49,531
173029,1861	1,233	0,207	0,159	1,000	-49,613
173029,2020	1,235	0,207	0,157	1,000	-49,646
173029,2100	1,236	0,207	0,156	1,000	-49,672
173029,2269	1,238	0,207	0,153	1,000	-49,676
173029,2519	1,241	0,207	0,150	1,000	-49,724
173029,2688	1,243	0,207	0,147	1,000	-49,561
173029,2868	1,245	0,207	0,145	1,000	-49,630
173029,3027	1,247	0,207	0,143	1,000	-49,665
173029,3207	1,249	0,207	0,140	1,000	-49,680
173029,3367	1,251	0,207	0,138	1,000	-49,606
173029,3429	1,252	0,207	0,137	1,000	-49,663
173029,3599	1,254	0,207	0,134	1,000	-49,538
173029,3908	1,257	0,207	0,131	1,000	-49,628
173029,4018	1,259	0,207	0,128	1,000	-49,670
173029,4188	1,261	0,207	0,126	1,000	-49,693
173029,4358	1,263	0,207	0,123	1,000	-49,790
173029,4528	1,265	0,207	0,120	1,000	-49,876
173029,4689	1,267	0,207	0,118	1,000	-49,889
173029,4769	1,268	0,206	0,116	1,000	-49,884
173029,4918	1,270	0,206	0,114	1,000	-49,970
173029,5178	1,273	0,206	0,110	1,000	-49,931
173029,5337	1,275	0,206	0,108	1,000	-49,889
173029,5527	1,277	0,206	0,106	1,000	-49,995
173029,5696	1,279	0,206	0,103	1,000	-49,930
173029,5857	1,281	0,206	0,101	1,000	-49,983
173029,6032	1,283	0,206	0,098	1,000	-49,926
173029,6102	1,284	0,206	0,097	1,000	-49,909
173029,6313	1,287	0,206	0,095	1,000	-49,869
173029,6522	1,290	0,206	0,091	1,000	-49,989
173029,6692	1,292	0,206	0,089	1,000	-50,048
173029,6861	1,294	0,206	0,087	1,000	-50,011
173029,7021	1,296	0,206	0,085	1,000	-50,149
173029,7181	1,298	0,207	0,083	1,000	-50,151
173029,7350	1,300	0,206	0,080	1,000	-50,102
173029,7430	1,301	0,206	0,079	1,000	-50,151
173029,7600	1,303	0,206	0,077	1,000	-50,114
173029,7860	1,306	0,206	0,073	1,000	-50,113
173029,8022	1,308	0,206	0,070	1,000	-50,103
173029,8191	1,310	0,206	0,068	1,000	-50,074
173029,8351	1,312	0,206	0,065	1,000	-50,130
173029,8521	1,314	0,206	0,063	1,000	-50,094
173029,8681	1,316	0,206	0,060	1,000	-50,004
173029,8770	1,317	0,206	0,059	1,000	-50,110
173029,8930	1,319	0,206	0,057	1,000	-50,160
173029,9189	1,322	0,206	0,053	1,000	-50,220
173029,9349	1,324	0,206	0,050	1,000	-50,228
173029,9519	1,326	0,206	0,048	1,000	-50,332
173029,9692	1,328	0,206	0,045	1,000	-50,354
173029,9853	1,330	0,206	0,043	1,000	-50,362
173030,0021	1,332	0,206	0,040	1,000	-50,352
173030,0098	1,333	0,206	0,039	1,000	-50,372
173030,0267	1,335	0,206	0,037	1,000	-50,352
173030,0527	1,338	0,206	0,033	1,000	-50,389
173030,0693	1,340	0,206	0,031	1,000	-50,433
173030,0853	1,342	0,206	0,029	1,000	-50,389
173030,1022	1,344	0,206	0,026	1,000	-50,411
173030,1192	1,346	0,206	0,024	1,000	-50,447
173030,1351	1,348	0,206	0,021	1,000	-50,374
173030,1433	1,349	0,206	0,020	1,000	-50,308
173030,1592	1,352	0,206	0,017	1,000	-50,434
173030,1872	1,355	0,206	0,013	1,000	-50,456
173030,2012	1,357	0,206	0,011	1,000	-50,484
173030,2191	1,359	0,205	0,009	1,000	-50,565
173030,2351	1,361	0,205	0,006	1,000	-50,516
173030,2520	1,363	0,205	0,004	1,000	-50,621
173030,2690	1,365	0,205	0,001	1,000	-50,558
173030,2779	1,366	0,205	-0,000	1,000	-50,563
173030,2929	1,367	0,205	-0,002	1,000	-50,552
173030,3188	1,370	0,205	-0,006	1,000	-50,596
173030,3358	1,372	0,205	-0,008	1,000	-50,529
173030,3518	1,374	0,205	-0,011	1,000	-50,577
173030,3687	1,377	0,205	-0,013	1,000	-50,605
173030,3857	1,379	0,205	-0,016	1,000	-50,631
173030,4016	1,381	0,205	-0,018	1,000	-50,583
173030,4096	1,382	0,205	-0,020	1,000	-50,675
173030,4265	1,384	0,205	-0,022	1,000	-50,710
173030,4515	1,387	0,205	-0,026	1,000	-50,842
173030,4684	1,389	0,205	-0,028	1,000	-50,799
173030,4854	1,391	0,205	-0,031	1,000	-50,821
173030,5023	1,393	0,205	-0,033	1,000	-50,815
173030,5183	1,394	0,205	-0,036	1,000	-50,799
173030,5353	1,397	0,205	-0,038	1,000	-50,837
173030,5432	1,397	0,205	-0,039	1,000	-50,805
173030,5592	1,400	0,205	-0,042	1,000	-50,847
173030,5851	1,403	0,205	-0,045	1,000	-50,824
173030,6021	1,405	0,205	-0,048	1,000	-50,792
173030,6190	1,407	0,205	-0,050	1,000	-50,783
173030,6350	1,409	0,205	-0,053	1,000	-50,806
173030,6519	1,411	0,205	-0,055	1,000	-50,896
173030,6689	1,413	0,205	-0,058	1,000	-50,872
173030,6759	1,414	0,205	-0,059	1,000	-50,956
173030,6928	1,416	0,205	-0,062	1,000	-50,988
173030,7188	1,418	0,205	-0,065	1,000	-50,957
173030,7357	1,420	0,205	-0,068	1,000	-51,017
173030,7537	1,422	0,205	-0,070	1,000	-51,011
173030,7686	1,424	0,205	-0,073	1,000	-50,971
173030,7846	1,426	0,204	-0,075	1,000	-51,025
173030,8025	1,428	0,204	-0,077	1,000	-51,007
173030,8095	1,429	0,204	-0,079	1,000	-51,054
173030,8265	1,431	0,205	-0,081	1,000	-51,036
173030,8514	1,434	0,205	-0,085	1,000	-50,985
173030,8684	1,436	0,205	-0,087	1,000	-51,024
173030,8853	1,438	0,205	-0,090	1,000	-50,982
173030,9073	1,440	0,205	-0,092	1,000	-51,022
173030,9182	1,442	0,205	-0,095	1,000	-51,122
173030,9352	1,444	0,204	-0,097	1,000	-51,169
173030,9432	1,445	0,205	-0,099	1,000	-51,140
173030,9591	1,447	0,204	-0,101	1,000	-51,246
173030,9851	1,450	0,204	-0,105	1,000	-51,260
173031,0020	1,452	0,204	-0,107	1,000	-51,243
173031,0190	1,453	0,204	-0,110	1,000	-51,330
173031,0349	1,455	0,204	-0,112	1,000	-51,335
173031,0519	1,457	0,204	-0,115	1,000	-51,256
173031,0688	1,459	0,204	-0,117	1,000	-51,301
173031,0768	1,460	0,204	-0,118	1,000	-51,318
173031,0928	1,462	0,204	-0,121	1,000	-51,339
173031,1187	1,465	0,204	-0,125	1,000	-51,243
173031,1357	1,467	0,204	-0,127	1,000	-51,239
173031,1516	1,469	0,204	-0,130	1,000	-51,300
173031,1686	1,471	0,204	-0,132	1,000	-51,363
173031,1855	1,473	0,204	-0,134	1,000	-51,425
173031,2015	1,475	0,204	-0,137	1,000	-51,420
173031,2095	1,476	0,204	-0,138	1,000	-51,401
173031,2264	1,478	0,204	-0,140	1,000	-51,388
173031,2514	1,481	0,204	-0,144	1,000	-51,421
173031,2693	1,483	0,204	-0,147	1,000	-51,363
173031,2853	1,484	0,204	-0,149	1,000	-51,340
173031,3022	1,486	0,204	-0,152	1,000	-51,364
173031,3192	1,488	0,204	-0,154	1,000	-51,397
173031,3351	1,490	0,204	-0,157	1,000	-51,414
173031,3441	1,491	0,204	-0,158	1,000	-51,389
173031,3611	1,493	0,204	-0,161	1,000	-51,422
173031,3860	1,496	0,204	-0,165	1,000	-51,351
173031,4029	1,498	0,204	-0,167	1,000	-51,348
173031,4189	1,500	0,204	-0,170	1,000	-51,515
173031,4369	1,502	0,204	-0,172	1,000	-51,569
173031,4528	1,504	0,204	-0,175	1,000	-51,600
173031,4718	1,506	0,204	-0,178	1,000	-51,626
173031,4777	1,507	0,204	-0,179	1,000	-51,599
173031,4937	1,509	0,204	-0,181	1,000	-51,614
173031,5196	1,511	0,204	-0,185	1,000	-51,662
173031,5356	1,513	0,204	-0,187	1,000	-51,649
173031,5575	1,515	0,204	-0,190	1,000	-51,609
173031,5735	1,517	0,204	-0,193	1,000	-51,663
173031,5855	1,519	0,204	-0,195	1,000	-51,680
173031,6024	1,521	0,204	-0,198	1,000	-51,671
173031,6104	1,522	0,204	-0,199	1,000	-51,668
173031,6273	1,525	0,204	-0,202	1,000	-51,607
173031,6523	1,528	0,204	-0,205	1,000	-51,676
173031,6692	1,529	0,204	-0,208	1,000	-51,675
173031,6862	1,531	0,204	-0,211	1,000	-51,723
173031,7031	1,533	0,204	-0,213	1,000	-51,785
173031,7191	1,535	0,204	-0,215	1,000	-51,815
173031,7360	1,537	0,204	-0,218	1,000	-51,771
173031,7440	1,537	0,204	-0,219	1,000	-51,818
173031,7600	1,539	0,204	-0,221	1,000	-51,756
173031,7859	1,542	0,204	-0,225	1,000	-51,704
173031,8029	1,544	0,204	-0,228	1,000	-51,752
173031,8188	1,546	0,204	-0,230	1,000	-51,781
173031,8358	1,547	0,204	-0,233	1,000	-51,741
173031,8527	1,549	0,204	-0,235	1,000	-51,692
173031,8697	1,551	0,204	-0,238	1,000	-51,654
173031,8807	1,552	0,204	-0,239	1,000	-51,751
173031,8936	1,554	0,204	-0,241	1,000	-51,715
173031,9196	1,557	0,204	-0,245	1,000	-51,787
173031,9355	1,559	0,204	-0,248	1,000	-51,819
173031,9525	1,561	0,204	-0,250	1,000	-51,838
173031,9694	1,563	0,204	-0,253	1,000	-51,898
173031,9854	1,565	0,204	-0,256	1,000	-51,899
173032,0023	1,567	0,204	-0,258	1,000	-51,940
173032,0093	1,568	0,204	-0,260	1,000	-51,906
173032,0263	1,570	0,204	-0,262	1,000	-51,896
173032,0532	1,572	0,204	-0,266	1,000	-51,893
173032,0692	1,574	0,204	-0,268	1,000	-51,945
173032,0861	1,576	0,204	-0,270	1,000	-51,855
173032,1021	1,578	0,204	-0,273	1,000	-51,948
173032,1200	1,580	0,204	-0,275	1,000	-51,970
173032,1360	1,581	0,204	-0,276	1,000	-51,974
173032,1440	1,581	0,204	-0,277	1,000	-52,031
173032,1609	1,581	0,204	-0,277	1,000	-52,107
173032,1878	1,581	0,204	-0,277	1,000	-52,075
173032,2148	1,581	0,204	-0,277	1,000	-52,036
173032,2247	1,581	0,204	-0,276	1,000	-51,995
173032,2357	1,580	0,204	-0,276	1,000	-51,998
173032,2527	1,580	0,204	-0,276	1,000	-51,992
173032,2696	1,580	0,204	-0,276	1,000	-52,008
173032,2776	1,580	0,204	-0,276	1,000	-52,011
173032,2946	1,580	0,204	-0,276	1,000	-51,994
173032,3195	1,580	0,204	-0,276	1,000	-51,989
173032,3354	1,580	0,204	-0,276	1,000	-51,978
173032,3524	1,580	0,204	-0,276	1,000	-52,002
173032,3694	1,580	0,204	-0,276	1,000	-51,985
173032,3863	1,580	0,204	-0,276	1,000	-52,000
173032,4023	1,580	0,204	-0,276	1,000	-51,996
173032,4102	1,580	0,204	-0,276	1,000	-51,997
173032,4272	1,580	0,204	-0,276	1,000	-52,001
173032,4531	1,580	0,204	-0,276	1,000	-51,997
173032,4691	1,580	0,204	-0,276	1,000	-51,985
173032,4860	1,580	0,204	-0,276	1,000	-52,000
173032,5000	1,580	0,204	-0,276	1,000	-51,999
173032,5190	1,580	0,204	-0,276	1,000	-52,002
173032,5359	1,580	0,204	-0,276	1,000	-51,997
173032,5439	1,580	0,204	-0,276	1,000	-52,002
173032,5608	1,580	0,204	-0,276	1,000	-51,997
173032,5858	1,580	0,204	-0,276	1,000	-52,010
173032,6027	1,580	0,204	-0,276	1,000	-51,993
173032,6187	1,580	0,204	-0,276	1,000	-52,003
173032,6356	1,580	0,204	-0,276	1,000	-51,982
173032,6526	1,580	0,204	-0,276	1,000	-51,997
173032,6696	1,580	0,204	-0,276	1,000	-52,005
173032,6775	1,580	0,204	-0,276	1,000	-52,001
173032,6945	1,580	0,204	-0,276	1,000	-51,983
173032,7194	1,580	0,204	-0,276	1,000	-51,994
173032,7354	1,580	0,204	-0,276	1,000	-52,000
173032,7533	1,580	0,204	-0,276	1,000	-51,988
173032,7693	1,580	0,204	-0,276	1,000	-51,987
173032,7863	1,580	0,204	-0,276	1,000	-51,991
173032,8022	1,580	0,204	-0,276	1,000	-51,998
173032,8112	1,580	0,204	-0,276	1,000	-51,995
173032,8280	1,580	0,204	-0,276	1,000	-51,994
173032,8530	1,580	0,204	-0,276	1,000	-51,996
173032,8689	1,580	0,204	-0,276	1,000	-51,991
173032,8859	1,580	0,204	-0,276	1,000	-51,989
173032,9048	1,580	0,204	-0,276	1,000	-52,001
173032,9188	1,580	0,204	-0,276	1,000	-52,002
173032,9362	1,580	0,204	-0,276	1,000	-51,992
173032,9442	1,580	0,204	-0,276	1,000	-52,000
173032,9611	1,580	0,204	-0,276	1,000	-51,987
173032,9851	1,580	0,204	-0,276	1,000	-52,007
173033,0020	1,580	0,204	-0,276	1,000	-51,986
173033,0190	1,580	0,204	-0,276	1,000	-51,984
173033,0355	1,580	0,204	-0,276	1,000	-52,003
173033,0524	1,580	0,204	-0,276	1,000	-51,985
173033,0694	1,580	0,204	-0,276	1,000	-51,994
173033,0774	1,580	0,204	-0,276	1,000	-52,008
173033,0943	1,580	0,204	-0,276	1,000	-51,996
173033,1193	1,580	0,204	-0,276	1,000	-51,989
173033,1362	1,580	0,204	-0,276	1,000	-52,002
173033,1522	1,580	0,204	-0,276	1,000	-51,984
173033,1691	1,580	0,204	-0,276	1,000	-52,001
173033,1861	1,580	0,204	-0,276	1,000	-51,995
173033,2020	1,580	0,204	-0,276	1,000	-51,998
173033,2120	1,580	0,204	-0,276	1,000	-51,991
173033,2270	1,580	0,204	-0,276	1,000	-51,980
173033,2529	1,580	0,204	-0,276	1,000	-51,996
173033,2689	1,580	0,204	-0,276	1,000	-51,991
173033,2858	1,580	0,204	-0,276	1,000	-51,999
173033,3527	1,580	0,204	-0,276	1,000	-51,996
173033,3626	1,580	0,204	-0,276	1,000	-51,997
173033,3736	1,580	0,204	-0,276	1,000	-52,002
173033,3786	1,580	0,204	-0,276	1,000	-51,994
173033,3896	1,580	0,204	-0,276	1,000	-51,996
173033,4066	1,580	0,204	-0,276	1,000	-51,992
173033,4186	1,580	0,204	-0,276	1,000	-51,996
173033,4295	1,580	0,204	-0,276	1,000	-51,989
173033,4395	1,580	0,204	-0,276	1,000	-51,990
173033,4525	1,580	0,204	-0,276	1,000	-51,988
173033,4714	1,580	0,204	-0,276	1,000	-52,005
173033,4855	1,580	0,204	-0,276	1,000	-51,999
173033,4955	1,580	0,204	-0,276	1,000	-52,005
173033,5188	1,580	0,204	-0,276	1,000	-52,010
173033,5338	1,580	0,204	-0,276	1,000	-52,001
173033,5507	1,580	0,204	-0,276	1,000	-52,001
173033,5687	1,580	0,204	-0,276	1,000	-51,998
173033,5857	1,580	0,204	-0,276	1,000	-51,998
173033,6026	1,580	0,204	-0,276	1,000	-52,003
173033,6107	1,580	0,204	-0,276	1,000	-52,000
173033,6266	1,580	0,204	-0,276	1,000	-52,005
173033,6523	1,580	0,204	-0,276	1,000	-52,000
173033,6693	1,580	0,204	-0,276	1,000	-52,005
173033,6863	1,580	0,204	-0,276	1,000	-52,000
173033,7022	1,580	0,204	-0,276	1,000	-51,992
173033,7192	1,580	0,204	-0,276	1,000	-52,003
173033,7357	1,580	0,204	-0,276	1,000	-52,001
173033,7437	1,580	0,204	-0,276	1,000	-52,003
173033,7607	1,580	0,204	-0,276	1,000	-51,987
173033,7856	1,580	0,204	-0,276	1,000	-52,003
173033,8026	1,580	0,204	-0,276	1,000	-52,000
173033,8186	1,580	0,204	-0,276	1,000	-51,992
173033,8355	1,580	0,204	-0,276	1,000	-51,993
173033,8525	1,580	0,204	-0,276	1,000	-51,998
173033,8687	1,580	0,204	-0,276	1,000	-52,005
173033,8767	1,580	0,204	-0,276	1,000	-51,999
173033,8946	1,580	0,204	-0,276	1,000	-52,004
173033,9181	1,580	0,204	-0,276	1,000	-52,001
173033,9351	1,580	0,204	-0,276	1,000	-52,003
173033,9521	1,580	0,204	-0,276	1,000	-51,998
173033,9690	1,580	0,204	-0,276	1,000	-51,994
173033,9859	1,580	0,204	-0,276	1,000	-51,987
173034,0018	1,580	0,204	-0,276	1,000	-52,013
173034,0108	1,580	0,204	-0,276	1,000	-52,000
173034,0268	1,580	0,204	-0,276	1,000	-51,992
173034,0527	1,580	0,204	-0,276	1,000	-51,988
173034,0766	1,580	0,204	-0,276	1,000	-51,986
173034,0936	1,580	0,204	-0,276	1,000	-51,990
173034,1097	1,580	0,204	-0,276	1,000	-52,001
173034,1266	1,580	0,204	-0,276	1,000	-51,998
173034,1436	1,580	0,204	-0,276	1,000	-51,990
173034,1525	1,580	0,204	-0,276	1,000	-52,001
173034,1685	1,580	0,204	-0,276	1,000	-52,003
173034,1944	1,580	0,204	-0,276	1,000	-51,996
173034,2183	1,580	0,204	-0,276	1,000	-51,990
173034,2363	1,580	0,204	-0,276	1,000	-51,991
173034,2523	1,580	0,204	-0,276	1,000	-51,993
173034,2687	1,580	0,204	-0,276	1,000	-52,004
173034,2855	1,580	0,204	-0,276	1,000	-51,995
173034,2935	1,580	0,204	-0,276	1,000	-51,991
173034,3104	1,580	0,204	-0,276	1,000	-52,001
173034,3385	1,580	0,204	-0,276	1,000	-51,999
173034,3601	1,580	0,204	-0,276	1,000	-52,005
173034,3771	1,580	0,204	-0,276	1,000	-51,998
173034,3934	1,580	0,204	-0,276	1,000	-51,982
173034,4105	1,580	0,204	-0,276	1,000	-51,987
173034,4264	1,580	0,204	-0,276	1,000	-51,993
173034,4354	1,580	0,204	-0,276	1,000	-52,002
173034,4523	1,580	0,204	-0,276	1,000	-51,988
173034,4772	1,580	0,204	-0,276	1,000	-52,012
173034,5021	1,580	0,204	-0,276	1,000	-51,999
173034,5184	1,580	0,204	-0,276	1,000	-52,001
173034,5353	1,580	0,204	-0,276	1,000	-51,992
173034,5520	1,580	0,204	-0,276	1,000	-52,009
173034,5690	1,580	0,204	-0,276	1,000	-52,004
173034,5769	1,580	0,204	-0,276	1,000	-51,999
173034,5938	1,580	0,204	-0,276	1,000	-52,011
173034,6188	1,580	0,204	-0,276	1,000	-51,994
173034,6458	1,580	0,204	-0,276	1,000	-52,006
173034,6597	1,580	0,204	-0,276	1,000	-52,003
173034,6767	1,580	0,204	-0,276	1,000	-51,995
173034,6937	1,580	0,204	-0,276	1,000	-51,989
173034,7106	1,580	0,204	-0,276	1,000	-51,992
173034,7186	1,580	0,204	-0,276	1,000	-51,982
173034,7356	1,580	0,204	-0,276	1,000	-51,997
173034,7606	1,580	0,204	-0,276	1,000	-52,000
173034,7857	1,580	0,204	-0,276	1,000	-51,994
173034,8026	1,580	0,204	-0,276	1,000	-51,993
173034,8185	1,580	0,204	-0,276	1,000	-51,998
173034,8355	1,580	0,204	-0,276	1,000	-51,991
173034,8520	1,580	0,204	-0,276	1,000	-51,999
173034,8598	1,580	0,204	-0,276	1,000	-52,000
173034,8768	1,580	0,204	-0,276	1,000	-52,003
173034,9017	1,580	0,204	-0,276	1,000	-51,992
173034,9267	1,580	0,204	-0,276	1,000	-51,995
173034,9435	1,580	0,204	-0,276	1,000	-52,004
173034,9594	1,580	0,204	-0,276	1,000	-52,000
173034,9774	1,580	0,204	-0,276	1,000	-52,010
173034,9923	1,580	0,204	-0,276	1,000	-52,002
173035,0013	1,580	0,204	-0,276	1,000	-51,989
173035,0183	1,580	0,204	-0,276	1,000	-51,998
