172724,1199	-0,455	0,221	-0,297	1,000	0,157
172724,1448	-0,455	0,221	-0,297	1,000	0,201
172724,1528	-0,455	0,221	-0,297	1,000	0,150
172724,1698	-0,455	0,221	-0,297	1,000	0,162
172724,1937	-0,455	0,221	-0,297	1,000	0,174
172724,2017	-0,455	0,221	-0,297	1,000	0,196
172724,2186	-0,455	0,221	-0,297	1,000	0,194
172724,2441	-0,455	0,221	-0,297	1,000	0,171
172724,2521	-0,455	0,221	-0,297	1,000	0,155
172724,2689	-0,455	0,221	-0,297	1,000	0,179
172724,2938	-0,455	0,221	-0,297	1,000	0,154
172724,3018	-0,455	0,221	-0,297	1,000	0,204
172724,3187	-0,455	0,221	-0,297	1,000	0,132
172724,3448	-0,455	0,221	-0,297	1,000	0,200
172724,3527	-0,455	0,221	-0,297	1,000	0,200
172724,3687	-0,455	0,221	-0,297	1,000	0,177
172724,3937	-0,455	0,221	-0,297	1,000	0,156
172724,4026	-0,455	0,221	-0,297	1,000	0,152
172724,4186	-0,455	0,221	-0,297	1,000	0,194
172724,4435	-0,455	0,221	-0,297	1,000	0,163
172724,4518	-0,455	0,221	-0,297	1,000	0,198
172724,4687	-0,455	0,221	-0,297	1,000	0,146
172724,4936	-0,455	0,221	-0,297	1,000	0,157
172724,5016	-0,455	0,221	-0,297	1,000	0,192
172724,5185	-0,455	0,221	-0,297	1,000	0,193
172724,5435	-0,455	0,221	-0,297	1,000	0,193
172724,5524	-0,455	0,221	-0,297	1,000	0,154
172724,5686	-0,455	0,221	-0,297	1,000	0,187
172724,5937	-0,455	0,221	-0,297	1,000	0,191
172724,6017	-0,455	0,221	-0,297	1,000	0,166
172724,6186	-0,455	0,221	-0,297	1,000	0,176
172724,6436	-0,455	0,221	-0,297	1,000	0,170
172724,6515	-0,455	0,221	-0,297	1,000	0,150
172724,6745	-0,455	0,221	-0,297	1,000	0,199
172724,6935	-0,455	0,221	-0,297	1,000	0,155
172724,7025	-0,455	0,221	-0,297	1,000	0,193
172724,7184	-0,455	0,221	-0,297	1,000	0,158
172724,7433	-0,455	0,221	-0,297	1,000	0,206
172724,7523	-0,455	0,221	-0,297	1,000	0,164
172724,7683	-0,455	0,221	-0,297	1,000	0,176
172724,7942	-0,455	0,221	-0,297	1,000	0,200
172724,8032	-0,455	0,221	-0,297	1,000	0,171
172724,8191	-0,455	0,221	-0,297	1,000	0,170
172724,8441	-0,455	0,221	-0,297	1,000	0,195
172724,8531	-0,455	0,221	-0,297	1,000	0,193
172724,8697	-0,455	0,221	-0,297	1,000	0,160
172724,8970	-0,455	0,221	-0,297	1,000	0,161
172724,9030	-0,455	0,221	-0,297	1,000	0,195
172724,9196	-0,455	0,221	-0,297	1,000	0,154
172724,9445	-0,455	0,221	-0,297	1,000	0,193
172724,9535	-0,455	0,221	-0,297	1,000	0,191
172724,9695	-0,455	0,221	-0,297	1,000	0,164
172724,9943	-0,455	0,221	-0,297	1,000	0,201
172725,0032	-0,455	0,221	-0,297	1,000	0,167
172725,0189	-0,455	0,221	-0,297	1,000	0,151
172725,0440	-0,455	0,221	-0,297	1,000	0,158
172725,0529	-0,455	0,221	-0,297	1,000	0,158
172725,0699	-0,455	0,221	-0,297	1,000	0,158
172725,0948	-0,455	0,221	-0,297	1,000	0,156
172725,1028	-0,455	0,221	-0,297	1,000	0,157
172725,1199	-0,455	0,221	-0,297	1,000	0,158
172725,1448	-0,455	0,221	-0,297	1,000	0,214
172725,1528	-0,455	0,221	-0,297	1,000	0,173
172725,1697	-0,455	0,221	-0,297	1,000	0,158
172725,1947	-0,455	0,221	-0,297	1,000	0,154
172725,2038	-0,455	0,221	-0,297	1,000	0,154
172725,2190	-0,455	0,221	-0,297	1,000	0,174
172725,2440	-0,455	0,221	-0,297	1,000	0,154
172725,2530	-0,455	0,221	-0,297	1,000	0,160
172725,2692	-0,455	0,221	-0,297	1,000	0,196
172725,2945	-0,455	0,221	-0,297	1,000	0,196
172725,3030	-0,455	0,221	-0,297	1,000	0,156
172725,3200	-0,455	0,221	-0,297	1,000	0,217
172725,3447	-0,455	0,221	-0,297	1,000	0,144
172725,3527	-0,455	0,221	-0,297	1,000	0,163
172725,3707	-0,455	0,221	-0,297	1,000	0,155
172725,3946	-0,455	0,221	-0,297	1,000	0,148
172725,4036	-0,455	0,221	-0,297	1,000	0,210
172725,4196	-0,455	0,221	-0,297	1,000	0,151
172725,4447	-0,455	0,221	-0,297	1,000	0,162
172725,4527	-0,455	0,221	-0,297	1,000	0,160
172725,4697	-0,455	0,221	-0,297	1,000	0,155
172725,4949	-0,455	0,221	-0,297	1,000	0,174
172725,5029	-0,455	0,221	-0,297	1,000	0,199
172725,5199	-0,455	0,221	-0,297	1,000	0,201
172725,5439	-0,455	0,221	-0,297	1,000	0,202
172725,5529	-0,455	0,221	-0,297	1,000	0,207
172725,5701	-0,455	0,221	-0,297	1,000	0,150
172725,5942	-0,455	0,221	-0,297	1,000	0,187
172725,6032	-0,455	0,221	-0,297	1,000	0,198
172725,6203	-0,455	0,221	-0,297	1,000	0,172
172725,6444	-0,455	0,221	-0,297	1,000	0,154
172725,6534	-0,455	0,221	-0,297	1,000	0,169
172725,6696	-0,455	0,221	-0,297	1,000	0,161
172725,6946	-0,455	0,221	-0,297	1,000	0,155
172725,7026	-0,455	0,221	-0,297	1,000	0,153
172725,7191	-0,455	0,221	-0,297	1,000	0,149
172725,7430	-0,455	0,221	-0,297	1,000	0,144
172725,7520	-0,455	0,221	-0,297	1,000	0,163
172725,7690	-0,455	0,221	-0,297	1,000	0,154
172725,7938	-0,455	0,221	-0,297	1,000	0,152
172725,8028	-0,455	0,221	-0,297	1,000	0,167
172725,8197	-0,455	0,221	-0,297	1,000	0,196
172725,8444	-0,455	0,221	-0,297	1,000	0,165
172725,8533	-0,455	0,221	-0,297	1,000	0,169
172725,8692	-0,455	0,221	-0,297	1,000	0,166
172725,8943	-0,455	0,221	-0,297	1,000	0,170
172725,9033	-0,455	0,221	-0,297	1,000	0,209
172725,9213	-0,455	0,221	-0,297	1,000	0,147
172725,9546	-0,455	0,221	-0,297	1,000	0,167
172725,9596	-0,455	0,221	-0,297	1,000	0,155
172725,9696	-0,455	0,221	-0,297	1,000	0,151
172725,9946	-0,455	0,221	-0,297	1,000	0,157
172726,0030	-0,455	0,221	-0,297	1,000	0,169
172726,0190	-0,455	0,221	-0,297	1,000	0,150
172726,0450	-0,455	0,221	-0,297	1,000	-0,159
172726,0529	-0,455	0,221	-0,297	1,000	-0,388
172726,0691	-0,455	0,221	-0,297	1,000	-0,889
172726,0944	-0,455	0,221	-0,297	1,000	-1,570
172726,1028	-0,456	0,221	-0,297	1,000	-1,727
172726,1199	-0,455	0,221	-0,297	1,000	-2,008
172726,1435	-0,456	0,221	-0,297	1,000	-2,560
172726,1514	-0,456	0,221	-0,297	1,000	-2,762
172726,1693	-0,456	0,221	-0,297	1,000	-3,134
172726,1943	-0,456	0,221	-0,297	1,000	-3,759
172726,2033	-0,456	0,221	-0,297	1,000	-4,005
172726,2202	-0,456	0,221	-0,297	1,000	-4,409
172726,2438	-0,456	0,221	-0,297	1,000	-5,009
172726,2558	-0,456	0,221	-0,297	1,000	-5,194
172726,2698	-0,456	0,221	-0,297	1,000	-5,595
172726,2952	-0,457	0,221	-0,297	1,000	-6,154
172726,3032	-0,457	0,221	-0,297	1,000	-6,319
172726,3202	-0,457	0,221	-0,297	1,000	-6,772
172726,3431	-0,457	0,221	-0,297	1,000	-7,303
172726,3521	-0,457	0,221	-0,297	1,000	-7,470
172726,3688	-0,457	0,221	-0,297	1,000	-7,755
172726,3941	-0,457	0,221	-0,298	1,000	-8,267
172726,4041	-0,457	0,221	-0,298	1,000	-8,438
172726,4201	-0,457	0,221	-0,298	1,000	-8,782
172726,4445	-0,457	0,221	-0,298	1,000	-9,308
172726,4535	-0,457	0,221	-0,298	1,000	-9,488
172726,4685	-0,458	0,221	-0,298	1,000	-9,820
172726,4925	-0,458	0,221	-0,298	1,000	-10,329
172726,5014	-0,458	0,221	-0,299	1,000	-10,514
172726,5176	-0,458	0,221	-0,299	1,000	-10,863
172726,5435	-0,458	0,221	-0,299	1,000	-11,414
172726,5526	-0,458	0,221	-0,299	1,000	-11,629
172726,5686	-0,458	0,221	-0,299	1,000	-11,987
172726,5965	-0,458	0,221	-0,300	1,000	-12,588
172726,6025	-0,458	0,221	-0,300	1,000	-12,789
172726,6194	-0,459	0,221	-0,300	1,000	-13,174
172726,6434	-0,459	0,221	-0,300	1,000	-13,683
172726,6533	-0,459	0,221	-0,300	1,000	-13,828
172726,6692	-0,459	0,221	-0,300	1,000	-14,160
172726,6942	-0,459	0,221	-0,300	1,000	-14,720
172726,7022	-0,459	0,221	-0,300	1,000	-14,910
172726,7191	-0,459	0,221	-0,300	1,000	-15,320
172726,7440	-0,459	0,221	-0,301	1,000	-15,985
172726,7531	-0,459	0,221	-0,301	1,000	-16,216
172726,7690	-0,459	0,221	-0,301	1,000	-16,593
172726,7934	-0,460	0,221	-0,301	1,000	-17,143
172726,8024	-0,460	0,221	-0,301	1,000	-17,352
172726,8193	-0,460	0,221	-0,301	1,000	-17,762
172726,8433	-0,460	0,221	-0,301	1,000	-18,363
172726,8522	-0,460	0,221	-0,302	1,000	-18,555
172726,8692	-0,460	0,221	-0,302	1,000	-18,943
172726,8939	-0,460	0,221	-0,302	1,000	-19,388
172726,9019	-0,460	0,221	-0,302	1,000	-19,558
172726,9190	-0,460	0,221	-0,302	1,000	-19,898
172726,9449	-0,460	0,221	-0,303	1,000	-20,439
172726,9519	-0,460	0,221	-0,303	1,000	-20,607
172726,9688	-0,460	0,221	-0,303	1,000	-20,961
172726,9938	-0,460	0,221	-0,303	1,000	-21,465
172727,0028	-0,460	0,221	-0,303	1,000	-21,634
172727,0187	-0,460	0,221	-0,303	1,000	-21,961
172727,0437	-0,460	0,221	-0,304	1,000	-22,481
172727,0526	-0,460	0,221	-0,304	1,000	-22,649
172727,0686	-0,461	0,221	-0,304	1,000	-23,008
172727,0936	-0,461	0,221	-0,304	1,000	-23,456
172727,1025	-0,461	0,221	-0,304	1,000	-23,625
172727,1185	-0,461	0,221	-0,305	1,000	-23,984
172727,1434	-0,461	0,221	-0,305	1,000	-24,520
172727,1524	-0,461	0,221	-0,305	1,000	-24,690
172727,1684	-0,461	0,221	-0,305	1,000	-25,039
172727,1934	-0,461	0,221	-0,305	1,000	-25,597
172727,2024	-0,461	0,221	-0,305	1,000	-25,742
172727,2213	-0,461	0,221	-0,305	1,000	-26,088
172727,2442	-0,461	0,221	-0,306	1,000	-26,618
172727,2522	-0,461	0,221	-0,306	1,000	-26,810
172727,2692	-0,461	0,221	-0,306	1,000	-27,190
172727,2941	-0,461	0,221	-0,306	1,000	-27,816
172727,3021	-0,461	0,221	-0,306	1,000	-28,003
172727,3190	-0,461	0,221	-0,306	1,000	-28,366
172727,3440	-0,461	0,221	-0,306	1,000	-29,062
172727,3559	-0,461	0,221	-0,306	1,000	-29,264
172727,3739	-0,460	0,221	-0,306	1,000	-29,731
172727,3939	-0,460	0,221	-0,307	1,000	-30,291
172727,4018	-0,460	0,221	-0,307	1,000	-30,449
172727,4188	-0,460	0,221	-0,307	1,000	-30,794
172727,4448	-0,460	0,221	-0,307	1,000	-31,372
172727,4528	-0,460	0,221	-0,307	1,000	-31,565
172727,4697	-0,460	0,221	-0,307	1,000	-31,946
172727,4937	-0,460	0,221	-0,307	1,000	-32,458
172727,5017	-0,460	0,221	-0,307	1,000	-32,641
172727,5174	-0,460	0,221	-0,307	1,000	-33,039
172727,5443	-0,460	0,221	-0,307	1,000	-33,608
172727,5513	-0,460	0,221	-0,308	1,000	-33,783
172727,5682	-0,460	0,221	-0,308	1,000	-34,160
172727,5932	-0,460	0,221	-0,308	1,000	-34,688
172727,6021	-0,460	0,221	-0,308	1,000	-34,862
172727,6191	-0,460	0,221	-0,308	1,000	-35,208
172727,6430	-0,460	0,221	-0,308	1,000	-35,845
172727,6520	-0,460	0,221	-0,308	1,000	-36,010
172727,6680	-0,460	0,221	-0,308	1,000	-36,389
172727,6939	-0,461	0,221	-0,308	1,000	-36,956
172727,7019	-0,461	0,221	-0,308	1,000	-37,139
172727,7188	-0,461	0,221	-0,308	1,000	-37,514
172727,7437	-0,461	0,221	-0,308	1,000	-38,115
172727,7517	-0,461	0,221	-0,308	1,000	-38,361
172727,7687	-0,461	0,221	-0,308	1,000	-38,728
172727,7936	-0,461	0,221	-0,308	1,000	-39,322
172727,8016	-0,461	0,221	-0,308	1,000	-39,483
172727,8195	-0,461	0,221	-0,307	1,000	-39,900
172727,8445	-0,462	0,221	-0,307	1,000	-40,499
172727,8525	-0,462	0,221	-0,307	1,000	-40,653
172727,8764	-0,462	0,221	-0,307	1,000	-40,994
172727,8943	-0,462	0,221	-0,307	1,000	-41,554
172727,9033	-0,462	0,221	-0,307	1,000	-41,676
172727,9193	-0,462	0,221	-0,307	1,000	-42,145
172727,9452	-0,462	0,221	-0,307	1,000	-42,752
172727,9522	-0,462	0,221	-0,307	1,000	-42,952
172727,9691	-0,462	0,221	-0,307	1,000	-43,372
172727,9941	-0,462	0,221	-0,307	1,000	-43,931
172728,0031	-0,462	0,221	-0,307	1,000	-44,128
172728,0190	-0,463	0,221	-0,307	1,000	-44,437
172728,0439	-0,463	0,221	-0,307	1,000	-45,050
172728,0529	-0,463	0,221	-0,307	1,000	-45,274
172728,0719	-0,463	0,221	-0,306	1,000	-45,615
172728,0938	-0,463	0,221	-0,306	1,000	-46,148
172728,1028	-0,463	0,221	-0,306	1,000	-46,353
172728,1187	-0,463	0,221	-0,306	1,000	-46,742
172728,1437	-0,463	0,221	-0,306	1,000	-47,314
172728,1527	-0,464	0,221	-0,306	1,000	-47,496
172728,1696	-0,464	0,221	-0,306	1,000	-47,828
172728,1945	-0,464	0,221	-0,306	1,000	-48,334
172728,2025	-0,464	0,221	-0,306	1,000	-48,579
172728,2195	-0,464	0,221	-0,306	1,000	-48,970
172728,2444	-0,465	0,221	-0,306	1,000	-49,437
172728,2524	-0,465	0,221	-0,306	1,000	-49,583
172728,2693	-0,465	0,221	-0,306	1,000	-49,871
172728,2943	-0,466	0,221	-0,306	1,000	-50,468
172728,3023	-0,466	0,221	-0,306	1,000	-50,668
172728,3202	-0,466	0,221	-0,307	1,000	-51,059
172728,3451	-0,466	0,221	-0,307	1,000	-51,605
172728,3531	-0,466	0,221	-0,307	1,000	-51,805
172728,3691	-0,466	0,221	-0,307	1,000	-52,181
172728,3940	-0,467	0,221	-0,307	1,000	-52,762
172728,4030	-0,467	0,221	-0,307	1,000	-52,925
172728,4189	-0,467	0,221	-0,307	1,000	-53,292
172728,4439	-0,467	0,221	-0,308	1,000	-53,761
172728,4529	-0,467	0,221	-0,308	1,000	-53,886
172728,4688	-0,467	0,221	-0,308	1,000	-54,230
172728,4937	-0,467	0,221	-0,308	1,000	-54,788
172728,5047	-0,467	0,221	-0,308	1,000	-55,007
172728,5217	-0,467	0,221	-0,308	1,000	-55,374
172728,5426	-0,467	0,221	-0,308	1,000	-55,887
172728,5506	-0,467	0,221	-0,309	1,000	-56,079
172728,5685	-0,468	0,221	-0,309	1,000	-56,449
172728,5945	-0,468	0,221	-0,309	1,000	-56,926
172728,6025	-0,468	0,221	-0,309	1,000	-57,186
172728,6194	-0,468	0,221	-0,309	1,000	-57,606
172728,6443	-0,468	0,221	-0,309	1,000	-58,288
172728,6533	-0,468	0,221	-0,309	1,000	-58,487
172728,6693	-0,468	0,221	-0,309	1,000	-58,826
172728,6942	-0,468	0,221	-0,309	1,000	-59,337
172728,7032	-0,468	0,221	-0,309	1,000	-59,471
172728,7191	-0,468	0,221	-0,309	1,000	-59,792
172728,7441	-0,468	0,221	-0,310	1,000	-60,334
172728,7531	-0,468	0,221	-0,310	1,000	-60,505
172728,7690	-0,469	0,221	-0,310	1,000	-60,752
172728,7939	-0,469	0,221	-0,310	1,000	-61,388
172728,8029	-0,469	0,221	-0,310	1,000	-61,554
172728,8189	-0,469	0,221	-0,310	1,000	-61,928
172728,8448	-0,469	0,221	-0,310	1,000	-62,454
172728,8528	-0,469	0,221	-0,310	1,000	-62,709
172728,8687	-0,469	0,221	-0,310	1,000	-62,971
172728,8937	-0,470	0,221	-0,311	1,000	-63,467
172728,9027	-0,470	0,221	-0,311	1,000	-63,624
172728,9186	-0,470	0,221	-0,311	1,000	-63,968
172728,9435	-0,470	0,221	-0,311	1,000	-64,569
172728,9525	-0,470	0,221	-0,311	1,000	-64,745
172728,9695	-0,470	0,221	-0,311	1,000	-65,091
172728,9934	-0,470	0,221	-0,311	1,000	-65,763
172729,0024	-0,470	0,221	-0,311	1,000	-65,978
172729,0193	-0,470	0,221	-0,311	1,000	-66,411
172729,0443	-0,470	0,221	-0,312	1,000	-67,006
172729,0523	-0,470	0,221	-0,312	1,000	-67,172
172729,0692	-0,470	0,221	-0,312	1,000	-67,562
172729,0961	-0,470	0,221	-0,312	1,000	-68,138
172729,1031	-0,470	0,221	-0,312	1,000	-68,331
172729,1191	-0,470	0,221	-0,312	1,000	-68,727
172729,1470	-0,470	0,221	-0,312	1,000	-69,261
172729,1570	-0,470	0,221	-0,312	1,000	-69,458
172729,1679	-0,470	0,221	-0,312	1,000	-69,834
172729,1929	-0,470	0,221	-0,312	1,000	-70,394
172729,2019	-0,470	0,221	-0,312	1,000	-70,555
172729,2188	-0,470	0,221	-0,312	1,000	-70,877
172729,2427	-0,470	0,221	-0,312	1,000	-71,397
172729,2517	-0,470	0,221	-0,312	1,000	-71,579
172729,2687	-0,470	0,221	-0,312	1,000	-71,942
172729,2936	-0,471	0,221	-0,312	1,000	-72,485
172729,3016	-0,471	0,221	-0,312	1,000	-72,683
172729,3185	-0,471	0,221	-0,312	1,000	-73,099
172729,3435	-0,471	0,221	-0,312	1,000	-73,650
172729,3524	-0,471	0,221	-0,312	1,000	-73,844
172729,3694	-0,471	0,221	-0,312	1,000	-74,266
172729,3943	-0,471	0,221	-0,311	1,000	-74,843
172729,4023	-0,471	0,221	-0,311	1,000	-75,024
172729,4193	-0,471	0,221	-0,311	1,000	-75,433
172729,4442	-0,471	0,221	-0,311	1,000	-76,060
172729,4522	-0,471	0,221	-0,311	1,000	-76,256
172729,4691	-0,471	0,221	-0,311	1,000	-76,647
172729,4931	-0,471	0,221	-0,311	1,000	-77,167
172729,5011	-0,471	0,221	-0,311	1,000	-77,343
172729,5180	-0,472	0,221	-0,311	1,000	-77,757
172729,5419	-0,472	0,221	-0,310	1,000	-78,374
172729,5519	-0,472	0,221	-0,310	1,000	-78,560
172729,5689	-0,472	0,221	-0,310	1,000	-78,925
172729,5938	-0,472	0,221	-0,310	1,000	-79,515
172729,6018	-0,472	0,221	-0,310	1,000	-79,664
172729,6187	-0,472	0,221	-0,310	1,000	-80,064
172729,6447	-0,472	0,221	-0,310	1,000	-80,556
172729,6526	-0,472	0,221	-0,310	1,000	-80,708
172729,6686	-0,472	0,221	-0,310	1,000	-81,021
172729,6935	-0,473	0,221	-0,310	1,000	-81,508
172729,7025	-0,473	0,221	-0,310	1,000	-81,704
172729,7195	-0,473	0,221	-0,310	1,000	-82,078
172729,7434	-0,473	0,221	-0,310	1,000	-82,616
172729,7524	-0,473	0,221	-0,310	1,000	-82,791
172729,7683	-0,473	0,221	-0,310	1,000	-83,112
172729,7943	-0,473	0,221	-0,310	1,000	-83,674
172729,8022	-0,474	0,221	-0,310	1,000	-83,848
172729,8192	-0,474	0,221	-0,310	1,000	-84,198
172729,8441	-0,474	0,221	-0,310	1,000	-84,698
172729,8521	-0,474	0,221	-0,310	1,000	-84,883
172729,8691	-0,474	0,221	-0,310	1,000	-85,251
172729,8940	-0,475	0,221	-0,310	1,000	-85,915
172729,9020	-0,475	0,221	-0,309	1,000	-86,069
172729,9189	-0,475	0,221	-0,309	1,000	-86,425
172729,9439	-0,475	0,221	-0,309	1,000	-86,874
172729,9519	-0,475	0,221	-0,309	1,000	-87,013
172729,9688	-0,476	0,221	-0,309	1,000	-87,410
172729,9938	-0,476	0,221	-0,309	1,000	-88,016
172730,0027	-0,476	0,221	-0,309	1,000	-88,209
172730,0187	-0,476	0,221	-0,309	1,000	-88,592
172730,0446	-0,476	0,221	-0,309	1,000	-89,181
172730,0526	-0,476	0,221	-0,309	1,000	-89,362
172730,0695	-0,476	0,222	-0,309	1,000	-89,657
172730,0942	-0,477	0,222	-0,309	1,000	-90,200
172730,1022	-0,477	0,221	-0,309	1,000	-90,423
172730,1201	-0,477	0,221	-0,309	1,000	-90,802
172730,1440	-0,477	0,221	-0,309	1,000	-91,359
172730,1530	-0,477	0,221	-0,309	1,000	-91,536
172730,1710	-0,477	0,221	-0,309	1,000	-91,914
172730,1940	-0,478	0,222	-0,309	1,000	-92,396
172730,2030	-0,478	0,221	-0,309	1,000	-92,622
172730,2224	-0,478	0,221	-0,309	1,000	-92,954
172730,2440	-0,478	0,221	-0,309	1,000	-93,501
172730,2530	-0,478	0,221	-0,309	1,000	-93,662
172730,2689	-0,478	0,221	-0,309	1,000	-93,977
172730,2948	-0,479	0,221	-0,309	1,000	-94,563
172730,3028	-0,479	0,221	-0,309	1,000	-94,730
172730,3188	-0,479	0,221	-0,309	1,000	-95,098
172730,3450	-0,479	0,221	-0,309	1,000	-95,612
172730,3530	-0,479	0,221	-0,309	1,000	-95,792
172730,3690	-0,479	0,221	-0,309	1,000	-96,143
172730,3938	-0,480	0,221	-0,309	1,000	-96,694
172730,4027	-0,480	0,221	-0,309	1,000	-96,866
172730,4230	-0,480	0,221	-0,309	1,000	-97,211
172730,4460	-0,480	0,221	-0,310	1,000	-97,724
172730,4530	-0,480	0,221	-0,310	1,000	-97,896
172730,4699	-0,481	0,221	-0,310	1,000	-98,237
172730,4948	-0,481	0,221	-0,310	1,000	-98,783
172730,5028	-0,481	0,221	-0,310	1,000	-98,944
172730,5278	-0,481	0,221	-0,310	1,000	-99,311
172730,5437	-0,481	0,221	-0,310	1,000	-99,854
172730,5527	-0,481	0,221	-0,310	1,000	-100,044
172730,5697	-0,482	0,221	-0,310	1,000	-100,427
172730,5946	-0,482	0,221	-0,310	1,000	-101,025
172730,6026	-0,482	0,221	-0,310	1,000	-101,228
172730,6196	-0,482	0,221	-0,310	1,000	-101,631
172730,6440	-0,482	0,221	-0,310	1,000	-102,222
172730,6530	-0,482	0,221	-0,310	1,000	-102,429
172730,6689	-0,482	0,221	-0,311	1,000	-102,820
172730,6931	-0,482	0,221	-0,311	1,000	-103,410
172730,7012	-0,482	0,221	-0,311	1,000	-103,621
172730,7191	-0,482	0,221	-0,311	1,000	-103,983
172730,7431	-0,482	0,221	-0,311	1,000	-104,554
172730,7530	-0,482	0,221	-0,311	1,000	-104,743
172730,7690	-0,483	0,221	-0,311	1,000	-105,098
172730,7936	-0,483	0,221	-0,311	1,000	-105,664
172730,8026	-0,483	0,221	-0,311	1,000	-105,846
172730,8195	-0,483	0,221	-0,311	1,000	-106,259
172730,8444	-0,483	0,221	-0,311	1,000	-106,822
172730,8524	-0,483	0,221	-0,311	1,000	-106,995
172730,8694	-0,483	0,221	-0,311	1,000	-107,287
172730,8943	-0,483	0,221	-0,311	1,000	-107,861
172730,9031	-0,483	0,221	-0,311	1,000	-108,074
172730,9195	-0,483	0,221	-0,311	1,000	-108,308
172730,9434	-0,483	0,221	-0,311	1,000	-108,972
172730,9514	-0,483	0,221	-0,311	1,000	-109,219
172730,9691	-0,483	0,221	-0,311	1,000	-109,586
172730,9930	-0,483	0,221	-0,311	1,000	-110,157
172731,0030	-0,483	0,222	-0,311	1,000	-110,365
172731,0190	-0,483	0,222	-0,311	1,000	-110,755
172731,0431	-0,483	0,222	-0,310	1,000	-111,261
172731,0531	-0,483	0,222	-0,310	1,000	-111,455
172731,0711	-0,483	0,222	-0,310	1,000	-111,806
172731,0940	-0,483	0,222	-0,310	1,000	-112,414
172731,1030	-0,483	0,222	-0,310	1,000	-112,630
172731,1200	-0,483	0,222	-0,310	1,000	-113,086
172731,1432	-0,483	0,222	-0,309	1,000	-113,650
172731,1514	-0,483	0,222	-0,309	1,000	-113,835
172731,1687	-0,483	0,222	-0,309	1,000	-114,257
172731,1937	-0,483	0,221	-0,309	1,000	-114,854
172731,2016	-0,483	0,221	-0,309	1,000	-115,004
172731,2176	-0,483	0,222	-0,309	1,000	-115,360
172731,2466	-0,483	0,222	-0,309	1,000	-115,947
172731,2516	-0,483	0,222	-0,308	1,000	-116,143
172731,2685	-0,483	0,222	-0,308	1,000	-116,551
172731,2932	-0,483	0,222	-0,308	1,000	-117,130
172731,3022	-0,483	0,222	-0,308	1,000	-117,321
172731,3182	-0,483	0,222	-0,308	1,000	-117,684
172731,3431	-0,483	0,222	-0,308	1,000	-118,202
172731,3531	-0,483	0,222	-0,308	1,000	-118,373
172731,3690	-0,483	0,222	-0,308	1,000	-118,729
172731,3940	-0,483	0,222	-0,307	1,000	-119,240
172731,4030	-0,483	0,222	-0,307	1,000	-119,395
172731,4189	-0,483	0,222	-0,307	1,000	-119,757
172731,4439	-0,484	0,222	-0,307	1,000	-120,277
172731,4529	-0,484	0,222	-0,307	1,000	-120,476
172731,4689	-0,484	0,222	-0,306	1,000	-120,803
172731,4939	-0,484	0,222	-0,306	1,000	-121,380
172731,5018	-0,484	0,221	-0,306	1,000	-121,573
172731,5188	-0,484	0,222	-0,306	1,000	-122,009
172731,5432	-0,484	0,222	-0,305	1,000	-122,597
172731,5532	-0,484	0,222	-0,305	1,000	-122,761
172731,5691	-0,484	0,222	-0,305	1,000	-123,105
172731,5940	-0,484	0,222	-0,305	1,000	-123,614
172731,6023	-0,484	0,222	-0,305	1,000	-123,812
172731,6193	-0,484	0,222	-0,305	1,000	-124,115
172731,6442	-0,484	0,221	-0,305	1,000	-124,712
172731,6562	-0,485	0,221	-0,304	1,000	-124,903
172731,6692	-0,485	0,221	-0,304	1,000	-125,226
172731,6941	-0,484	0,222	-0,304	1,000	-125,803
172731,7061	-0,485	0,222	-0,304	1,000	-126,003
172731,7190	-0,485	0,221	-0,304	1,000	-126,394
172731,7441	-0,485	0,221	-0,304	1,000	-126,890
172731,7530	-0,485	0,221	-0,304	1,000	-127,086
172731,7690	-0,485	0,221	-0,304	1,000	-127,484
172731,7949	-0,485	0,221	-0,304	1,000	-127,957
172731,8029	-0,485	0,221	-0,304	1,000	-128,147
172731,8198	-0,485	0,221	-0,304	1,000	-128,490
172731,8440	-0,485	0,221	-0,304	1,000	-129,056
172731,8520	-0,486	0,221	-0,304	1,000	-129,240
172731,8689	-0,486	0,221	-0,304	1,000	-129,527
172731,8939	-0,486	0,221	-0,304	1,000	-130,054
172731,9028	-0,486	0,221	-0,304	1,000	-130,225
172731,9198	-0,486	0,221	-0,304	1,000	-130,567
172731,9438	-0,486	0,221	-0,303	1,000	-131,054
172731,9527	-0,486	0,221	-0,303	1,000	-131,268
172731,9698	-0,487	0,221	-0,303	1,000	-131,550
172731,9937	-0,487	0,221	-0,303	1,000	-132,177
172732,0027	-0,487	0,221	-0,303	1,000	-132,342
172732,0196	-0,487	0,221	-0,303	1,000	-132,669
172732,0456	-0,487	0,221	-0,303	1,000	-133,191
172732,0525	-0,487	0,221	-0,303	1,000	-133,222
172732,0695	-0,487	0,221	-0,303	1,000	-133,651
172732,0944	-0,488	0,222	-0,303	1,000	-134,202
172732,1024	-0,488	0,222	-0,302	1,000	-134,377
172732,1194	-0,488	0,222	-0,302	1,000	-134,720
172732,1443	-0,488	0,222	-0,302	1,000	-135,246
172732,1543	-0,488	0,222	-0,302	1,000	-135,444
172732,1693	-0,488	0,222	-0,302	1,000	-135,836
172732,1942	-0,488	0,222	-0,302	1,000	-136,450
172732,2022	-0,488	0,222	-0,302	1,000	-136,673
172732,2192	-0,488	0,222	-0,302	1,000	-137,115
172732,2446	-0,489	0,222	-0,302	1,000	-137,711
172732,2525	-0,489	0,222	-0,302	1,000	-137,908
172732,2697	-0,489	0,222	-0,303	1,000	-138,327
172732,2935	-0,489	0,222	-0,303	1,000	-138,889
172732,3014	-0,489	0,222	-0,303	1,000	-139,094
172732,3196	-0,489	0,222	-0,303	1,000	-139,465
172732,3476	-0,489	0,222	-0,303	1,000	-140,058
172732,3536	-0,489	0,222	-0,303	1,000	-140,240
172732,3735	-0,490	0,222	-0,303	1,000	-140,614
172732,3943	-0,490	0,222	-0,303	1,000	-141,175
172732,4023	-0,490	0,222	-0,303	1,000	-141,372
172732,4193	-0,490	0,222	-0,303	1,000	-141,729
172732,4442	-0,490	0,222	-0,303	1,000	-142,224
172732,4522	-0,490	0,222	-0,303	1,000	-142,468
172732,4682	-0,490	0,222	-0,303	1,000	-142,837
172732,4921	-0,490	0,222	-0,303	1,000	-143,379
172732,5011	-0,490	0,222	-0,303	1,000	-143,598
172732,5181	-0,490	0,222	-0,303	1,000	-144,026
172732,5430	-0,490	0,221	-0,303	1,000	-144,562
172732,5530	-0,490	0,221	-0,303	1,000	-144,754
172732,5689	-0,490	0,221	-0,303	1,000	-145,105
172732,5939	-0,490	0,221	-0,302	1,000	-145,616
172732,6028	-0,490	0,221	-0,302	1,000	-145,773
172732,6188	-0,490	0,221	-0,302	1,000	-146,143
172732,6437	-0,490	0,221	-0,302	1,000	-146,660
172732,6517	-0,490	0,221	-0,302	1,000	-146,853
172732,6677	-0,490	0,221	-0,302	1,000	-147,213
172732,6946	-0,490	0,221	-0,302	1,000	-147,834
172732,7026	-0,490	0,221	-0,302	1,000	-148,024
172732,7185	-0,490	0,221	-0,302	1,000	-148,435
172732,7435	-0,490	0,221	-0,302	1,000	-149,059
172732,7514	-0,490	0,221	-0,302	1,000	-149,378
172732,7684	-0,489	0,221	-0,302	1,000	-149,763
172732,7943	-0,489	0,221	-0,301	1,000	-150,315
172732,8033	-0,489	0,221	-0,301	1,000	-150,506
172732,8193	-0,489	0,221	-0,301	1,000	-150,886
172732,8442	-0,489	0,221	-0,301	1,000	-151,450
172732,8522	-0,489	0,221	-0,301	1,000	-151,645
172732,8691	-0,489	0,221	-0,301	1,000	-152,037
172732,8941	-0,489	0,221	-0,301	1,000	-152,558
172732,9030	-0,489	0,221	-0,301	1,000	-152,753
172732,9190	-0,489	0,221	-0,301	1,000	-153,095
172732,9439	-0,488	0,221	-0,301	1,000	-153,788
172732,9549	-0,488	0,221	-0,301	1,000	-153,978
172732,9689	-0,488	0,221	-0,301	1,000	-154,353
172733,0028	-0,488	0,221	-0,300	1,000	-154,879
172733,0087	-0,488	0,221	-0,300	1,000	-155,019
172733,0197	-0,488	0,221	-0,300	1,000	-155,388
172733,0437	-0,488	0,221	-0,300	1,000	-155,894
172733,0526	-0,488	0,221	-0,300	1,000	-156,069
172733,0686	-0,488	0,221	-0,300	1,000	-156,459
172733,0935	-0,487	0,221	-0,300	1,000	-156,983
172733,1045	-0,487	0,221	-0,300	1,000	-157,133
172733,1185	-0,487	0,221	-0,299	1,000	-157,423
172733,1444	-0,487	0,221	-0,299	1,000	-158,086
172733,1524	-0,487	0,221	-0,299	1,000	-158,311
172733,1693	-0,487	0,221	-0,298	1,000	-158,729
172733,1943	-0,487	0,221	-0,298	1,000	-159,190
172733,2022	-0,487	0,221	-0,298	1,000	-159,334
172733,2192	-0,487	0,221	-0,298	1,000	-159,659
172733,2441	-0,487	0,221	-0,298	1,000	-160,226
172733,2521	-0,487	0,221	-0,297	1,000	-160,427
172733,2691	-0,487	0,221	-0,297	1,000	-160,831
172733,2940	-0,487	0,221	-0,297	1,000	-161,372
172733,3020	-0,487	0,221	-0,297	1,000	-161,544
172733,3189	-0,487	0,221	-0,297	1,000	-161,912
172733,3439	-0,487	0,221	-0,296	1,000	-162,461
172733,3528	-0,487	0,221	-0,296	1,000	-162,658
172733,3688	-0,487	0,221	-0,296	1,000	-163,068
172733,3957	-0,488	0,221	-0,296	1,000	-163,533
172733,4027	-0,488	0,221	-0,296	1,000	-163,703
172733,4187	-0,488	0,221	-0,296	1,000	-164,036
172733,4436	-0,488	0,221	-0,296	1,000	-164,540
172733,4526	-0,488	0,221	-0,295	1,000	-164,715
172733,4695	-0,488	0,221	-0,295	1,000	-165,059
172733,4935	-0,488	0,221	-0,295	1,000	-165,619
172733,5014	-0,488	0,221	-0,295	1,000	-165,799
172733,5174	-0,488	0,221	-0,295	1,000	-166,210
172733,5433	-0,489	0,221	-0,295	1,000	-166,756
172733,5523	-0,489	0,221	-0,295	1,000	-166,956
172733,5692	-0,489	0,221	-0,295	1,000	-167,330
172733,5932	-0,489	0,221	-0,295	1,000	-167,852
172733,6022	-0,489	0,221	-0,294	1,000	-168,016
172733,6231	-0,489	0,221	-0,294	1,000	-168,376
172733,6450	-0,489	0,221	-0,294	1,000	-168,930
172733,6520	-0,489	0,221	-0,294	1,000	-169,103
172733,6690	-0,489	0,221	-0,294	1,000	-169,415
172733,6939	-0,489	0,221	-0,294	1,000	-170,119
172733,7039	-0,489	0,221	-0,293	1,000	-170,300
172733,7188	-0,489	0,221	-0,293	1,000	-170,659
172733,7428	-0,489	0,221	-0,293	1,000	-171,213
172733,7518	-0,489	0,221	-0,293	1,000	-171,365
172733,7687	-0,490	0,221	-0,293	1,000	-171,737
172733,7927	-0,490	0,221	-0,293	1,000	-172,319
172733,8016	-0,490	0,221	-0,293	1,000	-172,537
172733,8186	-0,490	0,221	-0,292	1,000	-172,951
172733,8435	-0,490	0,221	-0,292	1,000	-173,525
172733,8515	-0,490	0,221	-0,292	1,000	-173,709
172733,8684	-0,490	0,221	-0,292	1,000	-174,019
172733,8924	-0,490	0,221	-0,292	1,000	-174,653
172733,9024	-0,490	0,221	-0,292	1,000	-174,801
172733,9193	-0,491	0,221	-0,292	1,000	-175,193
172733,9442	-0,491	0,221	-0,292	1,000	-175,868
172733,9532	-0,491	0,221	-0,292	1,000	-176,060
172733,9682	-0,491	0,221	-0,292	1,000	-176,491
172733,9941	-0,491	0,221	-0,292	1,000	-177,020
172734,0021	-0,491	0,221	-0,292	1,000	-177,209
172734,0190	-0,491	0,221	-0,292	1,000	-177,562
172734,0440	-0,491	0,221	-0,292	1,000	-178,051
172734,0520	-0,491	0,221	-0,292	1,000	-178,231
172734,0689	-0,491	0,221	-0,292	1,000	-178,584
172734,0948	-0,491	0,221	-0,292	1,000	-179,131
172734,1028	-0,491	0,221	-0,292	1,000	-179,328
172734,1258	-0,491	0,221	-0,292	1,000	-179,643
172734,1447	-0,491	0,221	-0,292	1,000	179,835
172734,1527	-0,491	0,221	-0,292	1,000	179,648
172734,1686	-0,491	0,221	-0,291	1,000	179,247
172734,1946	-0,491	0,221	-0,291	1,000	178,644
172734,2026	-0,491	0,221	-0,291	1,000	178,421
172734,2185	-0,490	0,221	-0,291	1,000	178,034
172734,2445	-0,490	0,221	-0,291	1,000	177,445
172734,2524	-0,490	0,221	-0,291	1,000	177,266
172734,2704	-0,490	0,221	-0,291	1,000	176,870
172734,2943	-0,490	0,221	-0,291	1,000	176,267
172734,3023	-0,490	0,221	-0,291	1,000	176,062
172734,3192	-0,489	0,221	-0,291	1,000	175,678
172734,3432	-0,489	0,221	-0,291	1,000	175,089
172734,3522	-0,489	0,221	-0,291	1,000	174,914
172734,3691	-0,489	0,221	-0,291	1,000	174,495
172734,3940	-0,489	0,221	-0,291	1,000	173,904
172734,4020	-0,489	0,221	-0,291	1,000	173,699
172734,4200	-0,489	0,221	-0,291	1,000	173,334
172734,4439	-0,489	0,221	-0,291	1,000	172,739
172734,4519	-0,488	0,221	-0,291	1,000	172,511
172734,4688	-0,488	0,221	-0,291	1,000	172,134
172734,4948	-0,488	0,221	-0,290	1,000	171,614
172734,5018	-0,488	0,221	-0,290	1,000	171,451
172734,5187	-0,488	0,221	-0,290	1,000	171,096
172734,5426	-0,488	0,221	-0,290	1,000	170,510
172734,5506	-0,488	0,221	-0,290	1,000	170,335
172734,5686	-0,488	0,221	-0,290	1,000	169,978
172734,5945	-0,488	0,221	-0,290	1,000	169,378
172734,6025	-0,488	0,221	-0,290	1,000	169,215
172734,6184	-0,488	0,221	-0,290	1,000	168,862
172734,6444	-0,487	0,221	-0,290	1,000	168,399
172734,6524	-0,487	0,221	-0,290	1,000	168,209
172734,6693	-0,487	0,221	-0,289	1,000	167,836
172734,6932	-0,487	0,221	-0,289	1,000	167,316
172734,7022	-0,487	0,221	-0,289	1,000	167,141
172734,7192	-0,487	0,221	-0,289	1,000	166,802
172734,7441	-0,487	0,221	-0,289	1,000	166,277
172734,7521	-0,487	0,221	-0,289	1,000	166,098
172734,7690	-0,486	0,221	-0,289	1,000	165,675
172734,7940	-0,486	0,221	-0,289	1,000	165,110
172734,8020	-0,486	0,221	-0,289	1,000	164,912
172734,8189	-0,486	0,221	-0,288	1,000	164,549
172734,8448	-0,486	0,221	-0,288	1,000	164,096
172734,8528	-0,486	0,221	-0,288	1,000	163,925
172734,8688	-0,486	0,221	-0,288	1,000	163,644
172734,8937	-0,485	0,221	-0,288	1,000	163,095
172734,9057	-0,485	0,221	-0,288	1,000	162,883
172734,9186	-0,485	0,221	-0,288	1,000	162,501
172734,9436	-0,485	0,221	-0,288	1,000	161,886
172734,9526	-0,485	0,221	-0,288	1,000	161,672
172734,9695	-0,485	0,221	-0,288	1,000	161,272
172734,9944	-0,485	0,221	-0,287	1,000	160,724
172735,0024	-0,485	0,221	-0,287	1,000	160,582
172735,0194	-0,485	0,221	-0,287	1,000	160,208
172735,0444	-0,485	0,221	-0,287	1,000	159,709
172735,0521	-0,485	0,221	-0,287	1,000	159,518
172735,0690	-0,485	0,221	-0,287	1,000	159,146
172735,0950	-0,485	0,221	-0,287	1,000	158,590
172735,1020	-0,485	0,221	-0,287	1,000	158,460
172735,1179	-0,485	0,221	-0,287	1,000	158,119
172735,1429	-0,485	0,221	-0,286	1,000	157,490
172735,1518	-0,485	0,221	-0,286	1,000	157,342
172735,1684	-0,485	0,221	-0,286	1,000	156,982
172735,1983	-0,485	0,221	-0,286	1,000	156,419
172735,2033	-0,485	0,221	-0,286	1,000	156,229
172735,2183	-0,485	0,221	-0,286	1,000	155,883
172735,2462	-0,485	0,221	-0,286	1,000	155,304
172735,2528	-0,485	0,221	-0,285	1,000	155,120
172735,2698	-0,484	0,221	-0,285	1,000	154,805
172735,2938	-0,484	0,221	-0,285	1,000	154,186
172735,3028	-0,484	0,221	-0,285	1,000	154,030
172735,3227	-0,484	0,221	-0,285	1,000	153,736
172735,3447	-0,484	0,221	-0,284	1,000	153,219
172735,3526	-0,484	0,221	-0,284	1,000	153,115
172735,3686	-0,484	0,221	-0,284	1,000	152,760
172735,3936	-0,484	0,221	-0,284	1,000	152,229
172735,4017	-0,484	0,221	-0,284	1,000	152,038
172735,4177	-0,484	0,221	-0,284	1,000	151,635
172735,4446	-0,484	0,221	-0,284	1,000	150,971
172735,4526	-0,484	0,221	-0,284	1,000	150,767
172735,4686	-0,484	0,221	-0,283	1,000	150,378
172735,4925	-0,485	0,221	-0,283	1,000	149,818
172735,5003	-0,485	0,221	-0,283	1,000	149,614
172735,5171	-0,485	0,221	-0,283	1,000	149,238
172735,5488	-0,485	0,221	-0,283	1,000	148,615
172735,5558	-0,485	0,221	-0,283	1,000	148,425
172735,5688	-0,485	0,221	-0,282	1,000	148,042
172735,5941	-0,486	0,221	-0,282	1,000	147,395
172735,6021	-0,486	0,221	-0,282	1,000	147,216
172735,6190	-0,485	0,221	-0,282	1,000	146,860
172735,6450	-0,486	0,221	-0,282	1,000	146,306
172735,6525	-0,486	0,221	-0,282	1,000	146,106
172735,6695	-0,486	0,221	-0,282	1,000	145,773
172735,6944	-0,486	0,221	-0,282	1,000	145,292
172735,7024	-0,486	0,221	-0,282	1,000	145,114
172735,7194	-0,486	0,221	-0,282	1,000	144,787
172735,7443	-0,486	0,221	-0,282	1,000	144,180
172735,7523	-0,486	0,221	-0,282	1,000	144,019
172735,7693	-0,486	0,221	-0,282	1,000	143,638
172735,7943	-0,485	0,221	-0,282	1,000	143,064
172735,8023	-0,485	0,221	-0,282	1,000	142,874
172735,8213	-0,485	0,221	-0,282	1,000	142,510
172735,8452	-0,485	0,221	-0,282	1,000	141,972
172735,8544	-0,485	0,221	-0,282	1,000	141,813
172735,8692	-0,485	0,221	-0,282	1,000	141,402
172735,8946	-0,485	0,221	-0,282	1,000	140,815
172735,9026	-0,485	0,222	-0,282	1,000	140,621
172735,9186	-0,485	0,222	-0,282	1,000	140,256
172735,9425	-0,484	0,222	-0,282	1,000	139,727
172735,9515	-0,484	0,222	-0,282	1,000	139,545
172735,9686	-0,484	0,222	-0,282	1,000	139,133
172735,9945	-0,484	0,222	-0,282	1,000	138,520
172736,0025	-0,484	0,222	-0,282	1,000	138,295
172736,0205	-0,484	0,221	-0,282	1,000	137,857
172736,0444	-0,484	0,221	-0,283	1,000	137,326
172736,0524	-0,484	0,222	-0,283	1,000	137,138
172736,0684	-0,484	0,222	-0,283	1,000	136,771
172736,0943	-0,484	0,222	-0,283	1,000	136,130
172736,1033	-0,483	0,222	-0,283	1,000	135,938
172736,1192	-0,483	0,222	-0,283	1,000	135,553
172736,1442	-0,483	0,222	-0,283	1,000	134,927
172736,1521	-0,483	0,222	-0,283	1,000	134,784
172736,1691	-0,483	0,222	-0,283	1,000	134,374
172736,1960	-0,483	0,222	-0,283	1,000	133,844
172736,2020	-0,483	0,222	-0,283	1,000	133,666
172736,2200	-0,483	0,222	-0,283	1,000	133,300
172736,2429	-0,482	0,222	-0,283	1,000	132,800
172736,2512	-0,482	0,222	-0,283	1,000	132,637
172736,2681	-0,482	0,222	-0,283	1,000	132,333
172736,2931	-0,482	0,221	-0,282	1,000	131,605
172736,3031	-0,482	0,222	-0,282	1,000	131,447
172736,3191	-0,482	0,222	-0,282	1,000	131,093
172736,3447	-0,481	0,222	-0,282	1,000	130,585
172736,3527	-0,481	0,222	-0,282	1,000	130,493
172736,3687	-0,481	0,222	-0,282	1,000	130,053
172736,3946	-0,481	0,222	-0,282	1,000	129,536
172736,4027	-0,481	0,222	-0,282	1,000	129,304
172736,4196	-0,480	0,222	-0,282	1,000	128,926
172736,4436	-0,480	0,222	-0,282	1,000	128,360
172736,4526	-0,480	0,222	-0,282	1,000	128,234
172736,4695	-0,480	0,222	-0,282	1,000	127,887
172736,4928	-0,480	0,222	-0,282	1,000	127,349
172736,5008	-0,479	0,222	-0,282	1,000	127,154
172736,5168	-0,479	0,222	-0,282	1,000	126,809
172736,5417	-0,479	0,222	-0,282	1,000	126,236
172736,5515	-0,479	0,222	-0,282	1,000	126,063
172736,5674	-0,479	0,221	-0,282	1,000	125,729
172736,5933	-0,479	0,221	-0,282	1,000	125,124
172736,6023	-0,479	0,221	-0,282	1,000	124,925
172736,6195	-0,479	0,221	-0,282	1,000	124,565
172736,6444	-0,479	0,221	-0,282	1,000	123,990
172736,6524	-0,479	0,221	-0,282	1,000	123,795
172736,6694	-0,479	0,221	-0,282	1,000	123,380
172736,6943	-0,478	0,221	-0,282	1,000	122,809
172736,7023	-0,478	0,221	-0,282	1,000	122,643
172736,7186	-0,478	0,221	-0,282	1,000	122,308
172736,7446	-0,478	0,221	-0,281	1,000	121,780
172736,7526	-0,478	0,221	-0,281	1,000	121,665
172736,7691	-0,477	0,221	-0,281	1,000	121,309
172736,7940	-0,477	0,221	-0,281	1,000	120,776
172736,8020	-0,477	0,221	-0,281	1,000	120,589
172736,8230	-0,477	0,221	-0,281	1,000	120,245
172736,8439	-0,476	0,221	-0,280	1,000	119,744
172736,8529	-0,476	0,221	-0,280	1,000	119,564
172736,8689	-0,476	0,221	-0,280	1,000	119,228
172736,8938	-0,476	0,221	-0,280	1,000	118,700
172736,9028	-0,476	0,221	-0,280	1,000	118,527
172736,9190	-0,476	0,221	-0,280	1,000	118,128
172736,9439	-0,475	0,222	-0,280	1,000	117,787
172736,9519	-0,475	0,222	-0,280	1,000	117,613
172736,9689	-0,475	0,222	-0,279	1,000	117,269
172736,9950	-0,475	0,221	-0,279	1,000	116,664
172737,0033	-0,475	0,222	-0,279	1,000	116,529
172737,0189	-0,475	0,222	-0,279	1,000	116,232
172737,0439	-0,475	0,222	-0,279	1,000	115,630
172737,0529	-0,475	0,222	-0,279	1,000	115,487
172737,0689	-0,475	0,222	-0,279	1,000	115,139
172737,0939	-0,475	0,222	-0,279	1,000	114,571
172737,1028	-0,475	0,222	-0,279	1,000	114,347
172737,1186	-0,475	0,222	-0,279	1,000	113,878
172737,1446	-0,475	0,221	-0,278	1,000	113,156
172737,1526	-0,475	0,221	-0,278	1,000	112,997
172737,1695	-0,475	0,221	-0,278	1,000	112,617
172737,1939	-0,475	0,221	-0,278	1,000	111,976
172737,2029	-0,475	0,221	-0,278	1,000	111,797
172737,2188	-0,475	0,221	-0,278	1,000	111,384
172737,2440	-0,475	0,221	-0,277	1,000	110,878
172737,2530	-0,475	0,221	-0,277	1,000	110,693
172737,2689	-0,475	0,221	-0,278	1,000	110,350
172737,2946	-0,474	0,221	-0,278	1,000	109,824
172737,3026	-0,474	0,221	-0,278	1,000	109,648
172737,3186	-0,474	0,221	-0,278	1,000	109,313
172737,3445	-0,474	0,221	-0,278	1,000	108,751
172737,3525	-0,474	0,222	-0,278	1,000	108,586
172737,3692	-0,474	0,222	-0,278	1,000	108,208
172737,3941	-0,474	0,222	-0,278	1,000	107,657
172737,4031	-0,474	0,222	-0,278	1,000	107,467
172737,4191	-0,474	0,222	-0,278	1,000	107,097
172737,4440	-0,474	0,221	-0,278	1,000	106,531
172737,4530	-0,474	0,221	-0,278	1,000	106,342
172737,4729	-0,474	0,221	-0,278	1,000	105,931
172737,4939	-0,474	0,221	-0,278	1,000	105,399
172737,5010	-0,474	0,221	-0,278	1,000	105,219
172737,5180	-0,474	0,221	-0,278	1,000	104,853
172737,5420	-0,474	0,221	-0,278	1,000	104,267
172737,5511	-0,474	0,221	-0,278	1,000	104,060
172737,5681	-0,474	0,221	-0,278	1,000	103,687
172737,5946	-0,473	0,221	-0,278	1,000	103,090
172737,6016	-0,473	0,221	-0,278	1,000	102,887
172737,6175	-0,473	0,221	-0,278	1,000	102,527
172737,6435	-0,473	0,221	-0,279	1,000	101,931
172737,6515	-0,473	0,221	-0,279	1,000	101,755
172737,6675	-0,473	0,221	-0,279	1,000	101,333
172737,6935	-0,473	0,221	-0,279	1,000	100,732
172737,7015	-0,473	0,221	-0,279	1,000	100,454
172737,7194	-0,473	0,221	-0,279	1,000	100,047
172737,7434	-0,473	0,221	-0,279	1,000	99,530
172737,7514	-0,473	0,221	-0,280	1,000	99,323
172737,7684	-0,473	0,221	-0,280	1,000	98,962
172737,7937	-0,473	0,221	-0,280	1,000	98,404
172737,8017	-0,473	0,221	-0,280	1,000	98,208
172737,8185	-0,473	0,221	-0,280	1,000	97,807
172737,8434	-0,473	0,221	-0,280	1,000	97,170
172737,8522	-0,473	0,221	-0,280	1,000	96,996
172737,8681	-0,473	0,221	-0,280	1,000	96,614
172737,8931	-0,473	0,221	-0,280	1,000	96,062
172737,9021	-0,473	0,221	-0,280	1,000	95,883
172737,9180	-0,473	0,221	-0,280	1,000	95,509
172737,9440	-0,472	0,221	-0,281	1,000	94,943
172737,9520	-0,472	0,221	-0,281	1,000	94,759
172737,9701	-0,472	0,221	-0,281	1,000	94,307
172737,9935	-0,472	0,221	-0,281	1,000	93,759
172738,0045	-0,472	0,221	-0,281	1,000	93,581
172738,0194	-0,472	0,221	-0,282	1,000	93,228
172738,0444	-0,472	0,221	-0,282	1,000	92,912
172738,0524	-0,472	0,221	-0,282	1,000	92,745
172738,0693	-0,471	0,221	-0,282	1,000	92,396
172738,0942	-0,471	0,221	-0,282	1,000	91,788
172738,1032	-0,471	0,221	-0,282	1,000	91,585
172738,1192	-0,470	0,221	-0,282	1,000	91,264
172738,1441	-0,470	0,221	-0,282	1,000	90,786
172738,1521	-0,470	0,221	-0,282	1,000	90,566
172738,1690	-0,470	0,221	-0,282	1,000	90,148
172738,1940	-0,470	0,221	-0,282	1,000	89,557
172738,2020	-0,470	0,221	-0,282	1,000	89,368
172738,2189	-0,469	0,221	-0,282	1,000	88,977
172738,2438	-0,469	0,221	-0,283	1,000	88,420
172738,2518	-0,469	0,221	-0,283	1,000	88,223
172738,2688	-0,469	0,221	-0,283	1,000	87,841
172738,2937	-0,468	0,221	-0,283	1,000	87,148
172738,3017	-0,468	0,221	-0,283	1,000	86,965
172738,3186	-0,468	0,221	-0,283	1,000	86,731
172738,3446	-0,468	0,221	-0,283	1,000	86,140
172738,3525	-0,468	0,221	-0,283	1,000	85,957
172738,3695	-0,467	0,221	-0,283	1,000	85,602
172738,3944	-0,467	0,221	-0,282	1,000	85,145
172738,4024	-0,467	0,221	-0,282	1,000	84,972
172738,4194	-0,467	0,221	-0,282	1,000	84,610
172738,4433	-0,467	0,221	-0,282	1,000	84,034
172738,4523	-0,467	0,221	-0,282	1,000	83,833
172738,4692	-0,466	0,221	-0,282	1,000	83,483
172738,4932	-0,466	0,221	-0,282	1,000	82,933
172738,5012	-0,466	0,221	-0,282	1,000	82,688
172738,5181	-0,466	0,221	-0,282	1,000	82,223
172738,5430	-0,466	0,221	-0,282	1,000	81,792
172738,5520	-0,466	0,221	-0,282	1,000	81,615
172738,5680	-0,466	0,221	-0,282	1,000	81,264
172738,5929	-0,465	0,221	-0,282	1,000	80,753
172738,6019	-0,465	0,221	-0,282	1,000	80,554
172738,6188	-0,465	0,221	-0,282	1,000	80,195
172738,6438	-0,465	0,221	-0,282	1,000	79,696
172738,6517	-0,465	0,221	-0,282	1,000	79,533
172738,6677	-0,464	0,221	-0,282	1,000	79,219
172738,6936	-0,464	0,221	-0,282	1,000	78,659
172738,7026	-0,464	0,221	-0,282	1,000	78,463
172738,7216	-0,464	0,221	-0,282	1,000	78,052
172738,7475	-0,464	0,221	-0,282	1,000	77,348
172738,7575	-0,464	0,221	-0,282	1,000	77,116
172738,7704	-0,464	0,221	-0,282	1,000	76,742
172738,7934	-0,464	0,221	-0,282	1,000	76,191
172738,8013	-0,463	0,221	-0,282	1,000	76,000
172738,8183	-0,463	0,221	-0,282	1,000	75,551
172738,8432	-0,463	0,221	-0,281	1,000	74,962
172738,8542	-0,463	0,221	-0,281	1,000	74,693
172738,8682	-0,463	0,221	-0,281	1,000	74,330
172738,8931	-0,463	0,221	-0,281	1,000	73,762
172738,9021	-0,463	0,221	-0,281	1,000	73,589
172738,9180	-0,463	0,221	-0,281	1,000	73,230
172738,9430	-0,463	0,221	-0,281	1,000	72,679
172738,9519	-0,463	0,221	-0,281	1,000	72,492
172738,9689	-0,463	0,221	-0,281	1,000	72,214
172738,9938	-0,463	0,221	-0,281	1,000	71,709
172739,0018	-0,463	0,221	-0,281	1,000	71,469
172739,0178	-0,463	0,221	-0,281	1,000	71,145
172739,0437	-0,463	0,221	-0,281	1,000	70,533
172739,0517	-0,463	0,221	-0,281	1,000	70,299
172739,0686	-0,463	0,221	-0,281	1,000	69,919
172739,0936	-0,463	0,221	-0,282	1,000	69,357
172739,1015	-0,463	0,221	-0,282	1,000	69,171
172739,1185	-0,463	0,221	-0,282	1,000	68,801
172739,1434	-0,463	0,221	-0,282	1,000	68,204
172739,1524	-0,463	0,221	-0,282	1,000	68,018
172739,1684	-0,463	0,221	-0,282	1,000	67,612
172739,1943	-0,463	0,221	-0,283	1,000	67,160
172739,2023	-0,463	0,221	-0,283	1,000	66,980
172739,2192	-0,463	0,221	-0,283	1,000	66,514
172739,2442	-0,463	0,221	-0,283	1,000	65,940
172739,2522	-0,463	0,221	-0,283	1,000	65,758
172739,2691	-0,463	0,221	-0,283	1,000	65,307
172739,2940	-0,464	0,221	-0,283	1,000	64,740
172739,3030	-0,464	0,221	-0,283	1,000	64,552
172739,3190	-0,463	0,221	-0,284	1,000	64,178
172739,3439	-0,463	0,221	-0,284	1,000	63,605
172739,3519	-0,463	0,221	-0,284	1,000	63,420
172739,3688	-0,463	0,221	-0,284	1,000	63,034
172739,3968	-0,463	0,221	-0,284	1,000	62,437
172739,4047	-0,463	0,221	-0,284	1,000	62,279
172739,4187	-0,463	0,221	-0,284	1,000	61,899
172739,4446	-0,463	0,221	-0,284	1,000	61,314
172739,4526	-0,463	0,221	-0,284	1,000	61,131
172739,4686	-0,463	0,221	-0,284	1,000	60,795
172739,4935	-0,463	0,221	-0,285	1,000	60,304
172739,5025	-0,463	0,221	-0,285	1,000	60,134
172739,5184	-0,463	0,221	-0,285	1,000	59,789
172739,5424	-0,462	0,221	-0,285	1,000	59,302
172739,5503	-0,462	0,221	-0,285	1,000	59,082
172739,5673	-0,462	0,221	-0,285	1,000	58,770
172739,5932	-0,462	0,221	-0,285	1,000	58,227
172739,6012	-0,462	0,221	-0,285	1,000	58,051
172739,6172	-0,462	0,221	-0,286	1,000	57,685
172739,6431	-0,462	0,221	-0,286	1,000	57,186
172739,6521	-0,462	0,221	-0,286	1,000	57,015
172739,6690	-0,462	0,221	-0,286	1,000	56,686
172739,6940	-0,462	0,221	-0,286	1,000	56,160
172739,7019	-0,462	0,221	-0,286	1,000	55,991
172739,7189	-0,462	0,221	-0,286	1,000	55,619
172739,7458	-0,461	0,221	-0,287	1,000	55,068
172739,7518	-0,461	0,221	-0,287	1,000	54,861
172739,7688	-0,461	0,221	-0,287	1,000	54,482
172739,7937	-0,461	0,221	-0,287	1,000	53,838
172739,8037	-0,461	0,221	-0,287	1,000	53,665
172739,8186	-0,461	0,221	-0,287	1,000	53,337
172739,8436	-0,461	0,221	-0,287	1,000	52,763
172739,8525	-0,461	0,221	-0,288	1,000	52,569
172739,8685	-0,461	0,221	-0,288	1,000	52,171
172739,8934	-0,460	0,221	-0,288	1,000	51,598
172739,9014	-0,460	0,221	-0,288	1,000	51,414
172739,9174	-0,460	0,221	-0,288	1,000	51,045
172739,9433	-0,460	0,221	-0,288	1,000	50,508
172739,9513	-0,460	0,221	-0,289	1,000	50,266
172739,9682	-0,460	0,221	-0,289	1,000	49,892
172739,9932	-0,460	0,221	-0,289	1,000	49,378
172740,0011	-0,460	0,221	-0,289	1,000	49,190
172740,0181	-0,460	0,221	-0,289	1,000	48,833
172740,0530	-0,459	0,221	-0,289	1,000	48,314
172740,0590	-0,459	0,221	-0,289	1,000	48,141
172740,0710	-0,459	0,221	-0,289	1,000	47,791
172740,0939	-0,459	0,221	-0,289	1,000	47,279
172740,1019	-0,459	0,221	-0,289	1,000	47,134
172740,1188	-0,459	0,221	-0,289	1,000	46,725
172740,1438	-0,458	0,221	-0,290	1,000	46,243
172740,1547	-0,458	0,221	-0,290	1,000	46,055
172740,1697	-0,458	0,221	-0,290	1,000	44,792
172740,1936	-0,458	0,221	-0,290	1,000	45,301
172740,2026	-0,458	0,221	-0,290	1,000	44,936
172740,2186	-0,458	0,221	-0,290	1,000	45,910
172740,2435	-0,458	0,221	-0,290	1,000	44,086
172740,2525	-0,458	0,221	-0,290	1,000	43,853
172740,2684	-0,457	0,221	-0,290	1,000	43,519
172740,2934	-0,457	0,221	-0,291	1,000	43,022
172740,3023	-0,457	0,221	-0,291	1,000	42,895
172740,3193	-0,457	0,221	-0,291	1,000	42,557
172740,3432	-0,457	0,221	-0,291	1,000	42,027
172740,3522	-0,457	0,221	-0,291	1,000	41,834
172740,3692	-0,457	0,221	-0,291	1,000	41,430
172740,3921	-0,456	0,221	-0,291	1,000	40,721
172740,4011	-0,456	0,221	-0,291	1,000	40,504
172740,4180	-0,456	0,221	-0,291	1,000	40,078
172740,4430	-0,456	0,221	-0,291	1,000	39,470
172740,4509	-0,456	0,221	-0,291	1,000	39,268
172740,4679	-0,456	0,221	-0,291	1,000	38,973
172740,4928	-0,455	0,221	-0,291	1,000	38,419
172740,5008	-0,455	0,221	-0,291	1,000	38,234
172740,5178	-0,455	0,221	-0,291	1,000	37,805
172740,5427	-0,455	0,221	-0,291	1,000	37,264
172740,5507	-0,455	0,221	-0,291	1,000	37,084
172740,5676	-0,455	0,221	-0,291	1,000	36,727
172740,5936	-0,455	0,221	-0,291	1,000	36,128
172740,6025	-0,455	0,221	-0,291	1,000	35,962
172740,6185	-0,455	0,221	-0,291	1,000	35,610
172740,6434	-0,455	0,221	-0,291	1,000	35,108
172740,6524	-0,455	0,221	-0,291	1,000	34,945
172740,6690	-0,455	0,221	-0,291	1,000	34,548
172740,7009	-0,455	0,221	-0,291	1,000	34,034
172740,7069	-0,455	0,221	-0,291	1,000	33,799
172740,7189	-0,455	0,221	-0,291	1,000	33,416
172740,7438	-0,455	0,221	-0,291	1,000	32,856
172740,7518	-0,456	0,221	-0,291	1,000	32,666
172740,7688	-0,456	0,221	-0,291	1,000	32,286
172740,7936	-0,456	0,221	-0,291	1,000	31,759
172740,8026	-0,456	0,221	-0,291	1,000	31,573
172740,8187	-0,456	0,221	-0,291	1,000	31,098
172740,8437	-0,456	0,221	-0,292	1,000	30,582
172740,8527	-0,456	0,221	-0,292	1,000	30,365
172740,8677	-0,456	0,221	-0,292	1,000	29,973
172740,8931	-0,456	0,221	-0,292	1,000	29,333
172740,9010	-0,456	0,221	-0,292	1,000	29,166
172740,9191	-0,457	0,221	-0,292	1,000	28,752
172740,9440	-0,457	0,221	-0,292	1,000	28,214
172740,9521	-0,457	0,221	-0,292	1,000	27,919
172740,9691	-0,457	0,221	-0,292	1,000	27,584
172740,9942	-0,457	0,221	-0,292	1,000	27,003
172741,0022	-0,457	0,221	-0,292	1,000	26,781
172741,0185	-0,457	0,221	-0,292	1,000	26,414
172741,0435	-0,457	0,221	-0,292	1,000	25,944
172741,0525	-0,457	0,221	-0,293	1,000	25,772
172741,0684	-0,457	0,221	-0,293	1,000	25,404
172741,0933	-0,457	0,221	-0,293	1,000	24,816
172741,1023	-0,457	0,221	-0,293	1,000	24,638
172741,1183	-0,457	0,221	-0,293	1,000	24,322
172741,1462	-0,457	0,221	-0,294	1,000	23,870
172741,1522	-0,457	0,221	-0,294	1,000	23,699
172741,1682	-0,458	0,221	-0,294	1,000	23,394
172741,1931	-0,458	0,221	-0,294	1,000	22,883
172741,2021	-0,458	0,221	-0,294	1,000	22,712
172741,2191	-0,458	0,221	-0,294	1,000	22,318
172741,2441	-0,458	0,221	-0,295	1,000	21,688
172741,2520	-0,457	0,221	-0,295	1,000	21,514
172741,2690	-0,458	0,221	-0,295	1,000	21,251
172741,2939	-0,458	0,221	-0,295	1,000	20,739
172741,3060	-0,458	0,221	-0,295	1,000	20,577
172741,3370	-0,458	0,221	-0,295	1,000	20,170
172741,3519	-0,458	0,221	-0,295	1,000	19,639
172741,3569	-0,458	0,221	-0,296	1,000	19,466
172741,3690	-0,458	0,221	-0,296	1,000	19,033
172741,3937	-0,458	0,221	-0,296	1,000	18,416
172741,4016	-0,458	0,221	-0,296	1,000	18,228
172741,4188	-0,458	0,221	-0,296	1,000	17,909
172741,4437	-0,458	0,221	-0,296	1,000	17,344
172741,4527	-0,458	0,221	-0,296	1,000	17,171
172741,4686	-0,458	0,221	-0,296	1,000	16,855
172741,4942	-0,458	0,221	-0,297	1,000	16,257
172741,5022	-0,458	0,221	-0,297	1,000	16,041
172741,5182	-0,458	0,221	-0,297	1,000	15,664
172741,5421	-0,458	0,221	-0,297	1,000	15,108
172741,5501	-0,458	0,221	-0,297	1,000	14,905
172741,5670	-0,458	0,221	-0,297	1,000	14,489
172741,5979	-0,458	0,221	-0,298	1,000	13,885
172741,6029	-0,458	0,221	-0,298	1,000	13,693
172741,6178	-0,458	0,221	-0,298	1,000	13,397
172741,6430	-0,458	0,221	-0,298	1,000	12,865
172741,6520	-0,458	0,221	-0,298	1,000	12,670
172741,6689	-0,458	0,221	-0,299	1,000	12,381
172741,6928	-0,458	0,221	-0,299	1,000	11,875
172741,7025	-0,458	0,221	-0,299	1,000	11,717
172741,7184	-0,458	0,221	-0,300	1,000	11,384
172741,7434	-0,458	0,221	-0,300	1,000	10,802
172741,7513	-0,458	0,221	-0,300	1,000	10,621
172741,7683	-0,458	0,221	-0,300	1,000	10,292
172741,7932	-0,458	0,221	-0,300	1,000	9,772
172741,8022	-0,458	0,221	-0,300	1,000	9,594
172741,8182	-0,458	0,221	-0,300	1,000	9,171
172741,8431	-0,458	0,221	-0,300	1,000	8,644
172741,8521	-0,458	0,221	-0,300	1,000	8,454
172741,8677	-0,457	0,221	-0,301	1,000	8,096
172741,8957	-0,457	0,221	-0,301	1,000	7,578
172741,9017	-0,457	0,221	-0,301	1,000	7,415
172741,9186	-0,457	0,221	-0,301	1,000	7,063
172741,9429	-0,457	0,221	-0,301	1,000	6,577
172741,9619	-0,457	0,221	-0,301	1,000	6,407
172741,9728	-0,457	0,222	-0,302	1,000	6,036
172741,9938	-0,457	0,222	-0,302	1,000	5,552
172742,0028	-0,457	0,222	-0,302	1,000	5,349
172742,0188	-0,457	0,221	-0,302	1,000	4,955
172742,0437	-0,457	0,221	-0,302	1,000	4,335
172742,0517	-0,456	0,221	-0,302	1,000	4,128
172742,0686	-0,456	0,221	-0,302	1,000	3,686
172742,0936	-0,456	0,221	-0,302	1,000	3,052
172742,1016	-0,456	0,221	-0,302	1,000	2,861
172742,1185	-0,456	0,222	-0,302	1,000	2,449
172742,1436	-0,456	0,221	-0,302	1,000	1,957
172742,1516	-0,456	0,221	-0,302	1,000	1,756
172742,1685	-0,456	0,221	-0,302	1,000	1,375
172742,1937	-0,456	0,221	-0,302	1,000	0,807
172742,2032	-0,456	0,222	-0,302	1,000	0,619
172742,2187	-0,456	0,222	-0,302	1,000	0,221
172742,2436	-0,456	0,221	-0,302	1,000	-0,362
172742,2516	-0,456	0,221	-0,302	1,000	-0,526
172742,2686	-0,456	0,221	-0,302	1,000	-0,909
172742,2935	-0,456	0,221	-0,302	1,000	-1,437
172742,3015	-0,456	0,221	-0,302	1,000	-1,609
172742,3184	-0,456	0,221	-0,302	1,000	-1,971
172742,3434	-0,456	0,222	-0,302	1,000	-2,495
172742,3523	-0,456	0,221	-0,302	1,000	-2,693
172742,3683	-0,456	0,222	-0,302	1,000	-3,012
172742,3932	-0,456	0,221	-0,302	1,000	-3,595
172742,4012	-0,456	0,221	-0,302	1,000	-3,764
172742,4182	-0,456	0,221	-0,302	1,000	-4,130
172742,4431	-0,456	0,221	-0,302	1,000	-4,689
172742,4521	-0,456	0,221	-0,302	1,000	-4,881
172742,4680	-0,456	0,221	-0,302	1,000	-5,253
172742,4930	-0,456	0,221	-0,302	1,000	-5,805
172742,5019	-0,456	0,221	-0,302	1,000	-5,995
172742,5189	-0,456	0,221	-0,302	1,000	-6,366
172742,5438	-0,456	0,221	-0,302	1,000	-7,001
172742,5518	-0,456	0,221	-0,302	1,000	-7,198
172742,5688	-0,456	0,221	-0,302	1,000	-7,648
172742,5947	-0,457	0,221	-0,302	1,000	-8,219
172742,6017	-0,457	0,221	-0,302	1,000	-8,406
172742,6186	-0,457	0,221	-0,302	1,000	-8,754
172742,6436	-0,457	0,221	-0,302	1,000	-8,940
172742,6515	-0,457	0,221	-0,302	1,000	-8,859
172742,6685	-0,457	0,221	-0,302	1,000	-8,697
172742,6934	-0,457	0,221	-0,302	1,000	-8,605
172742,7014	-0,457	0,221	-0,302	1,000	-8,623
172742,7184	-0,457	0,221	-0,302	1,000	-8,654
172742,7433	-0,457	0,221	-0,302	1,000	-8,726
172742,7513	-0,457	0,221	-0,302	1,000	-8,754
172742,7682	-0,457	0,221	-0,302	1,000	-8,781
172742,7932	-0,457	0,221	-0,302	1,000	-8,739
172742,8021	-0,457	0,221	-0,302	1,000	-8,724
172742,8181	-0,457	0,221	-0,302	1,000	-8,706
172742,8430	-0,457	0,221	-0,302	1,000	-8,698
172742,8520	-0,457	0,221	-0,302	1,000	-8,708
172742,8680	-0,457	0,221	-0,302	1,000	-8,732
172742,8929	-0,457	0,221	-0,302	1,000	-8,740
172742,9019	-0,457	0,221	-0,302	1,000	-8,727
172742,9198	-0,457	0,221	-0,302	1,000	-8,718
172742,9428	-0,457	0,221	-0,302	1,000	-8,711
172742,9517	-0,457	0,221	-0,302	1,000	-8,712
172742,9677	-0,457	0,221	-0,302	1,000	-8,719
172742,9936	-0,457	0,221	-0,302	1,000	-8,722
172743,0016	-0,457	0,221	-0,302	1,000	-8,719
172743,0186	-0,457	0,221	-0,302	1,000	-8,724
172743,0435	-0,457	0,221	-0,302	1,000	-8,715
172743,0515	-0,457	0,221	-0,302	1,000	-8,721
172743,0684	-0,457	0,221	-0,302	1,000	-8,717
172743,0934	-0,457	0,221	-0,302	1,000	-8,727
172743,1013	-0,457	0,221	-0,302	1,000	-8,727
172743,1183	-0,457	0,221	-0,302	1,000	-8,717
172743,1442	-0,457	0,221	-0,302	1,000	-8,721
172743,1512	-0,457	0,221	-0,302	1,000	-8,717
172743,1682	-0,457	0,221	-0,302	1,000	-8,721
172743,1931	-0,457	0,221	-0,302	1,000	-8,719
172743,2011	-0,457	0,221	-0,302	1,000	-8,722
172743,2220	-0,457	0,221	-0,302	1,000	-8,718
172743,2440	-0,457	0,221	-0,302	1,000	-8,714
172743,2519	-0,457	0,221	-0,302	1,000	-8,717
172743,2679	-0,457	0,221	-0,302	1,000	-8,717
172743,2928	-0,457	0,221	-0,302	1,000	-8,721
172743,3018	-0,457	0,221	-0,302	1,000	-8,713
172743,3188	-0,457	0,221	-0,302	1,000	-8,721
172743,3427	-0,457	0,221	-0,302	1,000	-8,720
172743,3517	-0,457	0,221	-0,302	1,000	-8,719
172743,3676	-0,457	0,221	-0,302	1,000	-8,719
172743,3936	-0,457	0,221	-0,302	1,000	-8,718
172743,4015	-0,457	0,221	-0,302	1,000	-8,714
172743,4185	-0,457	0,221	-0,302	1,000	-8,720
172743,4424	-0,457	0,221	-0,302	1,000	-8,719
172743,4514	-0,457	0,221	-0,302	1,000	-8,717
172743,4684	-0,457	0,221	-0,302	1,000	-8,722
172743,4923	-0,457	0,221	-0,302	1,000	-8,725
172743,5003	-0,457	0,221	-0,302	1,000	-8,719
172743,5172	-0,457	0,221	-0,302	1,000	-8,727
172743,5442	-0,457	0,221	-0,302	1,000	-8,717
172743,5521	-0,457	0,221	-0,302	1,000	-8,718
172743,5691	-0,457	0,221	-0,302	1,000	-8,727
172743,5930	-0,457	0,221	-0,302	1,000	-8,723
172743,6020	-0,457	0,221	-0,302	1,000	-8,722
172743,6190	-0,457	0,221	-0,302	1,000	-8,724
172743,6439	-0,457	0,221	-0,302	1,000	-8,721
172743,6519	-0,457	0,221	-0,302	1,000	-8,715
172743,6688	-0,457	0,221	-0,302	1,000	-8,723
172743,6938	-0,457	0,221	-0,302	1,000	-8,716
172743,7017	-0,457	0,221	-0,302	1,000	-8,721
172743,7187	-0,457	0,221	-0,302	1,000	-8,725
172743,7436	-0,457	0,221	-0,302	1,000	-8,720
172743,7516	-0,457	0,221	-0,302	1,000	-8,719
172743,7706	-0,457	0,221	-0,302	1,000	-8,716
172743,7935	-0,457	0,221	-0,302	1,000	-8,719
172743,8015	-0,457	0,221	-0,302	1,000	-8,719
172743,8184	-0,457	0,221	-0,302	1,000	-8,712
172743,8434	-0,457	0,221	-0,302	1,000	-8,726
172743,8513	-0,457	0,221	-0,302	1,000	-8,721
172743,8693	-0,457	0,221	-0,302	1,000	-8,719
172743,8932	-0,457	0,221	-0,302	1,000	-8,727
172743,9022	-0,457	0,221	-0,302	1,000	-8,724
172743,9192	-0,457	0,221	-0,302	1,000	-8,721
172743,9431	-0,457	0,221	-0,302	1,000	-8,727
172743,9521	-0,457	0,221	-0,302	1,000	-8,721
172743,9680	-0,457	0,221	-0,302	1,000	-8,722
172743,9930	-0,457	0,221	-0,302	1,000	-8,714
172744,0019	-0,457	0,221	-0,302	1,000	-8,714
172744,0189	-0,457	0,221	-0,302	1,000	-8,717
172744,0458	-0,457	0,221	-0,302	1,000	-8,722
172744,0518	-0,457	0,221	-0,302	1,000	-8,723
172744,0688	-0,457	0,221	-0,302	1,000	-8,714
172744,0937	-0,457	0,221	-0,302	1,000	-8,715
172744,1017	-0,457	0,221	-0,302	1,000	-8,719
172744,1186	-0,457	0,221	-0,302	1,000	-8,716
172744,1436	-0,457	0,221	-0,302	1,000	-8,714
172744,1525	-0,457	0,221	-0,302	1,000	-8,719
172744,1685	-0,457	0,221	-0,302	1,000	-8,722
172744,1934	-0,457	0,221	-0,302	1,000	-8,715
172744,2014	-0,457	0,221	-0,302	1,000	-8,718
172744,2184	-0,457	0,221	-0,302	1,000	-8,714
172744,2433	-0,457	0,221	-0,302	1,000	-8,720
172744,2523	-0,457	0,221	-0,302	1,000	-8,718
172744,2682	-0,457	0,221	-0,302	1,000	-8,725
172744,2932	-0,457	0,221	-0,302	1,000	-8,723
172744,3021	-0,457	0,221	-0,302	1,000	-8,712
172744,3191	-0,457	0,221	-0,302	1,000	-8,715
172744,3430	-0,457	0,221	-0,302	1,000	-8,725
172744,3530	-0,457	0,221	-0,302	1,000	-8,728
172744,3690	-0,457	0,221	-0,302	1,000	-8,725
172744,3949	-0,457	0,221	-0,302	1,000	-8,726
172744,4019	-0,457	0,221	-0,302	1,000	-8,721
172744,4188	-0,457	0,221	-0,302	1,000	-8,725
172744,4438	-0,457	0,221	-0,302	1,000	-8,718
172744,4517	-0,457	0,221	-0,302	1,000	-8,724
172744,4687	-0,457	0,221	-0,302	1,000	-8,725
172744,4926	-0,457	0,221	-0,302	1,000	-8,723
172744,5006	-0,457	0,221	-0,302	1,000	-8,714
172744,5205	-0,457	0,221	-0,302	1,000	-8,710
172744,5415	-0,457	0,221	-0,302	1,000	-8,716
172744,5515	-0,457	0,221	-0,302	1,000	-8,718
172744,5677	-0,457	0,221	-0,302	1,000	-8,722
172744,5936	-0,457	0,221	-0,302	1,000	-8,726
172744,6016	-0,457	0,221	-0,302	1,000	-8,717
172744,6185	-0,457	0,221	-0,302	1,000	-8,719
172744,6435	-0,457	0,221	-0,302	1,000	-8,720
172744,6524	-0,457	0,221	-0,302	1,000	-8,721
172744,6684	-0,457	0,221	-0,302	1,000	-8,725
172744,6933	-0,457	0,221	-0,302	1,000	-8,710
172744,7013	-0,457	0,221	-0,302	1,000	-8,720
172744,7183	-0,457	0,221	-0,302	1,000	-8,731
172744,7432	-0,457	0,221	-0,302	1,000	-8,718
172744,7512	-0,457	0,221	-0,302	1,000	-8,723
172744,7682	-0,457	0,221	-0,302	1,000	-8,720
172744,7941	-0,457	0,221	-0,302	1,000	-8,719
172744,8100	-0,457	0,221	-0,302	1,000	-8,721
172744,8270	-0,457	0,221	-0,302	1,000	-8,723
172744,8521	-0,457	0,221	-0,302	1,000	-8,725
172744,8686	-0,457	0,221	-0,302	1,000	-8,720
172744,8857	-0,457	0,221	-0,302	1,000	-8,726
172744,9102	-0,457	0,221	-0,302	1,000	-8,720
172744,9271	-0,457	0,221	-0,302	1,000	-8,720
172744,9431	-0,457	0,221	-0,302	1,000	-8,720
172744,9680	-0,457	0,221	-0,302	1,000	-8,727
172744,9851	-0,457	0,221	-0,302	1,000	-8,725
172745,0021	-0,457	0,221	-0,302	1,000	-8,718
172745,0270	-0,457	0,221	-0,302	1,000	-8,731
172745,0440	-0,457	0,221	-0,302	1,000	-8,723
172745,0599	-0,457	0,221	-0,302	1,000	-8,722
172745,0859	-0,457	0,221	-0,302	1,000	-8,725
172745,1028	-0,457	0,221	-0,302	1,000	-8,719
172745,1188	-0,457	0,221	-0,302	1,000	-8,726
172745,1470	-0,457	0,221	-0,302	1,000	-8,716
172745,1599	-0,457	0,221	-0,302	1,000	-8,724
172745,1769	-0,457	0,221	-0,302	1,000	-8,728
172745,2017	-0,457	0,221	-0,302	1,000	-8,720
172745,2187	-0,457	0,221	-0,302	1,000	-8,722
172745,2357	-0,457	0,221	-0,302	1,000	-8,721
172745,2596	-0,457	0,221	-0,302	1,000	-8,728
172745,2761	-0,457	0,221	-0,302	1,000	-8,722
172745,2930	-0,457	0,221	-0,302	1,000	-8,728
172745,3189	-0,457	0,221	-0,302	1,000	-8,724
172745,3359	-0,457	0,221	-0,302	1,000	-8,716
172745,3519	-0,457	0,221	-0,302	1,000	-8,722
172745,3768	-0,457	0,221	-0,302	1,000	-8,719
172745,3937	-0,457	0,221	-0,302	1,000	-8,718
172745,4107	-0,457	0,221	-0,302	1,000	-8,723
172745,4356	-0,457	0,221	-0,302	1,000	-8,720
172745,4515	-0,457	0,221	-0,302	1,000	-8,719
172745,4685	-0,457	0,221	-0,302	1,000	-8,722
172745,4934	-0,457	0,221	-0,302	1,000	-8,724
172745,5084	-0,457	0,221	-0,302	1,000	-8,725
172745,5260	-0,457	0,221	-0,302	1,000	-8,727
172745,5500	-0,457	0,221	-0,302	1,000	-8,724
172745,5670	-0,457	0,221	-0,302	1,000	-8,721
172745,5850	-0,457	0,221	-0,302	1,000	-8,726
172745,6100	-0,457	0,221	-0,302	1,000	-8,723
172745,6269	-0,457	0,221	-0,302	1,000	-8,723
172745,6437	-0,457	0,221	-0,302	1,000	-8,726
172745,6687	-0,457	0,221	-0,302	1,000	-8,726
172745,6857	-0,457	0,221	-0,302	1,000	-8,722
172745,7019	-0,457	0,221	-0,302	1,000	-8,726
172745,7268	-0,457	0,221	-0,302	1,000	-8,725
172745,7437	-0,457	0,221	-0,302	1,000	-8,722
172745,7597	-0,457	0,221	-0,302	1,000	-8,734
172745,7876	-0,457	0,221	-0,302	1,000	-8,726
172745,8016	-0,457	0,221	-0,302	1,000	-8,726
172745,8186	-0,457	0,221	-0,302	1,000	-8,725
172745,8436	-0,457	0,221	-0,302	1,000	-8,721
172745,8596	-0,457	0,221	-0,302	1,000	-8,725
172745,8766	-0,457	0,221	-0,302	1,000	-8,728
172745,9017	-0,457	0,221	-0,302	1,000	-8,726
172745,9183	-0,457	0,221	-0,302	1,000	-8,723
172745,9353	-0,457	0,221	-0,302	1,000	-8,729
172745,9602	-0,457	0,221	-0,302	1,000	-8,724
