172745,9772	-0,457	0,221	-0,302	1,000	-8,730
172745,9931	-0,457	0,221	-0,302	1,000	-8,726
172746,0181	-0,457	0,221	-0,302	1,000	-8,720
172746,0360	-0,457	0,221	-0,302	1,000	-8,711
172746,0430	-0,457	0,221	-0,302	1,000	-8,723
172746,0599	-0,457	0,221	-0,302	1,000	-8,721
172746,0849	-0,457	0,221	-0,302	1,000	-8,721
172746,1019	-0,457	0,221	-0,302	1,000	-8,724
172746,1099	-0,457	0,221	-0,302	1,000	-8,731
172746,1269	-0,457	0,221	-0,302	1,000	-8,720
172746,1518	-0,457	0,221	-0,302	1,000	-8,721
172746,1687	-0,457	0,221	-0,302	1,000	-8,724
172746,1767	-0,457	0,221	-0,302	1,000	-8,726
172746,1937	-0,457	0,221	-0,302	1,000	-8,723
172746,2187	-0,457	0,221	-0,302	1,000	-8,732
172746,2347	-0,457	0,221	-0,302	1,000	-8,727
172746,2436	-0,457	0,221	-0,302	1,000	-8,722
172746,2606	-0,457	0,221	-0,302	1,000	-8,719
172746,2856	-0,457	0,221	-0,302	1,000	-8,727
172746,3016	-0,457	0,221	-0,302	1,000	-8,720
172746,3106	-0,457	0,221	-0,302	1,000	-8,724
172746,3266	-0,457	0,221	-0,302	1,000	-8,723
172746,3515	-0,457	0,221	-0,302	1,000	-8,721
172746,3685	-0,457	0,221	-0,302	1,000	-8,721
172746,3765	-0,457	0,221	-0,302	1,000	-8,720
172746,3935	-0,457	0,221	-0,302	1,000	-8,718
172746,4196	-0,457	0,221	-0,302	1,000	-8,717
172746,4356	-0,457	0,221	-0,302	1,000	-8,715
172746,4436	-0,457	0,221	-0,302	1,000	-8,723
172746,4605	-0,457	0,221	-0,302	1,000	-8,724
172746,4855	-0,457	0,221	-0,302	1,000	-8,720
172746,5034	-0,457	0,221	-0,302	1,000	-8,725
172746,5084	-0,457	0,221	-0,302	1,000	-8,723
172746,5254	-0,457	0,221	-0,302	1,000	-8,723
172746,5502	-0,457	0,221	-0,302	1,000	-8,730
172746,5681	-0,457	0,221	-0,302	1,000	-8,728
172746,5761	-0,457	0,221	-0,302	1,000	-8,724
172746,5941	-0,457	0,221	-0,302	1,000	-8,721
172746,6180	-0,457	0,221	-0,302	1,000	-8,723
172746,6349	-0,457	0,221	-0,302	1,000	-8,721
172746,6429	-0,457	0,221	-0,302	1,000	-8,722
172746,6599	-0,457	0,221	-0,302	1,000	-8,724
172746,6849	-0,457	0,221	-0,302	1,000	-8,720
172746,7019	-0,457	0,221	-0,302	1,000	-8,717
172746,7099	-0,457	0,221	-0,302	1,000	-8,723
172746,7268	-0,457	0,221	-0,302	1,000	-8,727
172746,7511	-0,457	0,221	-0,302	1,000	-8,720
172746,7691	-0,457	0,221	-0,302	1,000	-8,720
172746,7770	-0,457	0,221	-0,302	1,000	-8,731
172746,7930	-0,457	0,221	-0,302	1,000	-8,728
172746,8169	-0,457	0,221	-0,302	1,000	-8,721
172746,8337	-0,457	0,221	-0,302	1,000	-8,722
172746,8417	-0,457	0,221	-0,302	1,000	-8,719
172746,8596	-0,457	0,221	-0,302	1,000	-8,724
172746,8836	-0,457	0,221	-0,302	1,000	-8,720
172746,9006	-0,457	0,221	-0,302	1,000	-8,732
172746,9085	-0,457	0,221	-0,302	1,000	-8,723
172746,9255	-0,457	0,221	-0,302	1,000	-8,721
172746,9514	-0,457	0,221	-0,302	1,000	-8,719
172746,9689	-0,457	0,221	-0,302	1,000	-8,717
172746,9769	-0,457	0,221	-0,302	1,000	-8,716
172746,9938	-0,457	0,221	-0,302	1,000	-8,724
172747,0187	-0,457	0,221	-0,302	1,000	-8,722
172747,0356	-0,457	0,221	-0,302	1,000	-8,726
172747,0435	-0,457	0,221	-0,302	1,000	-8,727
172747,0688	-0,457	0,221	-0,302	1,000	-8,726
172747,0848	-0,457	0,221	-0,302	1,000	-8,721
172747,1027	-0,457	0,221	-0,302	1,000	-8,719
172747,1097	-0,457	0,221	-0,302	1,000	-8,717
172747,1263	-0,457	0,221	-0,302	1,000	-8,721
172747,1512	-0,457	0,221	-0,302	1,000	-8,726
172747,1681	-0,457	0,221	-0,302	1,000	-8,722
172747,1771	-0,457	0,221	-0,302	1,000	-8,734
172747,1931	-0,457	0,221	-0,302	1,000	-8,723
172747,2201	-0,457	0,221	-0,302	1,000	-8,729
172747,2350	-0,457	0,221	-0,302	1,000	-8,724
172747,2430	-0,457	0,221	-0,302	1,000	-8,723
172747,2600	-0,457	0,221	-0,302	1,000	-8,715
172747,2849	-0,457	0,221	-0,302	1,000	-8,721
172747,3018	-0,457	0,221	-0,302	1,000	-8,722
172747,3108	-0,457	0,221	-0,302	1,000	-8,719
172747,3268	-0,457	0,221	-0,302	1,000	-8,723
172747,3517	-0,457	0,221	-0,302	1,000	-8,725
172747,3687	-0,457	0,221	-0,302	1,000	-8,725
172747,3766	-0,457	0,221	-0,302	1,000	-8,721
172747,3926	-0,457	0,221	-0,302	1,000	-8,723
172747,4185	-0,457	0,221	-0,302	1,000	-8,719
172747,4345	-0,457	0,221	-0,302	1,000	-8,720
172747,4425	-0,457	0,221	-0,302	1,000	-8,728
172747,4594	-0,457	0,221	-0,302	1,000	-8,721
172747,4844	-0,457	0,221	-0,302	1,000	-8,722
172747,5003	-0,457	0,221	-0,302	1,000	-8,721
172747,5083	-0,457	0,221	-0,302	1,000	-8,726
172747,5272	-0,457	0,221	-0,302	1,000	-8,728
172747,5512	-0,457	0,221	-0,302	1,000	-8,548
172747,5691	-0,457	0,221	-0,302	1,000	-8,118
172747,5761	-0,457	0,221	-0,302	1,000	-7,881
172747,5931	-0,457	0,221	-0,301	1,000	-7,413
172747,6180	-0,456	0,221	-0,301	1,000	-6,857
172747,6360	-0,456	0,221	-0,301	1,000	-6,547
172747,6439	-0,456	0,221	-0,301	1,000	-6,402
172747,6599	-0,456	0,221	-0,301	1,000	-6,048
172747,6848	-0,456	0,221	-0,301	1,000	-5,518
172747,7038	-0,456	0,221	-0,301	1,000	-5,105
172747,7137	-0,456	0,221	-0,301	1,000	-4,941
172747,7317	-0,456	0,221	-0,301	1,000	-4,602
172747,7516	-0,456	0,221	-0,301	1,000	-4,093
172747,7686	-0,456	0,221	-0,301	1,000	-3,718
172747,7766	-0,456	0,221	-0,301	1,000	-3,523
172747,7935	-0,456	0,221	-0,301	1,000	-3,122
172747,8185	-0,456	0,221	-0,301	1,000	-2,587
172747,8344	-0,456	0,221	-0,301	1,000	-2,233
172747,8434	-0,456	0,221	-0,301	1,000	-2,047
172747,8594	-0,456	0,221	-0,301	1,000	-1,679
172747,8853	-0,456	0,222	-0,301	1,000	-1,180
172747,9012	-0,456	0,221	-0,301	1,000	-0,889
172747,9102	-0,456	0,221	-0,301	1,000	-0,724
172747,9262	-0,456	0,221	-0,301	1,000	-0,332
172747,9521	-0,456	0,222	-0,301	1,000	0,265
172747,9681	-0,456	0,221	-0,301	1,000	0,686
172747,9770	-0,456	0,221	-0,301	1,000	0,892
172747,9930	-0,456	0,221	-0,301	1,000	1,297
172748,0189	-0,456	0,221	-0,301	1,000	1,919
172748,0349	-0,456	0,221	-0,301	1,000	2,313
172748,0429	-0,456	0,221	-0,301	1,000	2,508
172748,0598	-0,456	0,222	-0,301	1,000	2,853
172748,0848	-0,456	0,221	-0,301	1,000	3,461
172748,1017	-0,456	0,221	-0,301	1,000	3,821
172748,1097	-0,456	0,221	-0,301	1,000	4,003
172748,1266	-0,456	0,221	-0,301	1,000	4,383
172748,1516	-0,456	0,221	-0,300	1,000	4,913
172748,1685	-0,456	0,221	-0,300	1,000	5,189
172748,1765	-0,456	0,221	-0,300	1,000	5,428
172748,1935	-0,456	0,221	-0,300	1,000	5,774
172748,2174	-0,456	0,221	-0,300	1,000	6,350
172748,2344	-0,456	0,221	-0,300	1,000	6,703
172748,2443	-0,456	0,221	-0,300	1,000	6,869
172748,2593	-0,457	0,221	-0,299	1,000	7,213
172748,2842	-0,457	0,221	-0,299	1,000	7,754
172748,3022	-0,457	0,221	-0,299	1,000	8,138
172748,3101	-0,457	0,221	-0,299	1,000	8,322
172748,3261	-0,457	0,221	-0,299	1,000	8,690
172748,3520	-0,457	0,221	-0,299	1,000	9,208
172748,3690	-0,457	0,221	-0,299	1,000	9,570
172748,3770	-0,457	0,221	-0,299	1,000	9,691
172748,3929	-0,457	0,221	-0,299	1,000	10,098
172748,4179	-0,457	0,221	-0,298	1,000	10,633
172748,4348	-0,457	0,221	-0,298	1,000	11,008
172748,4438	-0,457	0,221	-0,298	1,000	11,181
172748,4597	-0,457	0,221	-0,298	1,000	11,531
172748,4837	-0,457	0,221	-0,298	1,000	12,038
172748,5006	-0,457	0,221	-0,298	1,000	12,400
172748,5086	-0,457	0,221	-0,297	1,000	12,619
172748,5246	-0,458	0,221	-0,297	1,000	13,035
172748,5515	-0,458	0,221	-0,296	1,000	13,721
172748,5675	-0,458	0,221	-0,296	1,000	14,082
172748,5774	-0,458	0,221	-0,296	1,000	14,268
172748,5924	-0,458	0,221	-0,296	1,000	14,631
172748,6193	-0,458	0,221	-0,295	1,000	15,155
172748,6353	-0,458	0,221	-0,295	1,000	15,448
172748,6433	-0,458	0,221	-0,295	1,000	15,628
172748,6602	-0,458	0,221	-0,295	1,000	16,020
172748,6851	-0,458	0,221	-0,295	1,000	16,542
172748,7021	-0,458	0,221	-0,295	1,000	16,855
172748,7101	-0,458	0,221	-0,295	1,000	17,024
172748,7260	-0,457	0,221	-0,295	1,000	17,432
172748,7520	-0,457	0,221	-0,294	1,000	17,919
172748,7679	-0,457	0,221	-0,294	1,000	18,255
172748,7769	-0,457	0,221	-0,294	1,000	18,363
172748,7929	-0,457	0,221	-0,294	1,000	18,801
172748,8178	-0,457	0,221	-0,294	1,000	19,337
172748,8347	-0,457	0,221	-0,294	1,000	19,704
172748,8427	-0,457	0,221	-0,293	1,000	19,911
172748,8587	-0,457	0,221	-0,293	1,000	20,277
172748,8846	-0,457	0,221	-0,293	1,000	20,878
172748,9008	-0,457	0,221	-0,293	1,000	21,294
172748,9088	-0,457	0,221	-0,293	1,000	21,470
172748,9258	-0,457	0,221	-0,293	1,000	21,834
172748,9507	-0,457	0,221	-0,293	1,000	22,382
172748,9677	-0,457	0,221	-0,292	1,000	22,674
172748,9756	-0,457	0,221	-0,292	1,000	22,832
172749,0076	-0,457	0,221	-0,292	1,000	23,193
172749,0235	-0,457	0,221	-0,292	1,000	23,750
172749,0345	-0,457	0,221	-0,292	1,000	24,119
172749,0425	-0,457	0,221	-0,292	1,000	24,277
172749,0594	-0,457	0,221	-0,292	1,000	24,729
172749,0843	-0,457	0,221	-0,291	1,000	25,242
172749,1003	-0,457	0,221	-0,291	1,000	25,562
172749,1093	-0,457	0,221	-0,291	1,000	25,759
172749,1252	-0,457	0,221	-0,291	1,000	26,137
172749,1522	-0,457	0,221	-0,291	1,000	26,716
172749,1681	-0,456	0,221	-0,291	1,000	27,109
172749,1761	-0,456	0,221	-0,291	1,000	27,391
172749,1931	-0,456	0,221	-0,290	1,000	27,803
172749,2180	-0,456	0,221	-0,290	1,000	28,351
172749,2349	-0,456	0,221	-0,290	1,000	28,761
172749,2429	-0,456	0,221	-0,290	1,000	28,986
172749,2599	-0,456	0,221	-0,290	1,000	29,416
172749,2858	-0,456	0,221	-0,290	1,000	30,043
172749,3018	-0,456	0,221	-0,289	1,000	30,398
172749,3098	-0,456	0,221	-0,289	1,000	30,573
172749,3267	-0,456	0,221	-0,289	1,000	30,880
172749,3516	-0,455	0,221	-0,289	1,000	31,436
172749,3706	-0,455	0,221	-0,289	1,000	31,845
172749,3766	-0,455	0,221	-0,289	1,000	32,032
172749,3935	-0,455	0,221	-0,289	1,000	32,472
172749,4185	-0,455	0,221	-0,289	1,000	33,063
172749,4354	-0,455	0,221	-0,289	1,000	33,429
172749,4434	-0,455	0,221	-0,289	1,000	33,586
172749,4603	-0,454	0,221	-0,288	1,000	33,970
172749,4853	-0,454	0,221	-0,289	1,000	34,470
172749,5002	-0,454	0,221	-0,289	1,000	34,855
172749,5082	-0,454	0,221	-0,289	1,000	35,026
172749,5252	-0,454	0,221	-0,289	1,000	35,463
172749,5501	-0,454	0,221	-0,289	1,000	36,007
172749,5681	-0,454	0,221	-0,289	1,000	36,362
172749,5760	-0,454	0,221	-0,289	1,000	36,526
172749,5930	-0,454	0,221	-0,289	1,000	36,906
172749,6189	-0,454	0,221	-0,289	1,000	37,355
172749,6359	-0,454	0,221	-0,288	1,000	37,704
172749,6498	-0,454	0,221	-0,288	1,000	37,913
172749,6618	-0,454	0,221	-0,289	1,000	38,340
172749,6847	-0,455	0,221	-0,289	1,000	38,951
172749,7017	-0,455	0,221	-0,289	1,000	39,336
172749,7107	-0,455	0,221	-0,289	1,000	39,479
172749,7266	-0,455	0,221	-0,288	1,000	39,916
172749,7516	-0,455	0,221	-0,289	1,000	40,482
172749,7685	-0,455	0,221	-0,289	1,000	40,785
172749,7765	-0,455	0,221	-0,289	1,000	40,975
172749,7935	-0,455	0,221	-0,288	1,000	41,381
172749,8184	-0,455	0,221	-0,288	1,000	41,910
172749,8353	-0,456	0,221	-0,288	1,000	42,295
172749,8430	-0,456	0,221	-0,288	1,000	42,474
172749,8600	-0,456	0,221	-0,288	1,000	42,804
172749,8851	-0,456	0,221	-0,288	1,000	43,320
172749,9021	-0,456	0,221	-0,288	1,000	43,679
172749,9101	-0,456	0,221	-0,288	1,000	43,838
172749,9270	-0,456	0,221	-0,288	1,000	44,236
172749,9520	-0,457	0,221	-0,288	1,000	44,750
172749,9685	-0,457	0,221	-0,288	1,000	45,121
172749,9765	-0,457	0,221	-0,288	1,000	45,240
172749,9934	-0,457	0,221	-0,288	1,000	45,581
172750,0184	-0,457	0,221	-0,287	1,000	46,206
172750,0354	-0,457	0,221	-0,287	1,000	46,503
172750,0444	-0,457	0,221	-0,287	1,000	46,680
172750,0593	-0,457	0,221	-0,287	1,000	47,042
172750,0873	-0,458	0,221	-0,287	1,000	47,575
172750,1016	-0,458	0,221	-0,287	1,000	47,925
172750,1106	-0,458	0,221	-0,287	1,000	48,100
172750,1266	-0,458	0,221	-0,287	1,000	48,456
172750,1525	-0,458	0,221	-0,287	1,000	48,962
172750,1675	-0,458	0,221	-0,287	1,000	49,430
172750,1764	-0,458	0,221	-0,286	1,000	49,626
172750,1924	-0,459	0,221	-0,286	1,000	50,012
172750,2173	-0,459	0,221	-0,286	1,000	50,677
172750,2343	-0,459	0,221	-0,286	1,000	51,064
172750,2423	-0,460	0,221	-0,285	1,000	51,237
172750,2612	-0,460	0,221	-0,285	1,000	51,514
172750,2851	-0,460	0,221	-0,285	1,000	52,100
172750,3021	-0,460	0,221	-0,285	1,000	52,491
172750,3101	-0,460	0,221	-0,285	1,000	52,676
172750,3270	-0,460	0,221	-0,285	1,000	53,084
172750,3520	-0,460	0,221	-0,284	1,000	53,629
172750,3680	-0,460	0,221	-0,284	1,000	53,973
172750,3769	-0,460	0,221	-0,284	1,000	54,148
172750,3949	-0,460	0,221	-0,284	1,000	54,537
172750,4188	-0,460	0,221	-0,284	1,000	55,034
172750,4348	-0,460	0,221	-0,284	1,000	55,444
172750,4428	-0,461	0,221	-0,284	1,000	55,619
172750,4599	-0,461	0,221	-0,284	1,000	55,980
172750,4848	-0,461	0,221	-0,283	1,000	56,536
172750,5018	-0,461	0,221	-0,283	1,000	56,926
172750,5108	-0,461	0,221	-0,283	1,000	57,111
172750,5257	-0,461	0,221	-0,283	1,000	57,461
172750,5516	-0,461	0,221	-0,283	1,000	57,980
172750,5686	-0,461	0,221	-0,283	1,000	58,314
172750,5766	-0,461	0,221	-0,283	1,000	58,455
172750,5935	-0,461	0,221	-0,282	1,000	58,803
172750,6185	-0,461	0,221	-0,282	1,000	59,399
172750,6354	-0,462	0,221	-0,282	1,000	59,790
172750,6434	-0,462	0,221	-0,282	1,000	59,949
172750,6604	-0,462	0,221	-0,282	1,000	60,327
172750,6853	-0,462	0,221	-0,282	1,000	60,871
172750,7022	-0,462	0,221	-0,282	1,000	61,219
172750,7102	-0,462	0,221	-0,282	1,000	61,403
172750,7262	-0,462	0,221	-0,282	1,000	61,780
172750,7521	-0,462	0,221	-0,282	1,000	62,329
172750,7681	-0,462	0,221	-0,281	1,000	62,784
172750,7770	-0,462	0,221	-0,281	1,000	62,996
172750,7930	-0,462	0,221	-0,281	1,000	63,406
172750,8189	-0,462	0,221	-0,281	1,000	63,889
172750,8349	-0,462	0,221	-0,281	1,000	64,217
172750,8439	-0,462	0,221	-0,280	1,000	64,437
172750,8598	-0,462	0,221	-0,280	1,000	64,797
172750,8848	-0,462	0,221	-0,280	1,000	65,388
172750,9087	-0,462	0,221	-0,280	1,000	65,815
172750,9137	-0,462	0,221	-0,280	1,000	66,026
172750,9266	-0,462	0,221	-0,280	1,000	66,439
172750,9516	-0,462	0,221	-0,280	1,000	67,016
172750,9685	-0,462	0,221	-0,280	1,000	67,385
172750,9765	-0,462	0,221	-0,280	1,000	67,556
172750,9935	-0,462	0,221	-0,279	1,000	67,941
172751,0184	-0,462	0,221	-0,279	1,000	68,503
172751,0353	-0,462	0,221	-0,279	1,000	68,912
172751,0433	-0,462	0,221	-0,279	1,000	69,109
172751,0603	-0,462	0,221	-0,279	1,000	69,497
172751,0862	-0,462	0,221	-0,278	1,000	70,028
172751,1012	-0,462	0,221	-0,278	1,000	70,345
172751,1111	-0,462	0,221	-0,278	1,000	70,492
172751,1261	-0,461	0,221	-0,278	1,000	70,809
172751,1510	-0,461	0,221	-0,278	1,000	71,324
172751,1680	-0,461	0,221	-0,278	1,000	71,731
172751,1760	-0,461	0,221	-0,278	1,000	71,930
172751,1929	-0,461	0,221	-0,278	1,000	72,332
172751,2189	-0,462	0,221	-0,278	1,000	72,849
172751,2348	-0,462	0,221	-0,278	1,000	73,187
172751,2428	-0,462	0,221	-0,278	1,000	73,381
172751,2597	-0,462	0,221	-0,278	1,000	73,882
172751,2847	-0,462	0,221	-0,278	1,000	74,485
172751,3017	-0,462	0,221	-0,278	1,000	74,872
172751,3096	-0,462	0,221	-0,278	1,000	74,960
172751,3266	-0,462	0,221	-0,278	1,000	75,354
172751,3515	-0,462	0,221	-0,279	1,000	75,902
172751,3685	-0,462	0,221	-0,279	1,000	76,272
172751,3764	-0,462	0,221	-0,279	1,000	76,437
172751,3934	-0,463	0,221	-0,279	1,000	76,803
172751,4183	-0,463	0,221	-0,279	1,000	77,442
172751,4343	-0,463	0,221	-0,279	1,000	77,798
172751,4423	-0,463	0,221	-0,279	1,000	78,000
172751,4582	-0,463	0,221	-0,279	1,000	78,380
172751,4832	-0,463	0,221	-0,279	1,000	78,967
172751,5001	-0,464	0,221	-0,279	1,000	79,232
172751,5081	-0,464	0,221	-0,279	1,000	79,392
172751,5240	-0,464	0,221	-0,279	1,000	79,748
172751,5769	-0,464	0,221	-0,279	1,000	80,248
172751,5889	-0,464	0,221	-0,279	1,000	80,600
172751,5939	-0,464	0,221	-0,279	1,000	80,770
172751,6038	-0,465	0,221	-0,279	1,000	81,126
172751,6198	-0,465	0,221	-0,279	1,000	81,745
172751,6347	-0,465	0,221	-0,279	1,000	82,187
172751,6427	-0,465	0,221	-0,279	1,000	82,358
172751,6597	-0,465	0,221	-0,279	1,000	82,705
172751,6846	-0,465	0,221	-0,279	1,000	83,185
172751,7016	-0,466	0,221	-0,279	1,000	83,531
172751,7095	-0,466	0,221	-0,279	1,000	83,708
172751,7255	-0,466	0,221	-0,279	1,000	84,082
172751,7514	-0,466	0,221	-0,279	1,000	84,567
172751,7674	-0,466	0,221	-0,279	1,000	84,786
172751,7764	-0,466	0,221	-0,279	1,000	85,079
172751,7923	-0,466	0,221	-0,279	1,000	85,422
172751,8183	-0,467	0,221	-0,279	1,000	86,138
172751,8352	-0,467	0,221	-0,279	1,000	86,575
172751,8432	-0,467	0,221	-0,279	1,000	86,810
172751,8592	-0,467	0,221	-0,279	1,000	87,117
172751,8841	-0,468	0,221	-0,279	1,000	87,593
172751,9010	-0,468	0,221	-0,279	1,000	88,098
172751,9100	-0,468	0,221	-0,279	1,000	88,298
172751,9260	-0,468	0,221	-0,279	1,000	88,670
172751,9509	-0,468	0,221	-0,279	1,000	89,265
172751,9679	-0,468	0,221	-0,279	1,000	89,692
172751,9758	-0,469	0,221	-0,279	1,000	89,848
172751,9928	-0,469	0,221	-0,279	1,000	90,259
172752,0177	-0,469	0,221	-0,279	1,000	90,854
172752,0347	-0,469	0,221	-0,279	1,000	91,182
172752,0427	-0,469	0,221	-0,279	1,000	91,372
172752,0586	-0,469	0,221	-0,279	1,000	91,687
172752,0855	-0,470	0,221	-0,279	1,000	92,245
172752,1015	-0,470	0,221	-0,279	1,000	92,621
172752,1095	-0,470	0,221	-0,279	1,000	92,813
172752,1254	-0,470	0,221	-0,279	1,000	93,161
172752,1514	-0,470	0,221	-0,279	1,000	93,693
172752,1673	-0,470	0,221	-0,279	1,000	94,002
172752,1753	-0,471	0,221	-0,279	1,000	94,161
172752,1943	-0,471	0,221	-0,278	1,000	94,470
172752,2172	-0,471	0,221	-0,278	1,000	94,993
172752,2341	-0,471	0,221	-0,278	1,000	95,438
172752,2421	-0,471	0,221	-0,278	1,000	95,631
172752,2591	-0,471	0,221	-0,278	1,000	95,999
172752,2840	-0,471	0,221	-0,278	1,000	96,495
172752,3020	-0,471	0,221	-0,278	1,000	97,003
172752,3089	-0,472	0,221	-0,278	1,000	97,181
172752,3269	-0,472	0,221	-0,277	1,000	97,547
172752,3508	-0,472	0,221	-0,277	1,000	98,116
172752,3678	-0,472	0,221	-0,277	1,000	98,490
172752,3758	-0,472	0,221	-0,277	1,000	98,676
172752,3927	-0,472	0,221	-0,277	1,000	99,062
172752,4177	-0,472	0,221	-0,276	1,000	99,688
172752,4346	-0,472	0,221	-0,276	1,000	100,066
172752,4426	-0,472	0,221	-0,276	1,000	100,235
172752,4585	-0,472	0,221	-0,276	1,000	100,599
172752,4845	-0,472	0,221	-0,276	1,000	101,164
172752,5014	-0,472	0,221	-0,276	1,000	101,547
172752,5094	-0,472	0,221	-0,276	1,000	101,720
172752,5254	-0,473	0,221	-0,276	1,000	102,139
172752,5513	-0,473	0,221	-0,276	1,000	102,742
172752,5673	-0,473	0,221	-0,275	1,000	103,106
172752,5762	-0,473	0,221	-0,275	1,000	103,293
172752,5922	-0,473	0,221	-0,275	1,000	103,657
172752,6171	-0,473	0,221	-0,275	1,000	104,152
172752,6341	-0,473	0,221	-0,275	1,000	104,488
172752,6431	-0,473	0,221	-0,275	1,000	104,643
172752,6590	-0,473	0,221	-0,275	1,000	104,991
172752,6839	-0,473	0,221	-0,275	1,000	105,523
172752,7009	-0,473	0,221	-0,275	1,000	105,882
172752,7089	-0,473	0,221	-0,275	1,000	106,075
172752,7258	-0,473	0,221	-0,275	1,000	106,504
172752,7508	-0,474	0,221	-0,275	1,000	107,073
172752,7677	-0,474	0,222	-0,275	1,000	107,425
172752,7757	-0,474	0,222	-0,275	1,000	107,602
172752,7927	-0,474	0,222	-0,275	1,000	107,965
172752,8226	-0,474	0,222	-0,275	1,000	108,517
172752,8525	-0,474	0,221	-0,275	1,000	108,921
172752,8575	-0,473	0,221	-0,275	1,000	109,103
172752,8694	-0,473	0,221	-0,275	1,000	109,483
172752,8864	-0,474	0,221	-0,275	1,000	110,036
172752,9014	-0,474	0,221	-0,275	1,000	110,399
172752,9093	-0,474	0,221	-0,275	1,000	110,585
172752,9253	-0,474	0,221	-0,275	1,000	110,947
172752,9512	-0,474	0,221	-0,275	1,000	111,521
172752,9672	-0,474	0,221	-0,275	1,000	111,858
172752,9762	-0,474	0,221	-0,275	1,000	112,063
172752,9921	-0,474	0,221	-0,275	1,000	112,425
172753,0181	-0,474	0,221	-0,275	1,000	113,031
172753,0350	-0,474	0,221	-0,275	1,000	113,420
172753,0430	-0,474	0,221	-0,275	1,000	113,635
172753,0589	-0,474	0,221	-0,275	1,000	113,985
172753,0849	-0,474	0,221	-0,275	1,000	114,561
172753,1008	-0,474	0,221	-0,275	1,000	114,930
172753,1088	-0,474	0,221	-0,275	1,000	115,100
172753,1258	-0,474	0,221	-0,275	1,000	115,503
172753,1507	-0,474	0,221	-0,275	1,000	116,031
172753,1676	-0,474	0,221	-0,275	1,000	116,396
172753,1766	-0,474	0,221	-0,275	1,000	116,575
172753,1926	-0,474	0,221	-0,276	1,000	116,907
172753,2185	-0,475	0,221	-0,276	1,000	117,475
172753,2345	-0,475	0,221	-0,276	1,000	117,825
172753,2424	-0,475	0,221	-0,276	1,000	118,001
172753,2624	-0,475	0,221	-0,276	1,000	118,359
172753,2843	-0,475	0,221	-0,276	1,000	118,878
172753,3013	-0,475	0,221	-0,276	1,000	119,173
172753,3093	-0,475	0,221	-0,276	1,000	119,350
172753,3262	-0,475	0,221	-0,277	1,000	119,707
172753,3512	-0,476	0,221	-0,277	1,000	120,238
172753,3671	-0,476	0,221	-0,277	1,000	120,572
172753,3761	-0,476	0,221	-0,277	1,000	120,758
172753,3920	-0,476	0,221	-0,277	1,000	121,134
172753,4180	-0,476	0,221	-0,277	1,000	121,699
172753,4339	-0,476	0,221	-0,278	1,000	122,124
172753,4419	-0,477	0,221	-0,278	1,000	122,375
172753,4599	-0,477	0,221	-0,278	1,000	122,789
172753,4858	-0,477	0,221	-0,278	1,000	123,393
172753,4998	-0,477	0,221	-0,279	1,000	123,701
172753,5077	-0,478	0,221	-0,279	1,000	123,849
172753,5257	-0,478	0,221	-0,279	1,000	124,144
172753,5516	-0,478	0,221	-0,279	1,000	124,731
172753,5696	-0,478	0,221	-0,279	1,000	125,069
172753,5766	-0,478	0,221	-0,278	1,000	125,232
172753,5925	-0,478	0,221	-0,278	1,000	125,582
172753,6184	-0,478	0,222	-0,278	1,000	126,079
172753,6354	-0,479	0,222	-0,278	1,000	126,452
172753,6434	-0,479	0,222	-0,278	1,000	126,620
172753,6593	-0,479	0,222	-0,278	1,000	126,995
172753,6843	-0,479	0,222	-0,278	1,000	127,473
172753,7012	-0,479	0,222	-0,278	1,000	127,855
172753,7092	-0,479	0,222	-0,278	1,000	128,050
172753,7262	-0,479	0,222	-0,278	1,000	128,481
172753,7511	-0,479	0,222	-0,278	1,000	129,066
172753,7680	-0,480	0,222	-0,278	1,000	129,418
172753,7760	-0,480	0,222	-0,279	1,000	129,590
172753,7930	-0,480	0,222	-0,278	1,000	130,026
172753,8189	-0,480	0,222	-0,279	1,000	130,523
172753,8359	-0,480	0,222	-0,279	1,000	130,873
172753,8428	-0,480	0,222	-0,279	1,000	131,052
172753,8598	-0,480	0,222	-0,279	1,000	131,404
172753,8847	-0,481	0,222	-0,279	1,000	131,933
172753,9017	-0,481	0,222	-0,279	1,000	132,301
172753,9087	-0,481	0,222	-0,279	1,000	132,413
172753,9246	-0,481	0,222	-0,279	1,000	132,842
172753,9506	-0,481	0,222	-0,279	1,000	133,445
172753,9675	-0,481	0,222	-0,279	1,000	133,791
172753,9755	-0,481	0,222	-0,279	1,000	133,972
172753,9924	-0,481	0,222	-0,279	1,000	134,326
172754,0174	-0,482	0,222	-0,279	1,000	134,932
172754,0333	-0,482	0,222	-0,279	1,000	135,323
172754,0423	-0,482	0,222	-0,279	1,000	135,506
172754,0593	-0,482	0,222	-0,279	1,000	135,913
172754,0832	-0,482	0,221	-0,279	1,000	136,529
172754,1012	-0,482	0,221	-0,279	1,000	136,914
172754,1101	-0,483	0,221	-0,279	1,000	137,125
172754,1341	-0,483	0,222	-0,278	1,000	137,506
172754,1520	-0,483	0,221	-0,278	1,000	138,083
172754,1680	-0,483	0,221	-0,278	1,000	138,559
172754,1760	-0,483	0,221	-0,278	1,000	138,756
172754,1929	-0,483	0,221	-0,278	1,000	139,165
172754,2178	-0,483	0,221	-0,278	1,000	139,627
172754,2348	-0,483	0,221	-0,278	1,000	139,978
172754,2428	-0,484	0,221	-0,278	1,000	140,162
172754,2597	-0,484	0,221	-0,278	1,000	140,610
172754,2877	-0,484	0,221	-0,278	1,000	141,250
172754,3016	-0,484	0,221	-0,278	1,000	141,652
172754,3126	-0,484	0,221	-0,278	1,000	141,855
172754,3266	-0,484	0,221	-0,278	1,000	142,238
172754,3515	-0,484	0,221	-0,278	1,000	142,768
172754,3684	-0,484	0,221	-0,278	1,000	143,108
172754,3764	-0,484	0,221	-0,278	1,000	143,242
172754,3924	-0,484	0,221	-0,278	1,000	143,577
172754,4183	-0,484	0,221	-0,278	1,000	144,195
172754,4353	-0,484	0,221	-0,278	1,000	144,553
172754,4422	-0,484	0,221	-0,278	1,000	144,746
172754,4602	-0,484	0,221	-0,278	1,000	145,097
172754,4851	-0,484	0,221	-0,278	1,000	145,674
172754,5011	-0,484	0,221	-0,278	1,000	146,050
172754,5091	-0,484	0,221	-0,278	1,000	146,222
172754,5250	-0,484	0,221	-0,278	1,000	146,634
172754,5500	-0,484	0,221	-0,278	1,000	147,129
172754,5669	-0,484	0,221	-0,278	1,000	147,563
172754,5759	-0,484	0,221	-0,278	1,000	147,779
172754,5928	-0,484	0,221	-0,278	1,000	148,166
172754,6178	-0,484	0,221	-0,278	1,000	148,753
172754,6347	-0,484	0,221	-0,278	1,000	149,172
172754,6427	-0,484	0,221	-0,278	1,000	149,345
172754,6597	-0,484	0,221	-0,278	1,000	149,650
172754,6846	-0,484	0,221	-0,279	1,000	150,269
172754,7006	-0,483	0,221	-0,279	1,000	150,623
172754,7095	-0,483	0,221	-0,279	1,000	150,789
172754,7265	-0,483	0,221	-0,279	1,000	151,164
172754,7514	-0,483	0,221	-0,279	1,000	151,774
172754,7674	-0,483	0,221	-0,279	1,000	152,143
172754,7764	-0,483	0,221	-0,279	1,000	152,323
172754,7923	-0,483	0,221	-0,279	1,000	152,664
172754,8182	-0,483	0,221	-0,279	1,000	153,179
172754,8352	-0,483	0,221	-0,280	1,000	153,555
172754,8422	-0,483	0,221	-0,279	1,000	153,705
172754,8601	-0,483	0,221	-0,280	1,000	154,055
172754,8841	-0,483	0,221	-0,280	1,000	154,662
172754,9010	-0,483	0,221	-0,280	1,000	155,007
172754,9090	-0,483	0,221	-0,280	1,000	155,168
172754,9260	-0,483	0,221	-0,280	1,000	155,471
172754,9519	-0,483	0,221	-0,280	1,000	155,997
172754,9688	-0,483	0,221	-0,281	1,000	156,349
172754,9758	-0,483	0,221	-0,281	1,000	156,545
172754,9928	-0,483	0,221	-0,281	1,000	156,873
172755,0177	-0,483	0,221	-0,281	1,000	157,406
172755,0347	-0,483	0,221	-0,281	1,000	157,760
172755,0426	-0,483	0,221	-0,281	1,000	157,982
172755,0596	-0,483	0,221	-0,282	1,000	158,346
172755,0835	-0,483	0,221	-0,282	1,000	158,905
172755,1005	-0,483	0,221	-0,282	1,000	159,279
172755,1095	-0,483	0,221	-0,282	1,000	159,444
172755,1254	-0,483	0,221	-0,283	1,000	159,758
172755,1504	-0,483	0,221	-0,283	1,000	160,293
172755,1673	-0,483	0,221	-0,283	1,000	160,738
172755,1753	-0,483	0,221	-0,283	1,000	160,933
172755,1912	-0,484	0,221	-0,283	1,000	161,346
172755,2172	-0,484	0,221	-0,283	1,000	161,932
172755,2351	-0,484	0,221	-0,284	1,000	162,324
172755,2431	-0,484	0,221	-0,284	1,000	162,500
172755,2601	-0,484	0,221	-0,284	1,000	162,869
172755,2840	-0,484	0,221	-0,284	1,000	163,389
172755,3009	-0,484	0,221	-0,284	1,000	163,700
172755,3099	-0,484	0,221	-0,284	1,000	163,862
172755,3269	-0,484	0,221	-0,284	1,000	164,224
172755,3508	-0,485	0,221	-0,284	1,000	164,759
172755,3688	-0,485	0,221	-0,284	1,000	165,187
172755,3767	-0,485	0,221	-0,284	1,000	165,367
172755,4037	-0,485	0,221	-0,284	1,000	165,759
172755,4196	-0,485	0,221	-0,284	1,000	166,283
172755,4346	-0,485	0,221	-0,285	1,000	166,644
172755,4426	-0,485	0,221	-0,285	1,000	166,836
172755,4595	-0,485	0,221	-0,285	1,000	167,184
172755,4845	-0,486	0,221	-0,285	1,000	167,656
172755,4994	-0,486	0,221	-0,285	1,000	168,065
172755,5084	-0,486	0,221	-0,285	1,000	168,239
172755,5244	-0,486	0,221	-0,285	1,000	168,601
172755,5503	-0,486	0,221	-0,285	1,000	169,181
172755,5672	-0,486	0,221	-0,285	1,000	169,544
172755,5762	-0,486	0,221	-0,285	1,000	169,742
172755,5932	-0,486	0,221	-0,285	1,000	170,091
172755,6181	-0,486	0,221	-0,285	1,000	170,659
172755,6351	-0,486	0,221	-0,285	1,000	171,014
172755,6430	-0,486	0,221	-0,285	1,000	171,188
172755,6590	-0,487	0,221	-0,286	1,000	171,579
172755,6849	-0,487	0,221	-0,285	1,000	172,277
172755,7009	-0,487	0,221	-0,286	1,000	172,669
172755,7099	-0,487	0,221	-0,285	1,000	172,898
172755,7258	-0,487	0,221	-0,286	1,000	173,239
172755,7517	-0,488	0,221	-0,286	1,000	173,733
172755,7687	-0,488	0,221	-0,286	1,000	174,083
172755,7767	-0,488	0,221	-0,286	1,000	174,304
172755,7936	-0,488	0,221	-0,286	1,000	174,699
172755,8176	-0,488	0,221	-0,286	1,000	175,298
172755,8345	-0,488	0,221	-0,286	1,000	175,698
172755,8425	-0,488	0,221	-0,286	1,000	175,905
172755,8595	-0,488	0,221	-0,286	1,000	176,276
172755,8854	-0,488	0,221	-0,286	1,000	176,861
172755,9013	-0,489	0,221	-0,286	1,000	177,227
172755,9093	-0,489	0,221	-0,286	1,000	177,456
172755,9263	-0,489	0,221	-0,286	1,000	177,821
172755,9512	-0,489	0,221	-0,286	1,000	178,367
172755,9682	-0,489	0,221	-0,286	1,000	178,694
172755,9761	-0,489	0,221	-0,286	1,000	178,886
172755,9921	-0,489	0,221	-0,286	1,000	179,237
172756,0180	-0,489	0,221	-0,287	1,000	179,750
172756,0390	-0,489	0,221	-0,287	1,000	-179,911
172756,0450	-0,489	0,221	-0,287	1,000	-179,731
172756,0599	-0,489	0,221	-0,286	1,000	-179,351
172756,0859	-0,489	0,221	-0,286	1,000	-178,791
172756,1008	-0,489	0,221	-0,286	1,000	-178,363
172756,1098	-0,489	0,221	-0,286	1,000	-178,190
172756,1287	-0,489	0,221	-0,286	1,000	-177,835
172756,1517	-0,489	0,221	-0,286	1,000	-177,301
172756,1666	-0,489	0,221	-0,287	1,000	-176,908
172756,1756	-0,489	0,221	-0,287	1,000	-176,735
172756,1926	-0,489	0,221	-0,287	1,000	-176,323
172756,2174	-0,489	0,221	-0,287	1,000	-175,753
172756,2333	-0,489	0,221	-0,287	1,000	-175,390
172756,2413	-0,489	0,221	-0,287	1,000	-175,193
172756,2603	-0,489	0,221	-0,287	1,000	-174,808
172756,2852	-0,488	0,221	-0,287	1,000	-174,309
172756,3012	-0,488	0,221	-0,287	1,000	-173,905
172756,3092	-0,488	0,221	-0,287	1,000	-173,738
172756,3264	-0,488	0,221	-0,287	1,000	-173,417
172756,3511	-0,488	0,221	-0,287	1,000	-172,842
172756,3681	-0,488	0,221	-0,288	1,000	-172,492
172756,3764	-0,488	0,221	-0,288	1,000	-172,318
172756,3934	-0,488	0,221	-0,288	1,000	-172,032
172756,4179	-0,487	0,221	-0,288	1,000	-171,509
172756,4369	-0,487	0,221	-0,288	1,000	-171,210
172756,4429	-0,487	0,221	-0,288	1,000	-171,080
172756,4598	-0,487	0,221	-0,289	1,000	-170,605
172756,4848	-0,487	0,221	-0,289	1,000	-170,008
172756,5003	-0,487	0,221	-0,289	1,000	-169,625
172756,5082	-0,487	0,221	-0,289	1,000	-169,465
172756,5242	-0,487	0,221	-0,289	1,000	-169,120
172756,5509	-0,487	0,221	-0,289	1,000	-168,594
172756,5673	-0,487	0,221	-0,290	1,000	-168,294
172756,5763	-0,487	0,221	-0,290	1,000	-168,123
172756,5932	-0,487	0,221	-0,290	1,000	-167,746
172756,6181	-0,487	0,221	-0,290	1,000	-167,162
172756,6351	-0,487	0,221	-0,290	1,000	-166,816
172756,6430	-0,487	0,221	-0,290	1,000	-166,639
172756,6589	-0,486	0,221	-0,290	1,000	-166,292
172756,6849	-0,486	0,221	-0,290	1,000	-165,752
172756,7008	-0,486	0,221	-0,291	1,000	-165,385
172756,7098	-0,486	0,221	-0,291	1,000	-165,216
172756,7263	-0,486	0,221	-0,291	1,000	-164,843
172756,7511	-0,486	0,221	-0,291	1,000	-164,303
172756,7680	-0,486	0,221	-0,291	1,000	-163,986
172756,7760	-0,485	0,221	-0,291	1,000	-163,818
172756,7920	-0,485	0,221	-0,291	1,000	-163,429
172756,8179	-0,486	0,221	-0,292	1,000	-162,820
172756,8348	-0,486	0,221	-0,292	1,000	-162,464
172756,8428	-0,485	0,221	-0,292	1,000	-162,304
172756,8591	-0,485	0,221	-0,292	1,000	-161,771
172756,8843	-0,485	0,221	-0,292	1,000	-161,156
172756,9013	-0,485	0,221	-0,292	1,000	-160,881
172756,9097	-0,485	0,221	-0,292	1,000	-160,660
172756,9256	-0,485	0,221	-0,293	1,000	-160,344
172756,9506	-0,485	0,221	-0,293	1,000	-159,714
172756,9676	-0,485	0,221	-0,293	1,000	-159,332
172756,9756	-0,485	0,221	-0,293	1,000	-159,164
172756,9925	-0,485	0,221	-0,294	1,000	-158,795
172757,0180	-0,485	0,221	-0,294	1,000	-158,278
172757,0349	-0,485	0,221	-0,294	1,000	-157,935
172757,0429	-0,485	0,221	-0,294	1,000	-157,777
172757,0599	-0,485	0,221	-0,294	1,000	-157,454
172757,0849	-0,485	0,221	-0,295	1,000	-156,958
172757,1009	-0,485	0,221	-0,295	1,000	-156,629
172757,1099	-0,485	0,221	-0,295	1,000	-156,445
172757,1259	-0,486	0,221	-0,295	1,000	-156,056
172757,1528	-0,486	0,221	-0,295	1,000	-155,427
172757,1668	-0,486	0,221	-0,295	1,000	-154,989
172757,1747	-0,486	0,221	-0,295	1,000	-154,773
172757,1917	-0,486	0,221	-0,295	1,000	-154,408
172757,2179	-0,486	0,221	-0,296	1,000	-153,841
172757,2346	-0,486	0,221	-0,296	1,000	-153,461
172757,2426	-0,486	0,221	-0,296	1,000	-153,282
172757,2596	-0,486	0,221	-0,296	1,000	-152,897
172757,2845	-0,486	0,221	-0,296	1,000	-152,308
172757,3307	-0,486	0,221	-0,296	1,000	-151,925
172757,3357	-0,487	0,221	-0,296	1,000	-151,674
172757,3457	-0,487	0,221	-0,296	1,000	-151,294
172757,3617	-0,487	0,221	-0,296	1,000	-150,695
172757,3736	-0,487	0,221	-0,297	1,000	-150,353
172757,3786	-0,487	0,221	-0,297	1,000	-150,103
172757,3927	-0,487	0,221	-0,297	1,000	-149,718
172757,4176	-0,487	0,221	-0,297	1,000	-149,201
172757,4346	-0,487	0,221	-0,297	1,000	-148,773
172757,4426	-0,487	0,221	-0,297	1,000	-148,586
172757,4606	-0,487	0,221	-0,297	1,000	-148,191
172757,4835	-0,487	0,221	-0,297	1,000	-147,663
172757,5005	-0,487	0,221	-0,297	1,000	-147,283
172757,5075	-0,487	0,221	-0,297	1,000	-147,148
172757,5245	-0,487	0,221	-0,297	1,000	-146,842
172757,5494	-0,487	0,221	-0,297	1,000	-146,388
172757,5673	-0,487	0,222	-0,297	1,000	-146,039
172757,5763	-0,487	0,222	-0,297	1,000	-145,861
172757,5932	-0,487	0,222	-0,297	1,000	-145,470
172757,6182	-0,487	0,222	-0,297	1,000	-144,950
172757,6352	-0,487	0,222	-0,298	1,000	-144,580
172757,6432	-0,487	0,222	-0,298	1,000	-144,387
172757,6590	-0,487	0,222	-0,298	1,000	-144,014
172757,6839	-0,487	0,222	-0,298	1,000	-143,450
172757,7009	-0,487	0,222	-0,298	1,000	-143,103
172757,7089	-0,487	0,222	-0,298	1,000	-142,924
172757,7249	-0,487	0,222	-0,298	1,000	-142,593
172757,7518	-0,487	0,222	-0,298	1,000	-141,943
172757,7678	-0,487	0,222	-0,298	1,000	-141,512
172757,7767	-0,487	0,222	-0,298	1,000	-141,318
172757,7927	-0,487	0,222	-0,298	1,000	-140,968
172757,8177	-0,487	0,222	-0,298	1,000	-140,393
172757,8357	-0,487	0,222	-0,298	1,000	-140,033
172757,8426	-0,487	0,222	-0,298	1,000	-139,774
172757,8596	-0,487	0,222	-0,298	1,000	-139,385
172757,8853	-0,487	0,222	-0,298	1,000	-138,833
172757,9020	-0,487	0,222	-0,298	1,000	-138,488
172757,9090	-0,487	0,222	-0,298	1,000	-138,290
172757,9260	-0,487	0,222	-0,298	1,000	-137,904
172757,9549	-0,487	0,222	-0,298	1,000	-137,331
172757,9681	-0,487	0,222	-0,297	1,000	-136,942
172757,9766	-0,487	0,222	-0,297	1,000	-136,755
172757,9935	-0,486	0,222	-0,297	1,000	-136,365
172758,0185	-0,486	0,222	-0,297	1,000	-135,816
172758,0348	-0,486	0,222	-0,297	1,000	-135,427
172758,0428	-0,486	0,222	-0,297	1,000	-135,292
172758,0598	-0,486	0,222	-0,297	1,000	-134,921
172758,0847	-0,486	0,222	-0,298	1,000	-134,333
172758,1017	-0,486	0,222	-0,298	1,000	-133,985
172758,1102	-0,486	0,222	-0,298	1,000	-133,783
172758,1261	-0,486	0,222	-0,298	1,000	-133,424
172758,1511	-0,486	0,222	-0,298	1,000	-132,982
172758,1691	-0,485	0,221	-0,298	1,000	-132,636
172758,1771	-0,485	0,221	-0,298	1,000	-132,434
172758,1950	-0,485	0,222	-0,298	1,000	-132,072
172758,2181	-0,485	0,221	-0,298	1,000	-131,544
172758,2350	-0,485	0,221	-0,298	1,000	-131,280
172758,2430	-0,485	0,221	-0,298	1,000	-131,115
172758,2599	-0,484	0,221	-0,299	1,000	-130,770
172758,2849	-0,484	0,221	-0,299	1,000	-130,228
172758,3038	-0,484	0,221	-0,299	1,000	-129,806
172758,3098	-0,484	0,221	-0,299	1,000	-129,607
172758,3258	-0,484	0,221	-0,299	1,000	-129,218
172758,3517	-0,483	0,221	-0,299	1,000	-128,624
172758,3677	-0,483	0,221	-0,299	1,000	-128,252
172758,3757	-0,483	0,221	-0,299	1,000	-128,066
172758,3926	-0,483	0,221	-0,299	1,000	-127,761
172758,4167	-0,483	0,221	-0,299	1,000	-127,264
172758,4333	-0,482	0,221	-0,299	1,000	-126,883
172758,4416	-0,482	0,221	-0,300	1,000	-126,663
172758,4586	-0,482	0,221	-0,300	1,000	-126,269
172758,4835	-0,482	0,221	-0,300	1,000	-125,775
172758,4997	-0,482	0,221	-0,300	1,000	-125,440
172758,5077	-0,482	0,221	-0,300	1,000	-125,260
172758,5247	-0,482	0,221	-0,300	1,000	-124,914
172758,5497	-0,482	0,221	-0,300	1,000	-124,407
172758,5686	-0,482	0,222	-0,301	1,000	-124,058
172758,5757	-0,482	0,222	-0,301	1,000	-123,895
172758,5936	-0,482	0,222	-0,301	1,000	-123,560
172758,6205	-0,482	0,222	-0,301	1,000	-122,987
172758,6345	-0,482	0,222	-0,301	1,000	-122,628
172758,6425	-0,482	0,222	-0,301	1,000	-122,432
172758,6594	-0,482	0,222	-0,301	1,000	-122,046
172758,6844	-0,482	0,222	-0,302	1,000	-121,480
172758,7013	-0,481	0,221	-0,302	1,000	-121,181
172758,7093	-0,481	0,221	-0,302	1,000	-121,020
172758,7264	-0,481	0,221	-0,302	1,000	-120,686
172758,7505	-0,481	0,221	-0,302	1,000	-120,150
172758,7684	-0,481	0,222	-0,303	1,000	-119,729
172758,7754	-0,481	0,222	-0,303	1,000	-119,573
172758,7924	-0,481	0,221	-0,303	1,000	-119,122
172758,8173	-0,481	0,221	-0,303	1,000	-118,580
172758,8342	-0,481	0,221	-0,303	1,000	-118,229
172758,8422	-0,481	0,221	-0,303	1,000	-118,042
172758,9121	-0,481	0,221	-0,303	1,000	-117,613
172758,9280	-0,481	0,221	-0,304	1,000	-117,110
172758,9380	-0,481	0,221	-0,304	1,000	-116,695
172758,9440	-0,481	0,221	-0,304	1,000	-116,527
172758,9549	-0,481	0,221	-0,304	1,000	-116,121
172758,9699	-0,481	0,221	-0,304	1,000	-115,536
172758,9799	-0,481	0,221	-0,304	1,000	-115,147
172758,9849	-0,481	0,221	-0,304	1,000	-114,952
172758,9958	-0,481	0,221	-0,304	1,000	-114,556
172759,0168	-0,481	0,221	-0,305	1,000	-114,026
172759,0337	-0,481	0,221	-0,305	1,000	-113,625
172759,0417	-0,481	0,221	-0,305	1,000	-113,416
172759,0587	-0,481	0,222	-0,305	1,000	-113,020
172759,0836	-0,481	0,221	-0,305	1,000	-112,410
172759,1015	-0,481	0,221	-0,305	1,000	-112,030
172759,1095	-0,481	0,221	-0,305	1,000	-111,842
172759,1265	-0,480	0,221	-0,306	1,000	-111,455
172759,1514	-0,480	0,221	-0,306	1,000	-110,893
172759,1674	-0,480	0,221	-0,306	1,000	-110,494
172759,1763	-0,480	0,221	-0,306	1,000	-110,312
172759,1923	-0,480	0,221	-0,306	1,000	-109,943
172759,2212	-0,480	0,221	-0,306	1,000	-109,414
172759,2452	-0,480	0,221	-0,306	1,000	-109,110
172759,2501	-0,480	0,221	-0,306	1,000	-108,930
172759,2611	-0,480	0,221	-0,306	1,000	-108,611
172759,2851	-0,480	0,221	-0,306	1,000	-108,104
172759,3040	-0,480	0,221	-0,307	1,000	-107,679
172759,3100	-0,480	0,221	-0,307	1,000	-107,410
172759,3259	-0,480	0,221	-0,307	1,000	-107,032
172759,3519	-0,480	0,221	-0,307	1,000	-106,344
172759,3678	-0,480	0,221	-0,307	1,000	-105,969
172759,3758	-0,480	0,221	-0,307	1,000	-105,782
172759,3928	-0,480	0,221	-0,306	1,000	-105,360
172759,4177	-0,480	0,221	-0,306	1,000	-104,759
172759,4347	-0,480	0,221	-0,306	1,000	-104,374
172759,4426	-0,480	0,221	-0,306	1,000	-104,163
172759,4596	-0,480	0,221	-0,306	1,000	-103,789
172759,4845	-0,480	0,221	-0,306	1,000	-103,329
172759,4995	-0,480	0,221	-0,306	1,000	-102,939
172759,5085	-0,480	0,221	-0,306	1,000	-102,751
172759,5244	-0,480	0,221	-0,306	1,000	-102,360
172759,5513	-0,480	0,221	-0,306	1,000	-101,864
172759,5683	-0,480	0,221	-0,306	1,000	-101,428
172759,5763	-0,480	0,221	-0,306	1,000	-101,243
172759,5932	-0,479	0,221	-0,306	1,000	-100,884
172759,6182	-0,479	0,221	-0,306	1,000	-100,339
172759,6341	-0,479	0,221	-0,306	1,000	-100,002
172759,6421	-0,479	0,221	-0,306	1,000	-99,830
172759,6591	-0,479	0,221	-0,305	1,000	-99,459
172759,6840	-0,479	0,221	-0,305	1,000	-98,916
172759,7009	-0,479	0,221	-0,305	1,000	-98,562
172759,7089	-0,478	0,221	-0,305	1,000	-98,382
172759,7259	-0,478	0,221	-0,305	1,000	-98,092
172759,7508	-0,478	0,221	-0,305	1,000	-97,525
172759,7678	-0,478	0,221	-0,305	1,000	-97,145
172759,7797	-0,478	0,221	-0,305	1,000	-96,934
172759,7927	-0,478	0,221	-0,305	1,000	-96,614
172759,8176	-0,478	0,221	-0,305	1,000	-96,155
172759,8346	-0,477	0,221	-0,305	1,000	-95,793
172759,8426	-0,477	0,221	-0,305	1,000	-95,591
172759,8605	-0,477	0,221	-0,305	1,000	-95,218
172759,8864	-0,477	0,221	-0,305	1,000	-94,647
172759,9014	-0,477	0,221	-0,305	1,000	-94,303
172759,9094	-0,477	0,221	-0,305	1,000	-94,123
172759,9263	-0,477	0,221	-0,305	1,000	-93,800
172759,9513	-0,476	0,221	-0,305	1,000	-93,284
172759,9672	-0,476	0,221	-0,305	1,000	-92,861
172759,9772	-0,476	0,221	-0,305	1,000	-92,706
172759,9922	-0,476	0,221	-0,304	1,000	-92,313
172800,0201	-0,475	0,221	-0,304	1,000	-91,765
172800,0350	-0,475	0,221	-0,304	1,000	-91,458
172800,0430	-0,475	0,221	-0,304	1,000	-91,308
172800,0590	-0,475	0,221	-0,304	1,000	-90,952
172800,0849	-0,474	0,221	-0,304	1,000	-90,431
172800,1009	-0,474	0,221	-0,304	1,000	-90,032
172800,1098	-0,474	0,221	-0,304	1,000	-89,823
172800,1258	-0,474	0,221	-0,304	1,000	-89,411
172800,1507	-0,474	0,221	-0,304	1,000	-88,790
172800,1677	-0,474	0,221	-0,304	1,000	-88,395
172800,1757	-0,474	0,221	-0,304	1,000	-88,195
172800,1926	-0,473	0,221	-0,305	1,000	-87,829
172800,2176	-0,473	0,221	-0,305	1,000	-87,359
172800,2345	-0,473	0,221	-0,305	1,000	-86,960
172800,2425	-0,473	0,221	-0,305	1,000	-86,751
172800,2594	-0,473	0,221	-0,305	1,000	-86,432
172800,2844	-0,472	0,221	-0,305	1,000	-85,861
172800,3003	-0,472	0,221	-0,305	1,000	-85,518
172800,3083	-0,472	0,221	-0,305	1,000	-85,346
172800,3273	-0,472	0,221	-0,305	1,000	-84,985
172800,3502	-0,472	0,221	-0,305	1,000	-84,422
172800,3682	-0,472	0,221	-0,305	1,000	-84,153
172800,3761	-0,472	0,221	-0,305	1,000	-83,947
172800,3931	-0,471	0,221	-0,305	1,000	-83,539
172800,4180	-0,471	0,221	-0,305	1,000	-82,907
172800,4350	-0,471	0,221	-0,305	1,000	-82,533
172800,4420	-0,471	0,221	-0,305	1,000	-82,302
172800,4599	-0,471	0,221	-0,305	1,000	-81,993
172800,4828	-0,471	0,221	-0,305	1,000	-81,415
172800,5028	-0,471	0,221	-0,305	1,000	-81,035
172800,5088	-0,471	0,221	-0,305	1,000	-80,856
172800,5257	-0,471	0,221	-0,305	1,000	-80,494
172800,5507	-0,470	0,221	-0,305	1,000	-79,894
172800,5676	-0,470	0,221	-0,306	1,000	-79,511
172800,5756	-0,470	0,221	-0,306	1,000	-79,328
172800,5916	-0,470	0,221	-0,306	1,000	-78,942
172800,6175	-0,470	0,221	-0,306	1,000	-78,304
172800,6344	-0,470	0,221	-0,306	1,000	-77,869
172800,6434	-0,470	0,221	-0,306	1,000	-77,676
172800,6594	-0,470	0,221	-0,307	1,000	-77,321
172800,6843	-0,470	0,221	-0,307	1,000	-76,791
172800,7013	-0,470	0,221	-0,307	1,000	-76,457
172800,7092	-0,470	0,221	-0,307	1,000	-76,208
172800,7262	-0,470	0,221	-0,307	1,000	-75,780
172800,7521	-0,469	0,221	-0,307	1,000	-75,201
172800,7681	-0,469	0,221	-0,307	1,000	-74,810
172800,7761	-0,469	0,221	-0,307	1,000	-74,649
172800,7920	-0,469	0,221	-0,307	1,000	-74,299
172800,8180	-0,469	0,221	-0,307	1,000	-73,756
172800,8339	-0,469	0,221	-0,307	1,000	-73,364
172800,8419	-0,469	0,221	-0,307	1,000	-73,185
172800,8578	-0,469	0,221	-0,307	1,000	-72,859
172800,8838	-0,469	0,221	-0,307	1,000	-72,370
172800,9007	-0,469	0,221	-0,307	1,000	-72,080
172800,9087	-0,469	0,221	-0,307	1,000	-71,937
172800,9247	-0,469	0,221	-0,307	1,000	-71,524
172800,9506	-0,469	0,221	-0,307	1,000	-70,970
172800,9666	-0,468	0,221	-0,307	1,000	-70,375
172800,9745	-0,469	0,221	-0,307	1,000	-70,196
172800,9915	-0,469	0,221	-0,307	1,000	-69,832
172801,0164	-0,469	0,221	-0,307	1,000	-69,299
172801,0334	-0,469	0,221	-0,307	1,000	-68,970
172801,0443	-0,469	0,221	-0,307	1,000	-68,772
172801,0593	-0,469	0,221	-0,307	1,000	-68,410
172801,0832	-0,469	0,221	-0,307	1,000	-67,755
172801,1002	-0,469	0,221	-0,307	1,000	-67,400
172801,1082	-0,469	0,221	-0,307	1,000	-67,216
172801,1251	-0,469	0,221	-0,307	1,000	-66,841
172801,1521	-0,469	0,221	-0,307	1,000	-66,289
172801,1700	-0,468	0,221	-0,306	1,000	-65,923
172801,1750	-0,468	0,221	-0,306	1,000	-65,712
172801,1920	-0,468	0,221	-0,306	1,000	-65,355
172801,2169	-0,468	0,221	-0,306	1,000	-64,785
172801,2336	-0,468	0,221	-0,306	1,000	-64,478
172801,2416	-0,468	0,221	-0,306	1,000	-64,249
172801,2585	-0,468	0,221	-0,306	1,000	-63,903
172801,2835	-0,468	0,221	-0,305	1,000	-63,438
172801,3004	-0,467	0,221	-0,305	1,000	-63,062
172801,3089	-0,467	0,221	-0,305	1,000	-62,880
172801,3249	-0,467	0,221	-0,305	1,000	-62,510
172801,3518	-0,467	0,221	-0,305	1,000	-61,950
172801,3678	-0,467	0,221	-0,305	1,000	-61,568
172801,3757	-0,467	0,221	-0,305	1,000	-61,391
172801,3927	-0,466	0,221	-0,305	1,000	-61,051
172801,4177	-0,466	0,221	-0,304	1,000	-60,482
172801,4356	-0,466	0,221	-0,304	1,000	-60,089
172801,4428	-0,466	0,221	-0,304	1,000	-59,929
172801,4592	-0,466	0,221	-0,304	1,000	-59,570
172801,4843	-0,466	0,221	-0,304	1,000	-59,075
172801,5013	-0,466	0,221	-0,304	1,000	-58,683
172801,5093	-0,466	0,221	-0,304	1,000	-58,516
172801,5263	-0,466	0,221	-0,304	1,000	-58,214
172801,5514	-0,466	0,221	-0,304	1,000	-57,700
172801,5683	-0,465	0,221	-0,303	1,000	-57,296
172801,5763	-0,465	0,221	-0,303	1,000	-57,113
172801,5933	-0,465	0,221	-0,303	1,000	-56,627
172801,6182	-0,465	0,221	-0,303	1,000	-56,055
172801,6347	-0,465	0,221	-0,303	1,000	-55,736
172801,6437	-0,465	0,221	-0,302	1,000	-55,604
172801,6593	-0,465	0,221	-0,302	1,000	-55,273
172801,6852	-0,465	0,221	-0,302	1,000	-54,747
172801,7023	-0,465	0,221	-0,302	1,000	-54,383
172801,7093	-0,464	0,221	-0,302	1,000	-54,190
172801,7263	-0,464	0,221	-0,302	1,000	-53,797
172801,7512	-0,464	0,221	-0,302	1,000	-53,197
172801,7692	-0,464	0,221	-0,302	1,000	-52,686
172801,7761	-0,464	0,221	-0,302	1,000	-52,474
172801,7942	-0,464	0,221	-0,302	1,000	-52,016
172801,8181	-0,464	0,221	-0,302	1,000	-51,510
172801,8351	-0,464	0,221	-0,301	1,000	-51,173
172801,8431	-0,463	0,221	-0,301	1,000	-50,980
172801,8600	-0,463	0,221	-0,301	1,000	-50,597
172801,8839	-0,463	0,221	-0,301	1,000	-50,041
172801,9009	-0,463	0,221	-0,301	1,000	-49,658
172801,9090	-0,463	0,221	-0,301	1,000	-49,475
172801,9259	-0,462	0,221	-0,301	1,000	-49,105
172801,9509	-0,462	0,221	-0,301	1,000	-48,584
172801,9688	-0,462	0,221	-0,301	1,000	-48,255
172801,9759	-0,462	0,221	-0,301	1,000	-48,049
172801,9929	-0,462	0,221	-0,301	1,000	-47,691
172802,0177	-0,461	0,221	-0,301	1,000	-47,169
172802,0357	-0,461	0,221	-0,300	1,000	-46,765
172802,0437	-0,461	0,221	-0,300	1,000	-46,596
172802,0596	-0,461	0,221	-0,300	1,000	-46,190
172802,0846	-0,461	0,221	-0,301	1,000	-45,595
172802,1016	-0,461	0,221	-0,301	1,000	-45,207
172802,1096	-0,461	0,221	-0,301	1,000	-45,011
172802,1255	-0,461	0,221	-0,301	1,000	-44,592
172802,1515	-0,461	0,221	-0,301	1,000	-44,087
172802,1711	-0,460	0,221	-0,301	1,000	-43,726
172802,1761	-0,460	0,221	-0,301	1,000	-43,545
172802,1931	-0,460	0,221	-0,301	1,000	-43,172
172802,2180	-0,460	0,221	-0,301	1,000	-42,604
172802,2350	-0,460	0,221	-0,301	1,000	-42,221
172802,2430	-0,460	0,221	-0,301	1,000	-42,006
172802,2599	-0,459	0,221	-0,301	1,000	-41,520
172802,2851	-0,459	0,221	-0,301	1,000	-40,944
172802,3021	-0,459	0,221	-0,302	1,000	-40,571
172802,3092	-0,459	0,221	-0,302	1,000	-40,347
172802,3260	-0,459	0,221	-0,302	1,000	-39,962
172802,3520	-0,459	0,221	-0,301	1,000	-39,433
172802,3678	-0,459	0,221	-0,301	1,000	-39,040
172802,3759	-0,459	0,221	-0,301	1,000	-38,858
172802,3932	-0,458	0,221	-0,301	1,000	-38,468
172802,4271	-0,458	0,221	-0,301	1,000	-37,905
172802,4520	-0,458	0,221	-0,301	1,000	-37,538
172802,4580	-0,458	0,221	-0,301	1,000	-37,379
172802,4680	-0,458	0,221	-0,301	1,000	-37,077
172802,4860	-0,458	0,221	-0,301	1,000	-36,538
172802,5049	-0,458	0,221	-0,301	1,000	-36,206
172802,5099	-0,458	0,221	-0,301	1,000	-36,041
172802,5239	-0,458	0,221	-0,301	1,000	-35,652
172802,5508	-0,458	0,221	-0,301	1,000	-35,064
172802,5678	-0,458	0,221	-0,301	1,000	-34,703
172802,5762	-0,458	0,221	-0,301	1,000	-34,499
172802,5921	-0,458	0,221	-0,301	1,000	-34,155
172802,6171	-0,458	0,221	-0,301	1,000	-33,568
172802,6341	-0,458	0,221	-0,301	1,000	-33,252
172802,6421	-0,458	0,221	-0,301	1,000	-33,026
172802,6589	-0,458	0,221	-0,301	1,000	-32,619
172802,6838	-0,458	0,221	-0,301	1,000	-32,025
172802,7019	-0,458	0,221	-0,301	1,000	-31,724
172802,7109	-0,458	0,221	-0,301	1,000	-31,542
172802,7258	-0,458	0,221	-0,301	1,000	-31,161
172802,7508	-0,458	0,221	-0,301	1,000	-30,579
172802,7688	-0,458	0,221	-0,301	1,000	-30,142
172802,7758	-0,458	0,221	-0,301	1,000	-29,942
172802,7927	-0,458	0,221	-0,301	1,000	-29,594
172802,8177	-0,458	0,221	-0,301	1,000	-28,903
172802,8351	-0,458	0,221	-0,300	1,000	-28,552
172802,8421	-0,458	0,221	-0,300	1,000	-28,447
172802,8591	-0,458	0,221	-0,300	1,000	-28,116
172802,8850	-0,458	0,221	-0,300	1,000	-27,498
172802,9030	-0,458	0,221	-0,300	1,000	-27,129
172802,9090	-0,458	0,221	-0,300	1,000	-26,953
172802,9260	-0,458	0,221	-0,300	1,000	-26,617
172802,9520	-0,458	0,221	-0,300	1,000	-26,054
172802,9680	-0,458	0,221	-0,299	1,000	-25,687
172802,9759	-0,458	0,221	-0,299	1,000	-25,498
172802,9919	-0,458	0,221	-0,299	1,000	-25,129
172803,0181	-0,458	0,221	-0,299	1,000	-24,602
172803,0350	-0,458	0,221	-0,299	1,000	-24,255
172803,0430	-0,458	0,221	-0,299	1,000	-24,076
172803,0590	-0,458	0,221	-0,299	1,000	-23,750
172803,0839	-0,458	0,221	-0,298	1,000	-23,203
172803,1019	-0,458	0,221	-0,298	1,000	-22,836
172803,1100	-0,458	0,221	-0,298	1,000	-22,722
172803,1259	-0,458	0,221	-0,298	1,000	-22,385
172803,1518	-0,458	0,221	-0,297	1,000	-21,836
172803,1688	-0,458	0,221	-0,297	1,000	-21,482
172803,1758	-0,458	0,221	-0,297	1,000	-21,293
172803,1947	-0,458	0,221	-0,297	1,000	-20,905
172803,2187	-0,458	0,221	-0,297	1,000	-20,280
172803,2356	-0,458	0,221	-0,296	1,000	-19,896
172803,2426	-0,458	0,221	-0,296	1,000	-19,674
172803,2589	-0,458	0,221	-0,296	1,000	-19,328
172803,2848	-0,458	0,221	-0,296	1,000	-18,766
172803,3017	-0,458	0,221	-0,296	1,000	-18,411
172803,3133	-0,457	0,221	-0,295	1,000	-18,220
172803,3272	-0,457	0,221	-0,295	1,000	-17,846
172803,3519	-0,457	0,221	-0,295	1,000	-17,310
172803,3679	-0,457	0,221	-0,295	1,000	-16,929
172803,3758	-0,457	0,221	-0,295	1,000	-16,772
172803,3938	-0,457	0,221	-0,294	1,000	-16,264
172803,4179	-0,457	0,221	-0,294	1,000	-15,726
172803,4348	-0,457	0,221	-0,294	1,000	-15,441
172803,4428	-0,457	0,221	-0,294	1,000	-15,259
172803,4597	-0,457	0,221	-0,294	1,000	-14,900
172803,4828	-0,456	0,221	-0,293	1,000	-14,375
172803,5028	-0,456	0,221	-0,293	1,000	-14,028
172803,5088	-0,456	0,221	-0,293	1,000	-13,914
172803,5237	-0,456	0,221	-0,293	1,000	-13,554
172803,5497	-0,456	0,221	-0,293	1,000	-12,993
172803,5667	-0,456	0,221	-0,293	1,000	-12,595
172803,5757	-0,456	0,221	-0,293	1,000	-12,396
172803,5917	-0,456	0,221	-0,293	1,000	-12,016
172803,6186	-0,456	0,221	-0,293	1,000	-11,427
172803,6355	-0,455	0,221	-0,292	1,000	-11,070
172803,6426	-0,455	0,221	-0,292	1,000	-10,908
172803,6595	-0,455	0,221	-0,292	1,000	-10,558
172803,6854	-0,455	0,221	-0,292	1,000	-10,000
172803,7074	-0,455	0,221	-0,292	1,000	-9,687
172803,7134	-0,455	0,221	-0,292	1,000	-9,515
172803,7273	-0,455	0,221	-0,292	1,000	-9,127
172803,7513	-0,455	0,221	-0,292	1,000	-8,578
172803,7684	-0,455	0,221	-0,292	1,000	-8,221
172803,7763	-0,455	0,221	-0,291	1,000	-8,029
172803,7923	-0,455	0,221	-0,292	1,000	-7,623
172803,8183	-0,455	0,221	-0,291	1,000	-7,044
172803,8352	-0,455	0,221	-0,291	1,000	-6,670
172803,8432	-0,455	0,221	-0,291	1,000	-6,504
172803,8593	-0,454	0,221	-0,291	1,000	-6,106
172803,8852	-0,454	0,221	-0,291	1,000	-5,524
172803,9013	-0,454	0,221	-0,291	1,000	-5,107
172803,9123	-0,454	0,221	-0,291	1,000	-4,900
172803,9263	-0,454	0,221	-0,291	1,000	-4,488
172803,9503	-0,453	0,221	-0,291	1,000	-3,884
172803,9672	-0,453	0,221	-0,291	1,000	-3,477
172803,9752	-0,453	0,221	-0,291	1,000	-3,275
172803,9911	-0,453	0,221	-0,291	1,000	-2,940
172804,0161	-0,453	0,221	-0,291	1,000	-2,433
172804,0340	-0,453	0,221	-0,291	1,000	-2,023
172804,0421	-0,453	0,221	-0,291	1,000	-1,840
172804,0580	-0,453	0,221	-0,291	1,000	-1,747
172804,0839	-0,453	0,221	-0,291	1,000	-1,933
172804,0999	-0,452	0,221	-0,291	1,000	-2,004
172804,1078	-0,453	0,221	-0,291	1,000	-2,030
172804,1248	-0,453	0,221	-0,291	1,000	-2,051
172804,1497	-0,453	0,221	-0,291	1,000	-2,020
172804,1667	-0,453	0,221	-0,291	1,000	-2,032
172804,1757	-0,453	0,221	-0,291	1,000	-2,024
172804,1916	-0,453	0,221	-0,291	1,000	-2,002
172804,2185	-0,453	0,221	-0,291	1,000	-1,992
172804,2335	-0,453	0,221	-0,291	1,000	-1,968
172804,2415	-0,453	0,221	-0,291	1,000	-1,945
172804,2584	-0,453	0,221	-0,291	1,000	-1,925
172804,2834	-0,453	0,221	-0,291	1,000	-1,915
172804,3013	-0,453	0,221	-0,291	1,000	-1,928
172804,3093	-0,453	0,221	-0,291	1,000	-1,900
172804,3253	-0,453	0,221	-0,291	1,000	-1,926
172804,3552	-0,453	0,221	-0,291	1,000	-1,930
172804,3681	-0,453	0,221	-0,291	1,000	-1,938
172804,3761	-0,453	0,221	-0,291	1,000	-1,947
172804,3931	-0,453	0,221	-0,291	1,000	-1,933
172804,4180	-0,453	0,221	-0,291	1,000	-1,940
172804,4350	-0,453	0,221	-0,291	1,000	-1,893
172804,4419	-0,453	0,221	-0,291	1,000	-1,928
172804,4589	-0,453	0,221	-0,291	1,000	-1,920
172804,4848	-0,453	0,221	-0,291	1,000	-1,924
172804,4988	-0,453	0,221	-0,291	1,000	-1,923
172804,5078	-0,453	0,221	-0,291	1,000	-1,926
172804,5257	-0,453	0,221	-0,291	1,000	-1,936
172804,5497	-0,453	0,221	-0,291	1,000	-1,933
172804,5676	-0,453	0,221	-0,291	1,000	-1,895
172804,5756	-0,453	0,221	-0,291	1,000	-1,930
172804,5925	-0,453	0,221	-0,291	1,000	-1,924
172804,6175	-0,453	0,221	-0,291	1,000	-1,925
172804,6345	-0,453	0,221	-0,291	1,000	-1,924
172804,6434	-0,453	0,221	-0,291	1,000	-1,898
172804,6594	-0,453	0,221	-0,291	1,000	-1,923
172804,6843	-0,453	0,221	-0,291	1,000	-1,931
172804,7012	-0,453	0,221	-0,291	1,000	-1,936
172804,7092	-0,453	0,221	-0,291	1,000	-1,931
172804,7262	-0,453	0,221	-0,291	1,000	-1,919
172804,7511	-0,453	0,221	-0,291	1,000	-1,907
172804,7681	-0,453	0,221	-0,291	1,000	-1,923
172804,7760	-0,453	0,221	-0,291	1,000	-1,925
172804,7920	-0,453	0,221	-0,291	1,000	-1,929
172804,8179	-0,453	0,221	-0,291	1,000	-1,924
172804,8339	-0,453	0,221	-0,291	1,000	-1,920
172804,8429	-0,453	0,221	-0,291	1,000	-1,927
172804,8588	-0,453	0,221	-0,291	1,000	-1,929
172804,8848	-0,453	0,221	-0,291	1,000	-1,927
172804,9017	-0,453	0,221	-0,291	1,000	-1,929
172804,9097	-0,453	0,221	-0,291	1,000	-1,928
172804,9256	-0,453	0,221	-0,291	1,000	-1,918
172804,9506	-0,453	0,221	-0,291	1,000	-1,927
172804,9675	-0,453	0,221	-0,291	1,000	-1,927
172804,9755	-0,453	0,221	-0,291	1,000	-1,929
172804,9935	-0,453	0,221	-0,291	1,000	-1,927
172805,0174	-0,453	0,221	-0,291	1,000	-1,913
172805,0344	-0,453	0,221	-0,291	1,000	-1,925
172805,0423	-0,453	0,221	-0,291	1,000	-1,916
172805,0593	-0,453	0,221	-0,291	1,000	-1,923
172805,0842	-0,453	0,221	-0,291	1,000	-1,923
172805,1022	-0,453	0,221	-0,291	1,000	-1,920
172805,1092	-0,453	0,221	-0,291	1,000	-1,930
172805,1261	-0,453	0,221	-0,291	1,000	-1,925
172805,1511	-0,453	0,221	-0,291	1,000	-1,918
172805,1680	-0,453	0,221	-0,291	1,000	-1,926
172805,1760	-0,453	0,221	-0,291	1,000	-1,922
172805,1919	-0,453	0,221	-0,291	1,000	-1,909
172805,2179	-0,453	0,221	-0,291	1,000	-1,917
172805,2348	-0,453	0,221	-0,291	1,000	-1,927
172805,2428	-0,453	0,221	-0,291	1,000	-1,928
172805,2598	-0,453	0,221	-0,291	1,000	-1,918
172805,2847	-0,453	0,221	-0,291	1,000	-1,927
172805,3016	-0,453	0,221	-0,291	1,000	-1,917
172805,3086	-0,453	0,221	-0,291	1,000	-1,907
172805,3256	-0,453	0,221	-0,291	1,000	-1,933
172805,3515	-0,453	0,221	-0,291	1,000	-1,932
172805,3675	-0,453	0,221	-0,291	1,000	-1,924
172805,3744	-0,453	0,221	-0,291	1,000	-1,888
172805,3914	-0,453	0,221	-0,291	1,000	-1,925
172805,4183	-0,453	0,221	-0,291	1,000	-1,928
172805,4343	-0,453	0,221	-0,291	1,000	-1,937
172805,4423	-0,453	0,221	-0,291	1,000	-1,929
172805,4592	-0,453	0,221	-0,291	1,000	-1,920
172805,4842	-0,453	0,221	-0,291	1,000	-1,932
172805,5001	-0,453	0,221	-0,291	1,000	-1,931
172805,5081	-0,453	0,221	-0,291	1,000	-1,911
172805,5240	-0,453	0,221	-0,291	1,000	-1,927
172805,5510	-0,453	0,221	-0,291	1,000	-1,927
172805,5669	-0,453	0,221	-0,291	1,000	-1,922
172805,5749	-0,453	0,221	-0,291	1,000	-1,924
172805,5919	-0,453	0,221	-0,291	1,000	-1,922
172805,6168	-0,453	0,221	-0,291	1,000	-1,930
172805,6367	-0,453	0,221	-0,291	1,000	-1,916
172805,6427	-0,453	0,221	-0,291	1,000	-1,927
172805,6577	-0,453	0,221	-0,291	1,000	-1,903
172805,6836	-0,453	0,221	-0,291	1,000	-1,929
172805,7006	-0,453	0,221	-0,291	1,000	-1,924
172805,7096	-0,453	0,221	-0,291	1,000	-1,930
172805,7255	-0,453	0,221	-0,291	1,000	-1,907
172805,7514	-0,453	0,221	-0,291	1,000	-1,921
172805,7674	-0,453	0,221	-0,291	1,000	-1,932
172805,7754	-0,453	0,221	-0,291	1,000	-1,930
172805,7913	-0,453	0,221	-0,291	1,000	-1,905
172805,8173	-0,453	0,221	-0,291	1,000	-1,930
172805,8342	-0,453	0,221	-0,291	1,000	-1,921
172805,8412	-0,453	0,221	-0,291	1,000	-1,923
172805,8592	-0,453	0,221	-0,291	1,000	-1,923
172805,8841	-0,453	0,221	-0,291	1,000	-1,913
172805,9010	-0,453	0,221	-0,291	1,000	-1,924
172805,9090	-0,453	0,221	-0,291	1,000	-1,917
172805,9260	-0,453	0,221	-0,291	1,000	-1,928
172805,9509	-0,453	0,221	-0,291	1,000	-1,925
172805,9679	-0,453	0,221	-0,291	1,000	-1,930
172805,9758	-0,453	0,221	-0,291	1,000	-1,926
172805,9918	-0,453	0,221	-0,291	1,000	-1,916
172806,0177	-0,453	0,221	-0,291	1,000	-1,928
172806,0347	-0,453	0,221	-0,291	1,000	-1,921
172806,0427	-0,453	0,221	-0,291	1,000	-1,913
172806,0626	-0,453	0,221	-0,291	1,000	-1,931
172806,0845	-0,453	0,221	-0,291	1,000	-1,906
172806,1015	-0,453	0,221	-0,291	1,000	-1,912
172806,1085	-0,453	0,221	-0,291	1,000	-1,920
172806,1254	-0,453	0,221	-0,291	1,000	-1,883
172806,1514	-0,453	0,221	-0,291	1,000	-1,918
172806,1673	-0,453	0,221	-0,291	1,000	-1,921
172806,1753	-0,453	0,221	-0,291	1,000	-1,915
172806,1923	-0,453	0,221	-0,291	1,000	-1,919
172806,2182	-0,453	0,221	-0,291	1,000	-1,921
172806,2342	-0,453	0,221	-0,291	1,000	-1,880
172806,2421	-0,453	0,221	-0,291	1,000	-1,918
172806,2601	-0,453	0,221	-0,291	1,000	-1,916
172806,2840	-0,453	0,221	-0,291	1,000	-1,881
172806,3010	-0,453	0,221	-0,291	1,000	-1,900
172806,3090	-0,453	0,221	-0,291	1,000	-1,923
172806,3259	-0,453	0,221	-0,291	1,000	-1,926
172806,3518	-0,453	0,221	-0,291	1,000	-1,900
172806,3698	-0,453	0,221	-0,291	1,000	-1,920
172806,3748	-0,453	0,221	-0,291	1,000	-1,920
172806,3917	-0,453	0,221	-0,291	1,000	-1,918
172806,4167	-0,453	0,221	-0,291	1,000	-1,922
172806,4336	-0,453	0,221	-0,291	1,000	-1,927
172806,4416	-0,453	0,221	-0,291	1,000	-1,919
172806,4586	-0,453	0,221	-0,291	1,000	-1,903
172806,4845	-0,453	0,221	-0,291	1,000	-1,922
172806,5005	-0,453	0,221	-0,291	1,000	-1,921
172806,5085	-0,453	0,221	-0,291	1,000	-1,925
172806,5244	-0,453	0,221	-0,291	1,000	-1,931
172806,5514	-0,453	0,221	-0,291	1,000	-1,930
172806,5733	-0,453	0,221	-0,291	1,000	-1,906
172806,5783	-0,453	0,221	-0,291	1,000	-1,922
172806,5929	-0,453	0,221	-0,291	1,000	-1,933
172806,6178	-0,453	0,221	-0,291	1,000	-1,918
172806,6368	-0,453	0,221	-0,291	1,000	-1,917
172806,6428	-0,453	0,221	-0,291	1,000	-1,920
172806,6587	-0,453	0,221	-0,291	1,000	-1,900
172806,6837	-0,453	0,221	-0,291	1,000	-1,923
172806,7006	-0,453	0,221	-0,291	1,000	-1,917
172806,7086	-0,453	0,221	-0,291	1,000	-1,926
172806,7251	-0,453	0,221	-0,291	1,000	-1,922
172806,7511	-0,453	0,221	-0,291	1,000	-1,897
172806,7670	-0,453	0,221	-0,291	1,000	-1,915
172806,7750	-0,453	0,221	-0,291	1,000	-1,902
172806,7920	-0,453	0,221	-0,291	1,000	-1,907
172806,8181	-0,453	0,221	-0,291	1,000	-1,914
172806,8340	-0,453	0,221	-0,291	1,000	-1,906
172806,8430	-0,453	0,221	-0,291	1,000	-1,917
172806,8589	-0,453	0,221	-0,291	1,000	-1,923
172806,8841	-0,453	0,221	-0,291	1,000	-1,918
172806,9071	-0,453	0,221	-0,291	1,000	-1,913
172806,9121	-0,453	0,221	-0,291	1,000	-1,924
172806,9252	-0,453	0,221	-0,291	1,000	-1,924
172806,9511	-0,453	0,221	-0,291	1,000	-1,916
172806,9672	-0,453	0,221	-0,291	1,000	-1,932
172806,9754	-0,453	0,221	-0,291	1,000	-1,919
172806,9923	-0,453	0,221	-0,291	1,000	-1,924
172807,0172	-0,453	0,221	-0,291	1,000	-1,923
172807,0342	-0,453	0,221	-0,291	1,000	-1,907
172807,0432	-0,453	0,221	-0,291	1,000	-1,922
172807,0592	-0,453	0,221	-0,291	1,000	-1,903
172807,0861	-0,453	0,221	-0,291	1,000	-1,926
172807,1011	-0,453	0,221	-0,291	1,000	-1,929
172807,1091	-0,453	0,221	-0,291	1,000	-1,924
172807,1259	-0,453	0,221	-0,291	1,000	-1,929
172807,1508	-0,453	0,221	-0,291	1,000	-1,919
172807,1672	-0,453	0,221	-0,291	1,000	-1,926
172807,1762	-0,453	0,221	-0,291	1,000	-1,927
172807,1921	-0,453	0,221	-0,291	1,000	-1,927
172807,2171	-0,453	0,221	-0,291	1,000	-1,929
172807,2335	-0,453	0,221	-0,291	1,000	-1,921
172807,2417	-0,453	0,221	-0,291	1,000	-1,925
172807,2596	-0,453	0,221	-0,291	1,000	-1,921
172807,2840	-0,453	0,221	-0,291	1,000	-1,917
172807,3010	-0,453	0,221	-0,291	1,000	-1,926
172807,3090	-0,453	0,221	-0,291	1,000	-1,919
172807,3259	-0,453	0,221	-0,291	1,000	-1,911
172807,3509	-0,453	0,221	-0,291	1,000	-1,923
172807,3680	-0,453	0,221	-0,291	1,000	-1,918
172807,3759	-0,453	0,221	-0,291	1,000	-1,919
172807,3939	-0,453	0,221	-0,291	1,000	-1,931
172807,4179	-0,453	0,221	-0,291	1,000	-1,916
172807,4349	-0,453	0,221	-0,291	1,000	-1,926
172807,4429	-0,453	0,221	-0,291	1,000	-1,914
172807,4588	-0,453	0,221	-0,291	1,000	-1,920
172807,4847	-0,453	0,221	-0,291	1,000	-1,913
172807,5003	-0,453	0,221	-0,291	1,000	-1,918
172807,5077	-0,453	0,221	-0,291	1,000	-1,927
172807,5237	-0,453	0,221	-0,291	1,000	-1,922
172807,5496	-0,453	0,221	-0,291	1,000	-1,923
172807,5678	-0,453	0,221	-0,291	1,000	-1,918
172807,5758	-0,453	0,221	-0,291	1,000	-1,925
172807,5928	-0,453	0,221	-0,291	1,000	-1,927
172807,6177	-0,453	0,221	-0,291	1,000	-1,909
172807,6346	-0,453	0,221	-0,291	1,000	-1,918
172807,6426	-0,453	0,221	-0,291	1,000	-1,920
172807,6589	-0,453	0,221	-0,291	1,000	-1,925
172807,6848	-0,453	0,221	-0,291	1,000	-1,923
172807,7008	-0,453	0,221	-0,291	1,000	-1,925
172807,7098	-0,453	0,221	-0,291	1,000	-1,926
172807,7257	-0,453	0,221	-0,291	1,000	-1,928
172807,7517	-0,453	0,221	-0,291	1,000	-1,924
172807,7669	-0,453	0,221	-0,291	1,000	-1,926
172807,7758	-0,453	0,221	-0,291	1,000	-1,921
172807,7928	-0,453	0,221	-0,291	1,000	-1,907
172807,8189	-0,453	0,221	-0,291	1,000	-1,926
172807,8348	-0,453	0,221	-0,291	1,000	-1,921
172807,8428	-0,453	0,221	-0,291	1,000	-1,921
172807,8588	-0,453	0,221	-0,291	1,000	-1,915
172807,8838	-0,453	0,221	-0,291	1,000	-1,920
172807,9007	-0,453	0,221	-0,291	1,000	-1,922
172807,9097	-0,453	0,221	-0,291	1,000	-1,921
172807,9256	-0,453	0,221	-0,291	1,000	-1,905
172807,9516	-0,453	0,221	-0,291	1,000	-1,914
172807,9676	-0,453	0,221	-0,291	1,000	-1,913
172807,9756	-0,453	0,221	-0,291	1,000	-1,933
172807,9925	-0,453	0,221	-0,291	1,000	-1,927
172808,0184	-0,453	0,221	-0,291	1,000	-1,930
172808,0343	-0,453	0,221	-0,291	1,000	-1,931
172808,0423	-0,453	0,221	-0,291	1,000	-1,916
172808,0592	-0,453	0,221	-0,291	1,000	-1,924
172808,0841	-0,453	0,221	-0,291	1,000	-1,916
172808,1001	-0,453	0,221	-0,291	1,000	-1,927
172808,1101	-0,453	0,221	-0,291	1,000	-1,907
172808,1250	-0,453	0,221	-0,291	1,000	-1,927
172808,1500	-0,453	0,221	-0,291	1,000	-1,922
172808,1669	-0,453	0,221	-0,291	1,000	-1,925
172808,1749	-0,453	0,221	-0,291	1,000	-1,915
172808,1919	-0,453	0,221	-0,291	1,000	-1,921
172808,2248	-0,453	0,221	-0,291	1,000	-1,867
172808,2367	-0,453	0,221	-0,291	1,000	-1,928
172808,2427	-0,453	0,221	-0,291	1,000	-1,927
172808,2577	-0,453	0,221	-0,291	1,000	-1,911
172808,2836	-0,453	0,221	-0,291	1,000	-1,920
172808,3006	-0,453	0,221	-0,291	1,000	-1,920
172808,3076	-0,453	0,221	-0,291	1,000	-1,904
172808,3245	-0,453	0,221	-0,291	1,000	-1,919
172808,3504	-0,453	0,221	-0,291	1,000	-1,922
172808,3664	-0,453	0,221	-0,291	1,000	-1,906
172808,3754	-0,453	0,221	-0,291	1,000	-1,918
172808,3913	-0,453	0,221	-0,291	1,000	-1,898
172808,4173	-0,453	0,221	-0,291	1,000	-1,920
172808,4342	-0,453	0,221	-0,291	1,000	-1,922
172808,4422	-0,453	0,221	-0,291	1,000	-1,926
172808,4591	-0,453	0,221	-0,291	1,000	-1,920
172808,4841	-0,453	0,221	-0,291	1,000	-1,885
172808,5000	-0,453	0,221	-0,291	1,000	-1,915
172808,5080	-0,453	0,221	-0,291	1,000	-1,919
172808,5240	-0,453	0,221	-0,291	1,000	-1,907
172808,5509	-0,453	0,221	-0,291	1,000	-1,929
172808,5679	-0,453	0,221	-0,291	1,000	-1,909
172808,5758	-0,453	0,221	-0,291	1,000	-1,922
172808,5928	-0,453	0,221	-0,291	1,000	-1,916
172808,6177	-0,453	0,221	-0,291	1,000	-1,919
172808,6347	-0,453	0,221	-0,291	1,000	-1,929
172808,6427	-0,453	0,221	-0,291	1,000	-1,920
172808,6586	-0,453	0,221	-0,291	1,000	-1,919
172808,6845	-0,453	0,221	-0,291	1,000	-1,924
172808,7005	-0,453	0,221	-0,291	1,000	-1,924
172808,7095	-0,453	0,221	-0,291	1,000	-1,913
172808,7254	-0,453	0,221	-0,291	1,000	-1,919
172808,7514	-0,453	0,221	-0,291	1,000	-1,910
172808,7673	-0,453	0,221	-0,291	1,000	-1,912
172808,7753	-0,453	0,221	-0,291	1,000	-1,921
172808,7923	-0,453	0,221	-0,291	1,000	-1,922
172808,8272	-0,453	0,221	-0,291	1,000	-1,914
172808,8431	-0,453	0,221	-0,291	1,000	-1,917
172808,8511	-0,453	0,221	-0,291	1,000	-1,915
172808,8671	-0,453	0,221	-0,291	1,000	-1,917
172808,9010	-0,453	0,221	-0,291	1,000	-1,902
172808,9159	-0,453	0,221	-0,291	1,000	-1,905
172808,9249	-0,453	0,221	-0,291	1,000	-1,909
172808,9409	-0,453	0,221	-0,291	1,000	-1,897
172808,9758	-0,453	0,221	-0,291	1,000	-1,933
172808,9927	-0,453	0,221	-0,291	1,000	-1,926
172809,0007	-0,453	0,221	-0,291	1,000	-1,927
172809,0177	-0,453	0,221	-0,291	1,000	-1,922
172809,0506	-0,453	0,221	-0,291	1,000	-1,927
172809,0675	-0,453	0,221	-0,291	1,000	-1,931
172809,0755	-0,453	0,221	-0,291	1,000	-1,927
172809,0925	-0,453	0,221	-0,291	1,000	-1,917
172809,1254	-0,453	0,221	-0,291	1,000	-1,927
172809,1423	-0,453	0,221	-0,291	1,000	-1,923
172809,1513	-0,453	0,221	-0,291	1,000	-1,926
172809,1673	-0,453	0,221	-0,291	1,000	-1,919
172809,2002	-0,453	0,221	-0,291	1,000	-1,916
172809,2171	-0,453	0,221	-0,291	1,000	-1,914
172809,2261	-0,453	0,221	-0,291	1,000	-1,907
172809,2421	-0,453	0,221	-0,291	1,000	-1,902
172809,2760	-0,453	0,221	-0,291	1,000	-1,913
172809,2919	-0,453	0,221	-0,291	1,000	-1,915
172809,3009	-0,453	0,221	-0,291	1,000	-1,868
172809,3169	-0,453	0,221	-0,291	1,000	-1,918
172809,3508	-0,453	0,221	-0,291	1,000	-1,915
172809,3677	-0,453	0,221	-0,291	1,000	-1,915
172809,3757	-0,453	0,221	-0,291	1,000	-1,920
172809,3936	-0,453	0,221	-0,291	1,000	-1,918
172809,4256	-0,453	0,221	-0,291	1,000	-1,929
172809,4415	-0,453	0,221	-0,291	1,000	-1,907
172809,4505	-0,453	0,221	-0,291	1,000	-1,881
172809,4794	-0,453	0,221	-0,291	1,000	-1,925
172809,5014	-0,453	0,221	-0,291	1,000	-1,922
172809,5163	-0,453	0,221	-0,291	1,000	-1,928
172809,5243	-0,453	0,221	-0,291	1,000	-1,921
172809,5432	-0,453	0,221	-0,291	1,000	-1,903
172809,5742	-0,453	0,221	-0,291	1,000	-1,914
172809,5911	-0,453	0,221	-0,291	1,000	-1,917
172809,6001	-0,453	0,221	-0,291	1,000	-1,922
172809,6171	-0,453	0,221	-0,291	1,000	-1,927
172809,6500	-0,453	0,221	-0,291	1,000	-1,924
172809,6659	-0,453	0,221	-0,291	1,000	-1,868
172809,6749	-0,453	0,221	-0,291	1,000	-1,923
172809,6919	-0,453	0,221	-0,291	1,000	-1,917
172809,7248	-0,453	0,221	-0,291	1,000	-1,914
172809,7417	-0,453	0,221	-0,291	1,000	-1,919
172809,7507	-0,453	0,221	-0,291	1,000	-1,925
172809,7676	-0,453	0,221	-0,291	1,000	-1,914
172809,8006	-0,453	0,221	-0,291	1,000	-1,919
172809,8175	-0,453	0,221	-0,291	1,000	-1,924
172809,8255	-0,453	0,221	-0,291	1,000	-1,918
172809,8425	-0,453	0,221	-0,291	1,000	-1,927
172809,8754	-0,453	0,221	-0,291	1,000	-1,925
172809,8923	-0,453	0,221	-0,291	1,000	-1,923
172809,9013	-0,453	0,221	-0,291	1,000	-1,927
172809,9172	-0,453	0,221	-0,291	1,000	-1,921
172809,9532	-0,453	0,221	-0,291	1,000	-1,919
172809,9661	-0,453	0,221	-0,291	1,000	-1,919
172809,9741	-0,453	0,221	-0,291	1,000	-1,918
172809,9921	-0,453	0,221	-0,291	1,000	-1,903
172810,0250	-0,453	0,221	-0,291	1,000	-1,900
172810,0409	-0,453	0,221	-0,291	1,000	-1,919
172810,0499	-0,453	0,221	-0,291	1,000	-1,922
172810,0659	-0,453	0,221	-0,291	1,000	-1,927
172810,1087	-0,453	0,221	-0,291	1,000	-1,933
172810,1277	-0,453	0,221	-0,291	1,000	-1,907
172810,1337	-0,453	0,221	-0,291	1,000	-1,913
172810,1436	-0,453	0,221	-0,291	1,000	-1,920
172810,1756	-0,453	0,221	-0,291	1,000	-1,923
172810,1925	-0,453	0,221	-0,291	1,000	-1,922
172810,2005	-0,453	0,221	-0,291	1,000	-1,918
172810,2174	-0,453	0,221	-0,291	1,000	-1,909
172810,2504	-0,453	0,221	-0,291	1,000	-1,915
172810,2673	-0,453	0,221	-0,291	1,000	-1,921
172810,2754	-0,453	0,221	-0,291	1,000	-1,923
172810,2923	-0,453	0,221	-0,291	1,000	-1,912
172810,3262	-0,453	0,221	-0,291	1,000	-1,920
172810,3422	-0,453	0,221	-0,291	1,000	-1,914
172810,3512	-0,453	0,221	-0,291	1,000	-1,910
172810,3671	-0,453	0,221	-0,291	1,000	-1,922
172810,4010	-0,453	0,221	-0,291	1,000	-1,913
172810,4180	-0,453	0,221	-0,291	1,000	-1,916
172810,4250	-0,453	0,221	-0,291	1,000	-1,923
172810,4419	-0,453	0,221	-0,291	1,000	-1,913
172810,4748	-0,453	0,221	-0,291	1,000	-1,911
172810,4918	-0,453	0,221	-0,291	1,000	-1,919
172810,4998	-0,453	0,221	-0,291	1,000	-1,912
172810,5167	-0,453	0,221	-0,291	1,000	-1,921
172810,5497	-0,453	0,221	-0,291	1,000	-1,910
172810,5676	-0,453	0,221	-0,291	1,000	-1,924
172810,5746	-0,453	0,221	-0,291	1,000	-1,912
172810,5925	-0,453	0,221	-0,291	1,000	-1,912
172810,6244	-0,453	0,221	-0,291	1,000	-1,910
172810,6414	-0,453	0,221	-0,291	1,000	-1,908
172810,6493	-0,453	0,221	-0,291	1,000	-1,928
172810,6663	-0,453	0,221	-0,291	1,000	-1,924
172810,6994	-0,453	0,221	-0,291	1,000	-1,911
172810,7158	-0,453	0,221	-0,291	1,000	-1,903
172810,7247	-0,453	0,221	-0,291	1,000	-1,918
172810,7408	-0,453	0,221	-0,291	1,000	-1,926
172810,7767	-0,453	0,221	-0,291	1,000	-1,908
172810,7927	-0,453	0,221	-0,291	1,000	-1,903
172810,8012	-0,453	0,221	-0,291	1,000	-1,914
172810,8171	-0,453	0,221	-0,291	1,000	-1,874
172810,8511	-0,453	0,221	-0,291	1,000	-1,919
172810,8680	-0,453	0,221	-0,291	1,000	-1,905
172810,8760	-0,453	0,221	-0,291	1,000	-1,900
172810,8919	-0,453	0,221	-0,291	1,000	-1,891
172810,9259	-0,453	0,221	-0,291	1,000	-1,911
172810,9428	-0,453	0,221	-0,291	1,000	-1,914
172810,9508	-0,453	0,221	-0,291	1,000	-1,923
172810,9677	-0,453	0,221	-0,291	1,000	-1,910
172811,0007	-0,453	0,221	-0,291	1,000	-1,915
172811,0171	-0,453	0,221	-0,291	1,000	-1,912
172811,0260	-0,453	0,221	-0,291	1,000	-1,918
172811,0420	-0,453	0,221	-0,291	1,000	-1,907
172811,0792	-0,453	0,221	-0,291	1,000	-1,899
172811,0921	-0,453	0,221	-0,291	1,000	-1,919
172811,1211	-0,453	0,221	-0,291	1,000	-1,911
172811,1310	-0,453	0,221	-0,291	1,000	-1,914
172811,1520	-0,453	0,221	-0,291	1,000	-1,917
172811,1740	-0,453	0,221	-0,291	1,000	-1,923
172811,1800	-0,453	0,221	-0,291	1,000	-1,916
172811,1989	-0,453	0,221	-0,291	1,000	-1,889
172811,2256	-0,453	0,221	-0,291	1,000	-1,922
172811,2426	-0,453	0,221	-0,291	1,000	-1,911
172811,2506	-0,453	0,221	-0,291	1,000	-1,928
172811,2676	-0,453	0,221	-0,291	1,000	-1,916
172811,3015	-0,453	0,221	-0,291	1,000	-1,919
172811,3175	-0,453	0,221	-0,291	1,000	-1,923
172811,3255	-0,453	0,221	-0,291	1,000	-1,918
172811,3423	-0,453	0,221	-0,291	1,000	-1,898
172811,3755	-0,453	0,221	-0,291	1,000	-1,917
172811,3947	-0,453	0,221	-0,291	1,000	-1,911
172811,4008	-0,453	0,221	-0,291	1,000	-1,916
172811,4179	-0,453	0,221	-0,291	1,000	-1,918
172811,4511	-0,453	0,221	-0,291	1,000	-1,890
172811,4674	-0,453	0,221	-0,291	1,000	-1,914
172811,4753	-0,453	0,221	-0,291	1,000	-1,914
172811,4913	-0,453	0,221	-0,291	1,000	-1,918
172811,5233	-0,453	0,221	-0,291	1,000	-1,912
172811,5402	-0,453	0,221	-0,291	1,000	-1,913
172811,5502	-0,453	0,221	-0,291	1,000	-1,914
172811,5671	-0,453	0,221	-0,291	1,000	-1,906
172811,6003	-0,453	0,221	-0,291	1,000	-1,927
172811,6175	-0,453	0,221	-0,291	1,000	-1,911
172811,6249	-0,453	0,221	-0,291	1,000	-1,917
172811,6417	-0,453	0,221	-0,291	1,000	-1,907
172811,6746	-0,453	0,221	-0,291	1,000	-1,906
172811,6936	-0,453	0,221	-0,291	1,000	-1,915
172811,7006	-0,453	0,221	-0,291	1,000	-1,909
172811,7166	-0,453	0,221	-0,291	1,000	-1,919
172811,7498	-0,453	0,221	-0,291	1,000	-1,925
172811,7677	-0,453	0,221	-0,291	1,000	-1,876
172811,7747	-0,453	0,221	-0,291	1,000	-1,896
172811,7916	-0,453	0,221	-0,291	1,000	-1,913
172811,8247	-0,453	0,221	-0,291	1,000	-1,910
172811,8416	-0,453	0,221	-0,291	1,000	-1,917
172811,8506	-0,453	0,221	-0,291	1,000	-1,899
172811,8676	-0,453	0,221	-0,291	1,000	-1,917
172811,9006	-0,453	0,221	-0,291	1,000	-1,905
172811,9172	-0,453	0,221	-0,291	1,000	-1,913
172811,9252	-0,453	0,221	-0,291	1,000	-1,890
172811,9413	-0,453	0,221	-0,291	1,000	-1,919
172811,9748	-0,453	0,221	-0,291	1,000	-1,908
172811,9919	-0,453	0,221	-0,291	1,000	-1,915
172812,0019	-0,453	0,221	-0,291	1,000	-1,919
172812,0208	-0,453	0,221	-0,291	1,000	-1,895
172812,0580	-0,453	0,221	-0,291	1,000	-1,914
172812,0692	-0,453	0,221	-0,291	1,000	-1,911
172812,0753	-0,453	0,221	-0,291	1,000	-1,923
172812,0917	-0,453	0,221	-0,291	1,000	-1,900
172812,1254	-0,453	0,221	-0,291	1,000	-1,919
172812,1414	-0,453	0,221	-0,291	1,000	-1,919
172812,1504	-0,453	0,221	-0,291	1,000	-1,885
172812,1675	-0,453	0,221	-0,291	1,000	-1,904
172812,2005	-0,453	0,221	-0,291	1,000	-1,895
172812,2164	-0,453	0,221	-0,291	1,000	-1,900
172812,2254	-0,453	0,221	-0,291	1,000	-1,898
172812,2413	-0,453	0,221	-0,291	1,000	-1,913
172812,2752	-0,453	0,221	-0,291	1,000	-1,902
172812,2932	-0,453	0,221	-0,291	1,000	-1,909
172812,3002	-0,453	0,221	-0,291	1,000	-1,918
172812,3171	-0,453	0,221	-0,291	1,000	-1,921
172812,3500	-0,453	0,221	-0,291	1,000	-1,920
172812,3670	-0,453	0,221	-0,291	1,000	-1,907
172812,3750	-0,453	0,221	-0,291	1,000	-1,900
172812,3919	-0,453	0,221	-0,291	1,000	-1,903
172812,4258	-0,453	0,221	-0,291	1,000	-1,909
172812,4418	-0,453	0,221	-0,291	1,000	-1,921
172812,4498	-0,453	0,221	-0,291	1,000	-1,923
172812,4667	-0,453	0,221	-0,291	1,000	-1,915
172812,5006	-0,453	0,221	-0,291	1,000	-1,914
172812,5156	-0,453	0,221	-0,291	1,000	-1,916
172812,5246	-0,453	0,221	-0,291	1,000	-1,890
172812,5415	-0,453	0,221	-0,291	1,000	-1,916
172812,5754	-0,453	0,221	-0,291	1,000	-1,921
172812,5924	-0,453	0,221	-0,291	1,000	-1,922
172812,6004	-0,453	0,221	-0,291	1,000	-1,918
172812,6163	-0,453	0,221	-0,291	1,000	-1,917
172812,6512	-0,453	0,221	-0,291	1,000	-1,921
172812,6672	-0,453	0,221	-0,291	1,000	-1,916
172812,6762	-0,453	0,221	-0,291	1,000	-1,912
172812,6921	-0,453	0,221	-0,291	1,000	-1,915
172812,7250	-0,453	0,221	-0,291	1,000	-1,918
172812,7420	-0,453	0,221	-0,291	1,000	-1,922
172812,7510	-0,453	0,221	-0,291	1,000	-1,889
172812,7679	-0,453	0,221	-0,291	1,000	-1,918
172812,8008	-0,453	0,221	-0,291	1,000	-1,910
172812,8178	-0,453	0,221	-0,291	1,000	-1,918
172812,8258	-0,453	0,221	-0,291	1,000	-1,922
172812,8417	-0,453	0,221	-0,291	1,000	-1,914
172812,8756	-0,453	0,221	-0,291	1,000	-1,919
172812,8926	-0,453	0,221	-0,291	1,000	-1,897
172812,9006	-0,453	0,221	-0,291	1,000	-1,906
172812,9175	-0,453	0,221	-0,291	1,000	-1,901
172812,9504	-0,453	0,221	-0,291	1,000	-1,917
172812,9674	-0,453	0,221	-0,291	1,000	-1,907
172812,9754	-0,453	0,221	-0,291	1,000	-1,912
172812,9923	-0,453	0,221	-0,291	1,000	-1,911
172813,0252	-0,453	0,221	-0,291	1,000	-1,912
172813,0422	-0,453	0,221	-0,291	1,000	-1,893
172813,0512	-0,453	0,221	-0,291	1,000	-1,911
172813,0681	-0,453	0,221	-0,291	1,000	-1,909
172813,1010	-0,453	0,221	-0,291	1,000	-1,894
172813,1160	-0,453	0,221	-0,291	1,000	-1,901
172813,1240	-0,453	0,221	-0,291	1,000	-1,912
172813,1409	-0,453	0,221	-0,291	1,000	-1,903
172813,1748	-0,453	0,221	-0,291	1,000	-1,890
172813,1918	-0,453	0,221	-0,291	1,000	-1,914
172813,2008	-0,453	0,221	-0,291	1,000	-1,916
172813,2167	-0,453	0,221	-0,291	1,000	-1,888
172813,2526	-0,453	0,221	-0,291	1,000	-1,916
172813,2666	-0,453	0,221	-0,291	1,000	-1,921
172813,2756	-0,453	0,221	-0,291	1,000	-1,902
172813,2925	-0,453	0,221	-0,291	1,000	-1,900
172813,3384	-0,453	0,221	-0,291	1,000	-1,917
172813,3504	-0,453	0,221	-0,291	1,000	-1,915
172813,3554	-0,453	0,221	-0,291	1,000	-1,918
172813,3673	-0,453	0,221	-0,291	1,000	-1,914
172813,4002	-0,453	0,221	-0,291	1,000	-1,904
172813,4172	-0,453	0,221	-0,291	1,000	-1,921
172813,4252	-0,453	0,221	-0,291	1,000	-1,926
172813,4421	-0,453	0,221	-0,291	1,000	-1,920
172813,4790	-0,453	0,221	-0,291	1,000	-1,912
172813,4920	-0,453	0,221	-0,291	1,000	-1,903
172813,4990	-0,453	0,221	-0,291	1,000	-1,924
172813,5159	-0,453	0,221	-0,291	1,000	-1,896
172813,5488	-0,453	0,221	-0,291	1,000	-1,916
172813,5668	-0,453	0,221	-0,291	1,000	-1,898
172813,5748	-0,453	0,221	-0,291	1,000	-1,913
172813,5917	-0,453	0,221	-0,291	1,000	-1,900
172813,6246	-0,453	0,221	-0,291	1,000	-1,925
172813,6476	-0,453	0,221	-0,291	1,000	-1,924
172813,6536	-0,453	0,221	-0,291	1,000	-1,919
172813,6675	-0,453	0,221	-0,291	1,000	-1,870
