173100,3712	0,000	0,000	0,000
173100,4181	0,000	0,000	0,000
173100,5069	0,000	0,000	0,000
173100,5378	0,000	0,000	0,000
173100,5677	0,000	0,000	0,000
173100,6286	0,000	0,000	0,000
173100,6894	0,000	0,000	0,000
173100,8111	0,000	0,000	0,000
173100,8699	0,000	0,000	0,000
173100,9307	0,000	0,000	0,000
173100,9677	0,000	0,000	0,000
173101,0215	0,000	0,000	0,000
173101,1133	0,000	0,000	0,000
173101,1422	0,000	0,000	0,000
173101,1721	0,000	0,000	0,000
173101,2319	0,000	0,000	0,000
173101,2928	0,000	0,000	0,000
173101,4135	0,000	0,000	0,000
173101,4763	0,000	0,000	0,000
173101,5361	0,000	0,000	0,000
173101,5670	0,000	0,000	0,000
173101,6269	0,000	0,000	0,000
173101,7196	0,000	0,000	0,000
173101,7486	0,000	0,000	0,000
173101,7815	0,000	0,000	0,000
173101,8403	0,000	0,000	0,000
173101,9031	0,000	0,000	0,000
173102,0228	0,000	0,000	0,000
173102,0886	0,000	0,000	0,000
173102,1445	0,000	0,000	0,000
173102,1754	0,000	0,000	0,000
173102,2363	0,000	0,000	0,000
173102,3260	0,000	0,000	0,000
173102,3579	0,000	0,000	0,000
173102,3908	0,000	0,000	0,000
173102,4627	0,000	0,000	0,000
173102,5125	0,000	0,000	0,000
173102,6282	0,000	0,000	0,000
173102,8418	0,000	0,000	0,000
173103,1168	0,000	0,000	0,000
173103,1258	0,000	0,000	0,000
173103,1826	0,000	0,000	0,000
173103,2742	540,000	0,000	-513,000
173103,3090	621,000	0,000	-594,000
173103,3360	594,000	0,000	-648,000
173103,3948	648,000	0,000	-648,000
173103,4547	621,000	0,000	-675,000
173103,5815	621,000	0,000	-648,000
173103,6365	621,000	0,000	-621,000
173103,6984	567,000	0,000	-648,000
173103,7334	621,000	0,000	-648,000
173103,7912	621,000	0,000	-675,000
173103,8821	675,000	0,000	-702,000
173103,9120	648,000	0,000	-648,000
173103,9410	621,000	0,000	-621,000
173104,0060	648,000	0,000	-648,000
173104,0629	648,000	0,000	-621,000
173104,1981	594,000	0,000	-648,000
173104,2485	648,000	0,000	-648,000
173104,3093	675,000	0,000	-648,000
173104,3425	648,000	0,000	-648,000
173104,3993	621,000	0,000	-675,000
173104,4890	621,000	0,000	-648,000
173104,5208	648,000	0,000	-621,000
173104,5508	648,000	0,000	-648,000
173104,6106	675,000	0,000	-621,000
173104,6725	648,000	0,000	-675,000
173104,7918	594,000	0,000	-621,000
173104,8559	621,000	0,000	-621,000
173104,9144	648,000	0,000	-648,000
173104,9444	621,000	0,000	-621,000
173105,0069	621,000	0,000	-675,000
173105,1037	621,000	0,000	-648,000
173105,1279	648,000	0,000	-702,000
173105,1578	621,000	27,000	-621,000
173105,2200	648,000	0,000	-648,000
173105,2809	621,000	0,000	-621,000
173105,4352	621,000	0,000	-648,000
173105,4891	621,000	0,000	-621,000
173105,5509	621,000	0,000	-675,000
173105,5808	621,000	0,000	-648,000
173105,6407	621,000	0,000	-675,000
173105,7414	621,000	0,000	-675,000
173105,7653	648,000	0,000	-648,000
173105,7963	648,000	0,000	-702,000
173105,8571	594,000	0,000	-648,000
173105,9159	621,000	0,000	-621,000
173106,0396	648,000	0,000	-621,000
173106,0994	648,000	0,000	-648,000
173106,1593	621,000	0,000	-621,000
173106,1902	648,000	0,000	-621,000
173106,2520	675,000	0,000	-702,000
173106,3448	675,000	0,000	-648,000
173106,3747	621,000	0,000	-621,000
173106,4036	594,000	-27,000	-621,000
173106,4684	675,000	0,000	-648,000
173106,5283	648,000	0,000	-675,000
173106,6470	648,000	0,000	-648,000
173106,7138	621,000	0,000	-675,000
173106,7896	621,000	0,000	-621,000
173106,8105	621,000	0,000	-621,000
173106,8614	594,000	0,000	-621,000
173106,9532	648,000	0,000	-648,000
173106,9801	621,000	0,000	-648,000
173107,0130	621,000	0,000	-702,000
173107,0698	621,000	0,000	-648,000
173107,1317	594,000	0,000	-621,000
173107,2534	621,000	0,000	-648,000
173107,3142	648,000	0,000	-648,000
173107,3760	648,000	0,000	-648,000
173107,4060	621,000	0,000	-648,000
173107,4688	648,000	0,000	-648,000
173107,5605	648,000	0,000	-702,000
173107,5904	594,000	0,000	-594,000
173107,6204	621,000	0,000	-621,000
173107,6812	621,000	27,000	-621,000
173107,7431	648,000	-27,000	-675,000
173107,9904	621,000	0,000	-648,000
173108,3932	648,000	27,000	-648,000
173108,4291	621,000	0,000	-675,000
173108,4588	621,000	0,000	-621,000
173108,5195	621,000	0,000	-648,000
173108,6095	621,000	0,000	-621,000
173108,6424	648,000	0,000	-675,000
173108,6773	648,000	27,000	-675,000
173108,7309	648,000	0,000	-648,000
173108,7960	648,000	-27,000	-621,000
173108,9137	621,000	0,000	-648,000
173108,9736	648,000	0,000	-648,000
173109,0337	675,000	0,000	-621,000
173109,0636	648,000	0,000	-648,000
173109,1236	621,000	0,000	-621,000
173109,2139	594,000	0,000	-675,000
173109,2458	621,000	0,000	-621,000
173109,2757	648,000	0,000	-648,000
173109,3364	621,000	-27,000	-648,000
173109,3984	648,000	0,000	-621,000
173109,5229	648,000	0,000	-675,000
173109,5820	648,000	0,000	-648,000
173109,6438	648,000	0,000	-648,000
173109,6750	621,000	0,000	-675,000
173109,7368	648,000	0,000	-621,000
173110,0026	621,000	0,000	-621,000
173110,0335	216,000	27,000	-243,000
173110,0644	675,000	0,000	-729,000
173110,1283	621,000	0,000	-648,000
173110,1861	648,000	0,000	-648,000
173110,3097	648,000	0,000	-621,000
173110,3655	594,000	0,000	-729,000
173110,4282	648,000	0,000	-648,000
173110,4661	621,000	0,000	-648,000
173110,5183	648,000	0,000	-621,000
173110,6109	621,000	0,000	-675,000
173110,6389	648,000	0,000	-621,000
173110,6691	621,000	0,000	-648,000
173110,7314	648,000	27,000	-648,000
173110,7943	621,000	0,000	-621,000
173110,9110	648,000	0,000	-621,000
173110,9758	621,000	0,000	-702,000
173111,0337	594,000	0,000	-621,000
173111,0636	648,000	0,000	-702,000
173111,1254	648,000	0,000	-648,000
173111,2152	594,000	0,000	-621,000
173111,2471	621,000	0,000	-621,000
173111,2770	621,000	0,000	-675,000
173111,3379	675,000	0,000	-621,000
173111,4346	594,000	0,000	-648,000
173111,5563	621,000	0,000	-648,000
173111,6221	621,000	0,000	-675,000
173111,6770	648,000	0,000	-621,000
173111,7069	648,000	0,000	-621,000
173111,7667	648,000	0,000	-675,000
173111,8675	594,000	0,000	-675,000
173111,8884	621,000	0,000	-675,000
173111,9213	621,000	0,000	-648,000
173111,9802	621,000	0,000	-648,000
173112,0440	621,000	0,000	-648,000
173112,1627	621,000	0,000	-621,000
173112,2285	648,000	0,000	-675,000
173112,2853	621,000	0,000	-675,000
173112,3143	594,000	0,000	-648,000
173112,3811	621,000	0,000	-621,000
173112,4649	648,000	0,000	-621,000
173112,4968	675,000	0,000	-621,000
173112,5267	621,000	0,000	-648,000
173112,5855	675,000	0,000	-648,000
173112,6484	648,000	0,000	-621,000
173112,7690	621,000	0,000	-621,000
173112,8369	648,000	0,000	-594,000
173112,8957	648,000	0,000	-702,000
173112,9216	675,000	0,000	-621,000
173112,9835	621,000	0,000	-648,000
173113,0802	621,000	27,000	-675,000
173113,2288	648,000	0,000	-648,000
173113,2667	648,000	0,000	-648,000
173113,4630	648,000	0,000	-621,000
173113,4989	621,000	0,000	-621,000
173113,6189	594,000	0,000	-648,000
173113,6840	648,000	0,000	-621,000
173113,7399	621,000	0,000	-621,000
173113,7689	621,000	0,000	-648,000
173113,8307	648,000	27,000	-621,000
173113,9221	648,000	0,000	-675,000
173113,9505	648,000	0,000	-621,000
173113,9834	648,000	0,000	-702,000
173114,0453	621,000	0,000	-648,000
173114,1042	648,000	0,000	-648,000
173114,2269	621,000	0,000	-621,000
173114,2877	621,000	0,000	-621,000
173114,5473	702,000	0,000	-621,000
173114,5535	648,000	0,000	-648,000
173114,6104	648,000	0,000	-621,000
173114,7017	621,000	0,000	-675,000
173114,7337	648,000	0,000	-621,000
173114,7655	648,000	0,000	-648,000
173114,8261	621,000	0,000	-594,000
173114,8841	648,000	0,000	-621,000
173115,0119	648,000	0,000	-675,000
173115,0748	621,000	0,000	-621,000
173115,1258	648,000	0,000	-621,000
173115,1557	648,000	0,000	-675,000
173115,2147	621,000	0,000	-648,000
173115,3060	648,000	0,000	-675,000
173115,3379	648,000	0,000	-648,000
173115,3698	621,000	-27,000	-675,000
173115,4306	621,000	0,000	-648,000
173115,4896	54,000	0,000	-27,000
173115,6129	-27,000	0,000	0,000
173115,6758	0,000	0,000	0,000
173115,7397	0,000	0,000	0,000
173115,7658	0,000	0,000	0,000
173115,8264	0,000	0,000	0,000
173115,9165	0,000	0,000	0,000
173115,9514	0,000	0,000	0,000
173115,9794	0,000	0,000	0,000
173116,0422	0,000	0,000	0,000
173116,1020	0,000	0,000	0,000
173116,2227	0,000	0,000	0,000
173116,2836	0,000	0,000	0,000
173116,3434	0,000	0,000	0,000
173116,3763	0,000	0,000	0,000
173116,4361	0,000	0,000	0,000
173116,5279	0,000	0,000	0,000
173116,5608	0,000	0,000	0,000
173116,5867	0,000	0,000	0,000
173116,6516	0,000	0,000	0,000
173116,7144	0,000	0,000	0,000
173116,8371	0,000	0,000	0,000
173116,8929	0,000	0,000	0,000
173116,9538	0,000	0,000	0,000
173116,9957	0,000	0,000	0,000
173117,0485	0,000	0,000	0,000
173117,1353	0,000	0,000	0,000
173117,1762	0,000	0,000	0,000
173117,1951	0,000	0,000	0,000
173117,2570	0,000	0,000	0,000
173117,3168	0,000	0,000	0,000
173117,4395	0,000	0,000	0,000
173117,5003	0,000	0,000	0,000
173117,5611	0,000	0,000	0,000
173117,5931	0,000	0,000	0,000
173117,6539	0,000	0,000	0,000
173117,7427	0,000	0,000	0,000
173117,8015	0,000	0,000	0,000
173117,8334	0,000	0,000	0,000
173117,8923	0,000	0,000	0,000
173117,9541	0,000	0,000	0,000
173118,1915	0,000	0,000	0,000
173118,4827	0,000	0,000	0,000
173118,6241	0,000	0,000	0,000
173118,6281	0,000	0,000	0,000
173118,8024	0,000	0,000	0,000
173118,9635	0,000	0,000	0,000
173119,1089	0,000	0,000	0,000
173119,1249	0,000	0,000	0,000
173119,2777	0,000	0,000	0,000
173119,4308	0,000	0,000	0,000
173119,5269	0,000	0,000	0,000
173119,5885	0,000	0,000	0,000
173119,7540	0,000	0,000	0,000
173119,7722	0,000	0,000	0,000
173119,8223	0,000	0,000	0,000
173119,9132	0,000	0,000	0,000
173119,9768	0,000	0,000	0,000
173120,0092	0,000	0,000	0,000
173120,0671	0,000	0,000	0,000
173120,1251	0,000	0,000	0,000
173120,2480	0,000	0,000	0,000
173120,3060	0,000	0,000	0,000
173120,3668	0,000	0,000	0,000
173120,3967	0,000	0,000	0,000
173120,4586	0,000	0,000	0,000
173120,5507	0,000	0,000	0,000
173120,6257	0,000	0,000	0,000
173120,6596	0,000	0,000	0,000
173120,7188	0,000	0,000	0,000
173120,7801	0,000	0,000	0,000
173120,9026	0,000	0,000	0,000
173120,9682	0,000	0,000	0,000
173121,0251	0,000	0,000	0,000
173121,0551	0,000	0,000	0,000
173121,1140	0,000	0,000	0,000
173121,2062	0,000	0,000	0,000
173121,2730	0,000	0,000	0,000
173121,2989	0,000	0,000	0,000
173121,3588	0,000	0,000	0,000
173121,4246	0,000	0,000	0,000
173121,5463	0,000	0,000	0,000
173121,6081	0,000	0,000	0,000
173121,8096	0,000	0,000	0,000
173121,8415	0,000	0,000	0,000
173121,9133	0,000	0,000	0,000
173121,9971	0,000	0,000	0,000
173122,0629	0,000	0,000	0,000
173122,0839	0,000	0,000	0,000
173122,1447	0,000	0,000	0,000
173122,2045	0,000	0,000	0,000
173122,3282	0,000	0,000	0,000
173122,3880	0,000	0,000	0,000
173122,4469	0,000	0,000	0,000
173122,4778	0,000	0,000	0,000
173122,5376	0,000	0,000	0,000
173122,6354	0,000	0,000	0,000
173122,6922	0,000	0,000	0,000
173122,7281	0,000	0,000	0,000
173122,7840	0,000	0,000	0,000
173122,8448	0,000	0,000	0,000
173122,9705	0,000	0,000	0,000
173123,0283	0,000	0,000	0,000
173123,0912	0,000	0,000	0,000
173123,1231	0,000	0,000	0,000
173123,1849	0,000	0,000	0,000
173123,2747	0,000	0,000	0,000
173123,3345	0,000	0,000	0,000
173123,3644	0,000	0,000	0,000
173123,4253	0,000	0,000	0,000
173123,6546	0,000	0,000	0,000
173123,9089	0,000	0,000	0,000
173123,9667	0,000	0,000	0,000
173124,0268	0,000	0,000	0,000
173124,0617	0,000	0,000	0,000
173124,1207	0,000	0,000	0,000
173124,2114	0,000	0,000	0,000
173124,2703	0,000	0,000	0,000
173124,3012	0,000	0,000	0,000
173124,3611	0,000	0,000	0,000
173124,4229	0,000	0,000	0,000
173124,5417	0,000	0,000	0,000
173124,6066	0,000	0,000	0,000
173124,6754	0,000	0,000	0,000
173124,6964	0,000	0,000	0,000
173124,7560	0,000	0,000	0,000
173124,8448	0,000	0,000	0,000
173124,9087	0,000	0,000	0,000
173124,9366	0,000	0,000	0,000
173124,9966	0,000	0,000	0,000
173125,0583	0,000	0,000	0,000
173125,1800	0,000	0,000	0,000
173125,2439	0,000	0,000	0,000
173125,3150	0,000	0,000	0,000
173125,3350	0,000	0,000	0,000
173125,4003	0,000	0,000	0,000
173125,4858	0,000	0,000	0,000
173125,5480	0,000	0,000	0,000
173125,5760	0,000	0,000	0,000
173125,6417	0,000	0,000	0,000
173125,7009	0,000	0,000	0,000
173125,8191	0,000	0,000	0,000
173125,8793	0,000	0,000	0,000
173125,9401	0,000	0,000	0,000
173125,9720	0,000	0,000	0,000
173126,0359	0,000	0,000	0,000
173126,1257	0,000	0,000	0,000
173126,1911	0,000	0,000	0,000
173126,2195	0,000	0,000	0,000
173126,2804	0,000	0,000	0,000
173126,3396	0,000	0,000	0,000
173126,4633	0,000	0,000	0,000
173126,5281	0,000	0,000	0,000
173126,6139	0,000	0,000	0,000
173126,6179	0,000	0,000	0,000
173126,6827	0,000	0,000	0,000
173126,7755	0,000	0,000	0,000
173126,8353	0,000	0,000	0,000
173126,8692	0,000	0,000	0,000
173126,9261	0,000	0,000	0,000
173126,9849	0,000	0,000	0,000
173127,1076	0,000	0,000	0,000
173127,1704	0,000	0,000	0,000
173127,2272	0,000	0,000	0,000
173127,2572	0,000	0,000	0,000
173127,3170	0,000	0,000	0,000
173127,4098	0,000	0,000	0,000
173127,4676	0,000	0,000	0,000
173127,4955	0,000	0,000	0,000
173127,5574	0,000	0,000	0,000
173127,6182	0,000	0,000	0,000
173127,7419	0,000	0,000	0,000
173127,8017	0,000	0,000	0,000
173127,8755	0,000	0,000	0,000
173127,8955	0,000	0,000	0,000
173127,9553	0,000	0,000	0,000
173128,0441	0,000	0,000	0,000
173128,1039	0,000	0,000	0,000
173128,1338	0,000	0,000	0,000
173128,1927	0,000	0,000	0,000
173128,2575	0,000	0,000	0,000
173128,3762	0,000	0,000	0,000
173128,7352	0,000	0,000	0,000
173128,7980	0,000	0,000	0,000
173128,8100	0,000	0,000	0,000
173128,8655	0,000	0,000	0,000
173128,9590	0,000	0,000	0,000
173129,0213	0,000	0,000	0,000
173129,0502	0,000	0,000	0,000
173129,1099	0,000	0,000	0,000
173129,1710	0,000	0,000	0,000
173129,2948	0,000	0,000	0,000
173129,3536	0,000	0,000	0,000
173129,4157	0,000	0,000	0,000
173129,4426	0,000	0,000	0,000
173129,5035	0,000	0,000	0,000
173129,5973	0,000	0,000	0,000
173129,6581	0,000	0,000	0,000
173129,6860	0,000	0,000	0,000
173129,7479	0,000	0,000	0,000
173129,8088	0,000	0,000	0,000
173129,9324	0,000	0,000	0,000
173129,9904	0,000	0,000	0,000
173130,0508	0,000	0,000	0,000
173130,0801	0,000	0,000	0,000
173130,1413	0,000	0,000	0,000
173130,2357	0,000	0,000	0,000
173130,2938	0,000	0,000	0,000
173130,3261	0,000	0,000	0,000
173130,3830	0,000	0,000	0,000
173130,4506	0,000	0,000	0,000
173130,5670	0,000	0,000	0,000
173130,6268	0,000	0,000	0,000
173130,6847	0,000	0,000	0,000
173130,7158	0,000	0,000	0,000
173130,7812	0,000	0,000	0,000
173130,8695	0,000	0,000	0,000
173130,9367	0,000	0,000	0,000
173130,9657	0,000	0,000	0,000
173131,0225	0,000	0,000	0,000
173131,0873	0,000	0,000	0,000
173131,2055	0,000	0,000	0,000
173131,2661	0,000	0,000	0,000
173131,3278	0,000	0,000	0,000
173131,3577	0,000	0,000	0,000
173131,4176	0,000	0,000	0,000
173131,5133	0,000	0,000	0,000
173131,5706	0,000	0,000	0,000
173131,6025	0,000	0,000	0,000
173131,6633	0,000	0,000	0,000
173131,7342	0,000	0,000	0,000
173131,8459	0,000	0,000	0,000
173131,9057	0,000	0,000	0,000
173131,9655	0,000	0,000	0,000
173131,9965	0,000	0,000	0,000
