122050,0342	0,000	0,000	0,000
122050,0931	0,000	0,000	0,000
122050,1540	0,000	0,000	0,000
122050,2173	0,000	0,000	0,000
122050,2834	0,000	0,000	0,000
122050,3447	0,000	0,000	0,000
122050,4021	0,000	0,000	0,000
122050,4590	0,000	0,000	0,000
122050,5278	0,000	0,000	0,000
122050,5806	0,000	0,000	0,000
122050,6495	0,000	0,000	0,000
122050,7043	0,000	0,000	0,000
122050,7627	0,000	0,000	0,000
122050,8258	0,000	0,000	0,000
122050,8884	0,000	0,000	0,000
122050,9487	0,000	0,000	0,000
122051,0111	0,000	0,000	0,000
122051,0725	0,000	0,000	0,000
122051,1344	0,000	0,000	0,000
122051,1966	0,000	0,000	0,000
122051,2545	0,000	0,000	0,000
122051,3163	0,000	0,000	0,000
122051,3752	0,000	0,000	0,000
122051,4347	0,000	0,000	0,000
122051,4981	0,000	0,000	0,000
122051,5659	0,000	0,000	0,000
122051,6181	0,000	0,000	0,000
122051,6813	-621,000	0,000	648,000
122051,7403	-594,000	27,000	621,000
122051,8002	-621,000	-27,000	648,000
122051,8612	-675,000	0,000	621,000
122051,9243	-621,000	0,000	675,000
122051,9816	-621,000	-27,000	675,000
122052,0435	-621,000	0,000	594,000
122052,1053	-675,000	0,000	675,000
122052,1680	-648,000	0,000	621,000
122052,2478	-621,000	-27,000	648,000
122052,3004	-648,000	0,000	621,000
122052,3514	-621,000	0,000	621,000
122052,4109	-675,000	0,000	648,000
122052,4779	-621,000	0,000	621,000
122052,5388	-648,000	0,000	621,000
122052,5946	-648,000	0,000	648,000
122052,6574	-648,000	27,000	675,000
122052,7183	-648,000	-27,000	648,000
122052,7781	-621,000	0,000	648,000
122052,8380	-648,000	0,000	621,000
122052,8988	-621,000	0,000	648,000
122052,9596	-621,000	0,000	675,000
122053,0215	-648,000	0,000	621,000
122053,0783	-621,000	0,000	621,000
122053,1521	-621,000	0,000	675,000
122053,2020	-594,000	0,000	621,000
122053,2608	-648,000	0,000	675,000
122053,3227	-621,000	0,000	648,000
122053,3825	-648,000	0,000	648,000
122053,4433	-270,000	-729,000	999,000
122053,5211	-243,000	-810,000	999,000
122053,5650	-216,000	-729,000	999,000
122053,6268	-243,000	-702,000	1080,000
122053,6877	-243,000	-783,000	1053,000
122053,7495	-243,000	-729,000	999,000
122053,8094	-270,000	-729,000	1053,000
122053,8722	-243,000	-729,000	1053,000
122053,9290	324,000	-702,000	432,000
122054,0896	351,000	-729,000	351,000
122054,1358	351,000	-729,000	378,000
122054,1926	378,000	-729,000	351,000
122054,2474	378,000	-729,000	351,000
122054,3073	351,000	-783,000	378,000
122054,3681	378,000	-702,000	351,000
122054,4298	324,000	-783,000	351,000
122054,4914	351,000	-729,000	324,000
122054,5496	351,000	-783,000	351,000
122054,6101	351,000	-756,000	351,000
122054,6713	351,000	-756,000	324,000
122054,7326	351,000	-702,000	378,000
122054,7960	378,000	-702,000	351,000
122054,8526	351,000	-729,000	351,000
122054,9143	351,000	-729,000	351,000
122054,9751	351,000	-756,000	351,000
122055,0358	351,000	-756,000	378,000
122055,0966	945,000	-756,000	-81,000
122055,1668	945,000	-729,000	-243,000
122055,2215	1026,000	-810,000	-324,000
122055,2825	702,000	-54,000	-648,000
122055,3424	594,000	0,000	-648,000
122055,4043	621,000	0,000	-621,000
122055,4662	621,000	0,000	-648,000
122055,5246	648,000	0,000	-675,000
122055,5838	648,000	0,000	-675,000
122055,6458	621,000	0,000	-675,000
122055,7050	648,000	0,000	-729,000
122055,7704	648,000	0,000	-621,000
122055,8253	621,000	0,000	-648,000
122055,8871	621,000	0,000	-621,000
122055,9460	648,000	0,000	-648,000
122056,0069	621,000	0,000	-648,000
122056,0749	621,000	27,000	-621,000
122056,1294	648,000	27,000	-648,000
122056,1934	621,000	0,000	-621,000
122056,2694	621,000	0,000	-648,000
122056,3323	648,000	0,000	-675,000
122056,3950	621,000	0,000	-648,000
122056,6588	621,000	0,000	-702,000
122056,7046	621,000	0,000	-621,000
122056,7538	567,000	0,000	-567,000
122056,8133	621,000	0,000	-594,000
122056,8746	621,000	0,000	-675,000
122056,9338	594,000	0,000	-621,000
122057,0073	648,000	0,000	-621,000
122057,0561	675,000	0,000	-702,000
122057,1156	648,000	0,000	-621,000
122057,1774	594,000	0,000	-648,000
122057,2365	621,000	0,000	-621,000
122057,2968	648,000	0,000	-675,000
122057,3567	621,000	0,000	-648,000
122057,4195	621,000	-27,000	-648,000
122057,4784	621,000	-27,000	-648,000
122057,5391	621,000	0,000	-675,000
122057,6000	648,000	0,000	-648,000
122057,6618	621,000	0,000	-648,000
122057,7269	648,000	0,000	-648,000
122057,7838	594,000	0,000	-675,000
122057,8456	621,000	0,000	-648,000
122057,9045	648,000	0,000	-648,000
122057,9663	324,000	756,000	-918,000
122058,0262	270,000	702,000	-999,000
122058,0890	243,000	756,000	-999,000
122058,1479	243,000	756,000	-1080,000
122058,2137	270,000	702,000	-999,000
122058,2715	270,000	729,000	-1080,000
122058,3304	216,000	729,000	-1107,000
122058,3942	270,000	702,000	-999,000
122058,4510	243,000	756,000	-999,000
122058,5139	243,000	702,000	-999,000
122058,5717	243,000	783,000	-1026,000
122058,6405	243,000	729,000	-999,000
122058,6934	270,000	702,000	-1026,000
122058,7532	270,000	756,000	-999,000
122058,8151	243,000	756,000	-1026,000
122058,8769	243,000	756,000	-1026,000
122058,9367	243,000	729,000	-1026,000
122058,9966	243,000	729,000	-999,000
122059,0594	243,000	729,000	-1026,000
122059,1661	243,000	729,000	-1026,000
122059,2669	243,000	729,000	-999,000
122059,3178	243,000	729,000	-1026,000
122059,3772	243,000	702,000	-1026,000
122059,4463	270,000	756,000	-999,000
122059,5021	243,000	729,000	-1080,000
122059,5601	216,000	675,000	-999,000
122059,6250	270,000	729,000	-1053,000
122059,6809	243,000	729,000	-999,000
122059,7439	270,000	756,000	-999,000
122059,8072	243,000	783,000	-1026,000
122059,8656	-324,000	702,000	-405,000
122059,9312	-351,000	702,000	-324,000
122059,9873	-351,000	675,000	-351,000
122100,0467	-378,000	756,000	-351,000
122100,1069	-351,000	729,000	-324,000
122100,1667	-378,000	756,000	-378,000
122100,2296	-351,000	756,000	-351,000
122100,2894	-324,000	756,000	-351,000
122100,3493	-351,000	675,000	-351,000
122100,4113	-351,000	729,000	-351,000
122100,4781	-351,000	729,000	-351,000
122100,5383	-351,000	702,000	-351,000
122100,6022	-324,000	756,000	-378,000
122100,6563	-324,000	702,000	-405,000
122100,7168	-351,000	702,000	-351,000
122100,7789	-324,000	729,000	-378,000
122100,8407	-351,000	675,000	-324,000
122100,9014	-351,000	729,000	-324,000
122100,9621	-378,000	702,000	-378,000
122101,0246	-351,000	729,000	-378,000
122101,0967	-351,000	756,000	-351,000
122101,1446	-351,000	702,000	-378,000
122101,2074	-324,000	756,000	-351,000
122101,4477	-351,000	756,000	-351,000
122101,5084	-351,000	756,000	-351,000
122101,5661	-351,000	702,000	-378,000
122101,6251	-351,000	729,000	-378,000
122101,6933	-351,000	702,000	-405,000
122101,7472	-324,000	729,000	-378,000
122101,8100	-378,000	729,000	-324,000
122101,8686	-324,000	756,000	-378,000
122101,9296	-351,000	756,000	-405,000
122101,9935	-324,000	675,000	-378,000
122102,0611	-324,000	729,000	-378,000
122102,1143	-972,000	756,000	189,000
122102,1751	-972,000	702,000	243,000
122102,2362	-999,000	756,000	270,000
122102,2952	-999,000	756,000	270,000
122102,3569	-999,000	702,000	243,000
122102,4187	-999,000	702,000	243,000
122102,4766	-1026,000	756,000	297,000
122102,5395	-972,000	729,000	243,000
122102,6013	-1026,000	702,000	243,000
122102,6607	-999,000	702,000	243,000
122102,7212	-999,000	702,000	243,000
122102,7837	-999,000	756,000	297,000
122102,8428	-999,000	756,000	270,000
122102,9050	-999,000	729,000	243,000
122102,9638	-999,000	702,000	270,000
122103,0237	-1026,000	702,000	243,000
122103,0867	-999,000	729,000	243,000
122103,1475	-972,000	702,000	270,000
122103,2103	-1026,000	729,000	270,000
122103,2712	-999,000	756,000	270,000
122103,3330	-972,000	783,000	270,000
122103,3958	-999,000	702,000	243,000
122103,4577	-1026,000	702,000	270,000
122103,5165	-999,000	729,000	216,000
122103,5773	-999,000	729,000	270,000
122103,6392	-648,000	81,000	675,000
122103,7050	-621,000	0,000	648,000
122103,7668	-621,000	0,000	648,000
122103,8207	-621,000	0,000	621,000
122103,8815	-648,000	0,000	648,000
122103,9454	-621,000	0,000	675,000
122104,0062	-648,000	0,000	648,000
122104,0720	-621,000	0,000	621,000
122104,1289	-648,000	0,000	702,000
122104,1877	-621,000	0,000	621,000
122104,2515	-675,000	0,000	729,000
122104,3114	-648,000	0,000	702,000
122104,4181	-621,000	0,000	648,000
122104,5029	-648,000	0,000	675,000
122104,5368	-621,000	0,000	648,000
122104,6007	-675,000	0,000	648,000
122104,6708	-621,000	0,000	648,000
122104,7230	-648,000	0,000	702,000
122104,7797	-648,000	0,000	675,000
122104,8435	-621,000	0,000	675,000
122104,9044	-648,000	0,000	621,000
122104,9642	-648,000	0,000	594,000
122105,0281	-675,000	0,000	648,000
122105,0869	-648,000	0,000	621,000
122105,1447	-621,000	0,000	648,000
122105,2069	-621,000	0,000	648,000
122105,2715	-648,000	0,000	648,000
122105,3298	-648,000	27,000	648,000
122105,3917	-621,000	0,000	675,000
122105,4486	-648,000	0,000	648,000
122105,5087	0,000	0,000	54,000
122105,5706	459,000	459,000	513,000
122105,6365	486,000	486,000	486,000
122105,6986	486,000	459,000	486,000
122105,7541	459,000	540,000	486,000
122105,8155	486,000	513,000	459,000
122105,8766	486,000	486,000	486,000
122105,9398	486,000	540,000	486,000
122106,0061	486,000	405,000	486,000
122106,0557	486,000	486,000	486,000
122106,1176	540,000	486,000	459,000
122106,1814	459,000	486,000	459,000
122106,2395	486,000	459,000	513,000
122106,2995	513,000	486,000	486,000
122106,3633	486,000	486,000	513,000
122106,4212	486,000	486,000	486,000
122106,4825	486,000	513,000	486,000
122106,5423	486,000	459,000	513,000
122106,6059	0,000	-27,000	0,000
122106,6714	-621,000	0,000	621,000
122106,7269	-540,000	-27,000	594,000
122106,7904	-648,000	27,000	648,000
122106,8465	-648,000	0,000	621,000
122106,9080	-621,000	-27,000	648,000
122106,9696	-648,000	0,000	648,000
122107,0345	-648,000	0,000	675,000
122107,0913	-648,000	27,000	621,000
122107,1522	-648,000	0,000	675,000
122107,2127	-621,000	-27,000	621,000
122107,2743	-621,000	0,000	675,000
122107,3351	-648,000	27,000	621,000
122107,3952	-648,000	0,000	702,000
122107,4557	-648,000	-27,000	594,000
122107,5167	-648,000	0,000	594,000
122107,5795	-648,000	27,000	621,000
122107,6398	-702,000	0,000	621,000
122107,6998	-621,000	0,000	621,000
122107,7627	-675,000	0,000	648,000
122107,8205	-648,000	27,000	648,000
122107,8834	-648,000	0,000	675,000
122107,9442	-621,000	0,000	648,000
122108,0032	-594,000	0,000	702,000
122108,0641	-648,000	27,000	648,000
122108,1260	-621,000	0,000	648,000
122108,7672	-648,000	0,000	621,000
122108,8021	0,000	0,000	0,000
122108,8630	-621,000	0,000	621,000
122108,9228	-594,000	0,000	567,000
122108,9837	-648,000	0,000	648,000
122109,0475	-162,000	486,000	1134,000
122109,1083	-135,000	459,000	1107,000
122109,1682	-135,000	486,000	1188,000
122109,2290	-135,000	486,000	1188,000
122109,3148	-135,000	513,000	1134,000
122109,4065	-162,000	513,000	1107,000
122109,4434	-135,000	486,000	1107,000
122109,5043	-135,000	486,000	1080,000
122109,5666	-162,000	486,000	1134,000
122109,6284	-162,000	459,000	1161,000
122109,6930	-162,000	513,000	1107,000
122109,7510	-108,000	486,000	1134,000
122109,8115	-108,000	486,000	1107,000
122109,8727	-135,000	513,000	1107,000
122109,9379	-135,000	486,000	1134,000
122110,0078	-108,000	513,000	1080,000
122110,0548	-135,000	540,000	1107,000
122110,1159	-162,000	513,000	1107,000
122110,1868	-135,000	486,000	1188,000
122110,2356	-621,000	81,000	756,000
122110,2954	-621,000	-27,000	648,000
122110,3661	-621,000	0,000	621,000
122110,4177	-621,000	0,000	702,000
122110,4807	-621,000	0,000	648,000
122110,5545	-621,000	0,000	702,000
122110,6107	-648,000	0,000	729,000
122110,6636	-621,000	0,000	675,000
122110,7254	-648,000	0,000	648,000
122110,7882	-648,000	0,000	648,000
122110,8580	-648,000	0,000	675,000
122110,9118	-648,000	0,000	648,000
122110,9701	-648,000	0,000	621,000
122111,0294	-621,000	0,000	621,000
122111,0905	-621,000	0,000	648,000
122111,1524	-648,000	0,000	621,000
122111,2126	-648,000	0,000	675,000
122111,2743	-621,000	27,000	648,000
122111,3326	-648,000	0,000	675,000
122111,3935	-621,000	0,000	675,000
122111,4597	-648,000	0,000	648,000
122111,5155	-648,000	0,000	675,000
122111,5764	-648,000	0,000	648,000
122111,6432	-648,000	0,000	675,000
122111,6975	-621,000	0,000	675,000
122111,7586	-648,000	27,000	567,000
122111,8210	-648,000	0,000	648,000
122111,8820	-675,000	0,000	648,000
122111,9415	-648,000	0,000	621,000
122112,0045	-621,000	0,000	621,000
122112,0673	-621,000	0,000	621,000
122112,1288	-648,000	0,000	702,000
122112,1917	-648,000	0,000	675,000
122112,2466	-648,000	0,000	648,000
122112,3105	-648,000	0,000	675,000
122112,3708	-648,000	0,000	702,000
122112,4279	-648,000	0,000	621,000
122112,4916	-648,000	0,000	702,000
122112,5518	-621,000	0,000	621,000
122112,6127	-648,000	-27,000	648,000
122112,6719	-648,000	0,000	675,000
122112,7383	-648,000	0,000	648,000
122112,7963	-648,000	0,000	648,000
122112,8562	-621,000	0,000	675,000
122112,9165	-648,000	0,000	675,000
122112,9778	-621,000	0,000	702,000
122113,0400	-648,000	0,000	648,000
122113,1009	-621,000	0,000	675,000
122113,1607	-648,000	0,000	729,000
122113,2227	-621,000	0,000	648,000
122113,2825	-648,000	0,000	648,000
122113,3434	-621,000	0,000	621,000
122113,4053	-621,000	0,000	648,000
122113,4661	-648,000	0,000	648,000
122113,5309	-621,000	0,000	702,000
122113,5928	-648,000	0,000	621,000
122113,6476	-648,000	0,000	729,000
122113,7075	-648,000	0,000	621,000
122113,7713	-648,000	27,000	675,000
122113,8281	-621,000	0,000	675,000
122113,8890	-648,000	0,000	648,000
122113,9568	-621,000	0,000	648,000
122114,0226	-621,000	0,000	621,000
122114,0735	-648,000	0,000	621,000
122114,1353	-675,000	0,000	648,000
122114,2131	-648,000	0,000	621,000
122114,2560	-621,000	27,000	675,000
122114,3148	-621,000	0,000	621,000
122114,3757	-648,000	0,000	648,000
122114,4355	-648,000	0,000	675,000
122114,5672	-648,000	0,000	648,000
122114,6290	-675,000	0,000	621,000
122114,6849	-648,000	0,000	648,000
122114,7458	-621,000	27,000	648,000
122114,8266	-648,000	0,000	621,000
122114,8694	-621,000	0,000	702,000
122114,9275	-648,000	0,000	621,000
122114,9894	-648,000	0,000	675,000
122115,0475	-621,000	-27,000	648,000
122115,1095	-648,000	-27,000	675,000
122115,1697	-621,000	0,000	648,000
122115,2415	-621,000	27,000	621,000
122115,2973	-648,000	0,000	621,000
122115,3532	-621,000	0,000	702,000
122115,4272	-648,000	0,000	648,000
122115,4764	-648,000	0,000	648,000
122115,5395	-648,000	0,000	648,000
122115,6045	-648,000	0,000	621,000
122115,6600	-648,000	0,000	648,000
122115,7205	-648,000	0,000	621,000
122115,7830	-648,000	0,000	648,000
122115,8478	-621,000	0,000	648,000
122115,9019	-648,000	-27,000	621,000
122115,9634	-621,000	0,000	648,000
122116,0242	-648,000	0,000	648,000
122116,0830	-675,000	0,000	621,000
122116,1471	-648,000	0,000	621,000
122116,2056	-648,000	0,000	675,000
122116,2658	-621,000	0,000	648,000
122116,3285	-648,000	0,000	675,000
122116,3951	-621,000	-27,000	648,000
122116,6598	-648,000	0,000	648,000
122116,6948	-648,000	0,000	621,000
122116,7546	-648,000	0,000	648,000
122116,8776	-621,000	0,000	729,000
122116,9134	-648,000	0,000	648,000
122116,9713	-648,000	0,000	621,000
122117,0324	-621,000	0,000	648,000
122117,0912	-648,000	0,000	675,000
122117,1529	-621,000	0,000	675,000
122117,2181	-648,000	0,000	675,000
122117,2756	-648,000	0,000	702,000
122117,3352	-621,000	0,000	621,000
122117,3962	-648,000	-27,000	648,000
122117,4546	-621,000	0,000	702,000
122117,5164	-648,000	0,000	621,000
122117,5794	-648,000	0,000	621,000
122117,6382	-621,000	0,000	648,000
122117,7002	-648,000	0,000	648,000
122117,7593	-648,000	0,000	621,000
122117,8217	-648,000	0,000	675,000
122117,8876	-621,000	-27,000	675,000
122117,9421	-648,000	0,000	648,000
122118,0028	-108,000	486,000	1134,000
122118,0683	-135,000	513,000	1161,000
122118,1231	-135,000	459,000	1134,000
122118,1867	-135,000	459,000	1080,000
122118,2436	-162,000	540,000	1188,000
122118,3064	-162,000	486,000	1107,000
122118,3672	-594,000	162,000	702,000
122118,4271	-675,000	0,000	648,000
122118,4879	-648,000	0,000	648,000
122118,5498	-621,000	0,000	621,000
122118,6106	-648,000	0,000	648,000
122118,6764	-648,000	0,000	648,000
122118,9148	-621,000	-27,000	621,000
122118,9746	-648,000	0,000	621,000
122119,0374	-621,000	0,000	648,000
122119,0963	-621,000	0,000	648,000
122119,1591	-648,000	0,000	648,000
122119,2180	-675,000	0,000	648,000
122119,2768	-621,000	0,000	621,000
122119,3366	-648,000	0,000	648,000
122119,3995	-621,000	0,000	648,000
122119,4583	-675,000	0,000	648,000
122119,5730	-621,000	0,000	648,000
122119,6732	-648,000	0,000	648,000
122119,7121	-648,000	0,000	621,000
122119,7789	-648,000	0,000	594,000
122119,8328	-621,000	0,000	675,000
122119,8946	-621,000	-27,000	621,000
122119,9575	-621,000	0,000	675,000
122120,0146	-648,000	0,000	675,000
122120,0777	-621,000	0,000	648,000
122120,1467	-621,000	0,000	648,000
122120,1972	-648,000	0,000	702,000
122120,2588	-621,000	0,000	621,000
122120,3198	-621,000	0,000	675,000
122120,3810	-621,000	0,000	621,000
122120,6453	-648,000	0,000	648,000
122120,6793	-648,000	0,000	621,000
122120,7377	-621,000	0,000	540,000
122120,8004	-648,000	0,000	621,000
122120,8608	-621,000	0,000	648,000
122120,9222	-594,000	0,000	675,000
122120,9819	-648,000	0,000	648,000
122121,0444	-621,000	0,000	675,000
122121,1081	-648,000	27,000	648,000
122121,1771	-648,000	0,000	648,000
122121,2211	-648,000	0,000	648,000
122121,2822	-621,000	0,000	594,000
122121,3430	-648,000	0,000	648,000
122121,4056	-621,000	0,000	621,000
122121,6696	-621,000	0,000	675,000
122121,7054	-621,000	0,000	675,000
122121,7655	432,000	-648,000	378,000
122121,8256	297,000	-648,000	324,000
122121,8865	351,000	-756,000	405,000
122121,9494	351,000	-729,000	351,000
122122,0120	324,000	-729,000	324,000
122122,0709	378,000	-729,000	378,000
122122,1317	351,000	-729,000	351,000
122122,1897	351,000	-729,000	378,000
122122,2499	351,000	-729,000	351,000
122122,3222	351,000	-729,000	378,000
122122,3729	351,000	-756,000	351,000
122122,4388	351,000	-702,000	351,000
122122,4955	351,000	-702,000	378,000
122122,5558	297,000	-729,000	351,000
122122,6184	351,000	-729,000	378,000
122122,6796	324,000	-756,000	351,000
122122,7364	351,000	-756,000	378,000
122122,8152	324,000	-756,000	351,000
122122,8581	324,000	-756,000	351,000
122122,9190	351,000	-702,000	324,000
122122,9825	351,000	-756,000	324,000
122123,0419	351,000	-729,000	351,000
122123,1037	351,000	-702,000	324,000
122123,1650	351,000	-702,000	351,000
122123,2245	351,000	-729,000	324,000
122123,2844	351,000	-783,000	378,000
122123,3474	324,000	-729,000	378,000
122123,4053	351,000	-702,000	351,000
122123,4661	297,000	-702,000	378,000
122123,5260	351,000	-729,000	351,000
122123,5898	324,000	-729,000	351,000
122123,6476	378,000	-729,000	378,000
122123,7085	324,000	-702,000	324,000
122123,7713	351,000	-756,000	351,000
122123,8331	324,000	-702,000	297,000
122123,8950	351,000	-729,000	324,000
122123,9518	351,000	-729,000	351,000
122124,0157	351,000	-702,000	378,000
122124,0775	378,000	-756,000	351,000
122124,1353	351,000	-729,000	378,000
122124,1952	-621,000	-27,000	621,000
122124,2610	-621,000	0,000	648,000
122124,3179	-621,000	27,000	648,000
122124,3777	-648,000	0,000	648,000
122124,4435	-648,000	0,000	648,000
122124,5004	-648,000	0,000	729,000
122124,5632	-648,000	27,000	621,000
122124,6270	-621,000	0,000	648,000
122124,6839	-621,000	-27,000	621,000
122124,7477	-648,000	0,000	648,000
122124,8973	-621,000	0,000	648,000
122124,9348	-621,000	0,000	648,000
122124,9906	-621,000	27,000	621,000
122125,0524	-648,000	27,000	702,000
122125,1153	-621,000	0,000	648,000
122125,1736	-648,000	0,000	648,000
122125,2355	-648,000	0,000	621,000
122125,2985	-648,000	0,000	621,000
122125,3581	-648,000	27,000	621,000
122125,4182	-648,000	0,000	702,000
122125,4774	-594,000	0,000	648,000
122125,5374	-648,000	0,000	621,000
122125,5995	-648,000	0,000	621,000
122125,6714	-621,000	-27,000	648,000
122125,7203	-621,000	0,000	648,000
122125,7812	-621,000	0,000	648,000
122125,8418	-648,000	0,000	621,000
122125,9026	-648,000	0,000	675,000
122125,9649	-621,000	0,000	594,000
122126,0263	-621,000	0,000	702,000
122126,0896	-675,000	27,000	594,000
122126,1476	-648,000	0,000	702,000
122126,2074	-648,000	0,000	702,000
122126,2678	-918,000	648,000	297,000
122126,3304	-999,000	675,000	270,000
122126,3891	-1026,000	702,000	243,000
122126,4523	-1026,000	729,000	270,000
122126,5107	-1053,000	702,000	243,000
122126,5696	-972,000	729,000	243,000
122126,6294	-972,000	729,000	243,000
122126,6941	-540,000	675,000	-297,000
122126,7522	-378,000	729,000	-324,000
122126,8264	-324,000	675,000	-351,000
122126,8728	-351,000	756,000	-378,000
122126,9354	-351,000	810,000	-351,000
122126,9955	-378,000	702,000	-324,000
122127,0548	-378,000	702,000	-378,000
122127,1169	-324,000	702,000	-378,000
122127,1780	-351,000	702,000	-351,000
122127,2378	-351,000	702,000	-351,000
122127,3020	-351,000	729,000	-378,000
122127,3599	-351,000	702,000	-378,000
122127,4228	-351,000	756,000	-351,000
122127,4867	-351,000	702,000	-351,000
122127,5439	-351,000	729,000	-324,000
122127,6034	-324,000	702,000	-378,000
122127,6648	-351,000	729,000	-378,000
122127,7265	-324,000	729,000	-351,000
122127,7875	-351,000	729,000	-351,000
122128,0241	-378,000	729,000	-378,000
122128,0820	-378,000	756,000	-405,000
122128,1446	-324,000	756,000	-351,000
122128,2038	-351,000	702,000	-351,000
122128,2638	-324,000	837,000	-351,000
122128,3312	-351,000	729,000	-378,000
122128,3879	-324,000	729,000	-378,000
122128,4481	-378,000	702,000	-351,000
122128,5084	-351,000	702,000	-378,000
122128,5731	-351,000	729,000	-351,000
122128,6318	-351,000	729,000	-351,000
122128,6929	-378,000	675,000	-351,000
122128,7607	-351,000	729,000	-378,000
122128,8135	-351,000	756,000	-324,000
122128,8724	-351,000	756,000	-351,000
122128,9332	-324,000	702,000	-351,000
122128,9940	-351,000	702,000	-324,000
122129,0529	-351,000	756,000	-405,000
122129,1137	-351,000	729,000	-378,000
122129,1756	-351,000	756,000	-351,000
122129,2384	-378,000	675,000	-378,000
122129,3002	-351,000	702,000	-351,000
122129,3591	-351,000	702,000	-351,000
122129,4199	-351,000	756,000	-351,000
122129,4817	-351,000	675,000	-378,000
122129,5446	-324,000	729,000	-351,000
122129,6064	-324,000	756,000	-351,000
122129,6653	648,000	54,000	-648,000
122129,7301	594,000	-27,000	-648,000
122129,7889	594,000	0,000	-648,000
122129,8478	675,000	-27,000	-648,000
122129,9086	648,000	-27,000	-648,000
122130,0722	621,000	0,000	-621,000
122130,1061	621,000	-27,000	-594,000
122130,1751	621,000	0,000	-621,000
122130,4120	0,000	0,000	0,000
122130,4752	243,000	-27,000	-297,000
122130,5365	621,000	0,000	-594,000
122130,5934	621,000	0,000	-675,000
122130,6589	621,000	0,000	-621,000
122130,7191	621,000	0,000	-648,000
122130,7741	621,000	-27,000	-648,000
122130,8348	621,000	0,000	-648,000
122130,8950	675,000	-27,000	-648,000
122130,9545	567,000	0,000	-621,000
122131,0153	675,000	27,000	-675,000
122131,0781	621,000	0,000	-621,000
122131,1417	621,000	0,000	-675,000
122131,1994	621,000	0,000	-648,000
122131,2605	621,000	27,000	-675,000
122131,3217	621,000	27,000	-621,000
122131,3838	648,000	0,000	-648,000
122131,4500	621,000	0,000	-648,000
122131,7049	675,000	0,000	-648,000
122131,7378	648,000	0,000	-648,000
122131,7989	621,000	0,000	-648,000
122131,8614	621,000	0,000	-702,000
122131,9244	648,000	-27,000	-675,000
122131,9804	621,000	0,000	-648,000
122132,0421	648,000	0,000	-648,000
122132,1017	621,000	0,000	-648,000
122132,1670	648,000	0,000	-648,000
122132,2252	648,000	0,000	-675,000
122132,2880	648,000	0,000	-675,000
122132,3460	621,000	-27,000	-675,000
122132,4080	648,000	-27,000	-729,000
122132,4742	648,000	0,000	-648,000
122132,5274	648,000	-27,000	-621,000
122132,5863	648,000	-27,000	-648,000
122132,6473	648,000	0,000	-648,000
122132,7083	621,000	0,000	-675,000
122132,7683	648,000	0,000	-675,000
122132,8364	621,000	0,000	-648,000
122132,8896	648,000	0,000	-675,000
122132,9497	675,000	0,000	-621,000
122133,0127	648,000	27,000	-621,000
122133,0723	648,000	0,000	-621,000
122133,1330	648,000	0,000	-648,000
122133,1935	621,000	-27,000	-648,000
122133,2563	621,000	0,000	-675,000
122133,3152	648,000	0,000	-621,000
122133,3760	621,000	0,000	-621,000
122133,4348	648,000	0,000	-675,000
122133,4997	621,000	-27,000	-648,000
122133,5585	648,000	0,000	-621,000
122133,6204	648,000	0,000	-675,000
122133,6812	594,000	0,000	-648,000
122133,7450	648,000	0,000	-648,000
122133,8049	648,000	0,000	-648,000
122133,8657	621,000	0,000	-621,000
122133,9255	648,000	-27,000	-675,000
122133,9864	621,000	0,000	-648,000
122134,0472	378,000	-729,000	351,000
122134,1130	324,000	-729,000	324,000
122134,1699	378,000	-729,000	378,000
122134,2317	351,000	-729,000	378,000
122134,2936	351,000	-756,000	351,000
122134,3524	351,000	-675,000	378,000
122134,4132	351,000	-702,000	351,000
122134,4741	378,000	-756,000	351,000
122134,5309	351,000	-702,000	351,000
122134,5947	351,000	-729,000	378,000
122134,6526	351,000	-702,000	378,000
122134,7144	351,000	-729,000	378,000
122134,7773	351,000	-729,000	378,000
122134,8351	378,000	-756,000	351,000
122134,8949	351,000	-702,000	351,000
122135,0505	324,000	-702,000	378,000
122135,0971	351,000	-756,000	378,000
122135,1463	351,000	-729,000	351,000
122135,2076	351,000	-702,000	351,000
122135,2678	324,000	-702,000	324,000
122135,3272	351,000	-756,000	378,000
122135,3911	351,000	-756,000	351,000
122135,4492	324,000	-702,000	405,000
122135,5130	324,000	-756,000	378,000
122135,5698	324,000	-702,000	405,000
122135,6326	351,000	-729,000	351,000
122135,6965	351,000	-675,000	351,000
122135,7542	378,000	-702,000	378,000
122135,8151	351,000	-702,000	351,000
122135,8753	351,000	-675,000	378,000
122135,9358	351,000	-729,000	351,000
122135,9961	351,000	-756,000	351,000
122136,0578	351,000	-729,000	378,000
122136,1173	297,000	-675,000	351,000
122136,1780	378,000	-729,000	351,000
122136,2396	351,000	-702,000	378,000
122136,2994	351,000	-729,000	351,000
122136,3642	351,000	-756,000	324,000
122136,4227	351,000	-702,000	351,000
122136,4816	324,000	-729,000	351,000
122136,5435	324,000	-729,000	351,000
122136,6063	324,000	-702,000	324,000
122136,6658	351,000	-702,000	378,000
122136,7319	351,000	-702,000	351,000
122136,7870	351,000	-702,000	351,000
122136,8456	351,000	-810,000	297,000
122136,9084	324,000	-756,000	378,000
122136,9802	324,000	-729,000	324,000
122137,0301	351,000	-702,000	378,000
122137,0911	351,000	-702,000	378,000
122137,1509	378,000	-756,000	324,000
122137,2108	324,000	-729,000	378,000
122137,2772	351,000	-729,000	351,000
122137,3336	351,000	-729,000	378,000
122137,3962	324,000	-702,000	351,000
122137,4573	324,000	-729,000	405,000
122137,5194	324,000	-702,000	351,000
122137,5785	324,000	-702,000	351,000
122137,6426	351,000	-729,000	378,000
122137,7004	351,000	-756,000	378,000
122137,7644	351,000	-729,000	378,000
122137,8272	405,000	-783,000	405,000
122137,8821	351,000	-702,000	324,000
122137,9431	324,000	-702,000	378,000
122138,0032	351,000	-702,000	378,000
122138,0650	351,000	-702,000	378,000
122138,1261	351,000	-756,000	378,000
122138,1900	351,000	-810,000	378,000
122138,2477	378,000	-702,000	378,000
122138,3172	324,000	-783,000	324,000
122138,3701	324,000	-702,000	378,000
122138,4297	324,000	-729,000	351,000
122138,4896	378,000	-702,000	351,000
122138,5502	351,000	-729,000	351,000
122138,6120	324,000	-729,000	351,000
122138,6759	324,000	-756,000	405,000
122138,7347	351,000	-756,000	324,000
122138,7946	378,000	-756,000	378,000
122138,8574	378,000	-702,000	351,000
122138,9174	351,000	-729,000	351,000
122138,9832	324,000	-729,000	378,000
122139,0420	351,000	-729,000	351,000
122139,0979	351,000	-729,000	351,000
122139,1587	324,000	-729,000	351,000
122139,2196	351,000	-702,000	351,000
122139,2794	351,000	-729,000	351,000
122139,3422	324,000	-729,000	405,000
122139,4001	351,000	-702,000	351,000
122139,4609	351,000	-702,000	297,000
122139,5218	324,000	-756,000	351,000
122139,5826	324,000	-729,000	378,000
122139,6434	378,000	-729,000	378,000
122139,7053	324,000	-702,000	405,000
122139,7651	351,000	-729,000	351,000
122139,8259	324,000	-702,000	378,000
122139,8868	324,000	-783,000	324,000
122139,9486	351,000	-702,000	405,000
122140,0104	351,000	-729,000	324,000
122140,0713	351,000	-729,000	378,000
122140,1321	-216,000	-729,000	1026,000
122140,2917	270,000	-702,000	459,000
122140,3267	324,000	-729,000	405,000
122140,3871	-243,000	-729,000	1053,000
122140,4523	-216,000	-729,000	1026,000
122140,5102	-216,000	-702,000	1080,000
122140,5765	-270,000	-729,000	1080,000
122140,6301	-297,000	-729,000	999,000
122140,6944	-567,000	-162,000	702,000
122140,7520	-594,000	-27,000	648,000
122140,8158	-621,000	27,000	621,000
122140,8727	-648,000	0,000	621,000
122140,9318	-621,000	0,000	648,000
122140,9946	-621,000	0,000	648,000
122141,0519	-648,000	0,000	621,000
122141,1119	-648,000	-27,000	648,000
122141,3740	-675,000	0,000	621,000
122141,4089	-648,000	0,000	648,000
122141,4690	-594,000	0,000	621,000
122141,5338	-621,000	0,000	648,000
122141,5927	-621,000	0,000	648,000
122141,6515	-648,000	0,000	648,000
122141,7145	-648,000	0,000	621,000
122141,7744	-621,000	0,000	648,000
122141,8337	-621,000	0,000	621,000
122141,8955	-621,000	0,000	648,000
122141,9546	-675,000	0,000	648,000
122142,0137	-648,000	0,000	621,000
122142,0768	-1080,000	-459,000	243,000
122142,1362	-1107,000	-459,000	108,000
122142,2018	-1107,000	-486,000	135,000
122142,2606	-1134,000	-540,000	162,000
122142,3187	-1134,000	-486,000	135,000
122142,3805	-1107,000	-513,000	135,000
122142,4377	-1134,000	-513,000	162,000
122142,4975	-1107,000	-486,000	162,000
122142,5606	-1107,000	-486,000	135,000
122142,6205	-1107,000	-567,000	162,000
122142,6817	-1134,000	-513,000	135,000
122142,7417	-1080,000	-459,000	135,000
122142,8025	-1107,000	-486,000	162,000
122142,8720	-1080,000	-486,000	135,000
122142,9246	-1134,000	-486,000	135,000
122142,9848	-1134,000	-513,000	135,000
122143,0436	-1080,000	-540,000	162,000
122143,1054	-1107,000	-486,000	108,000
122143,1653	-1107,000	-513,000	135,000
122143,2271	-648,000	27,000	648,000
122143,2874	-621,000	0,000	648,000
122143,3476	-621,000	0,000	621,000
122143,4106	-648,000	0,000	621,000
122143,4713	-648,000	0,000	675,000
122143,5349	-648,000	0,000	675,000
122143,5914	-648,000	0,000	648,000
122143,6517	-1107,000	-513,000	135,000
122143,7112	-1134,000	-513,000	135,000
122143,7751	-1134,000	-486,000	135,000
122143,8329	-1080,000	-459,000	135,000
122143,8927	-594,000	27,000	621,000
122143,9526	-621,000	0,000	567,000
122144,0174	-621,000	0,000	621,000
122144,0893	-621,000	0,000	648,000
122144,1351	-621,000	0,000	621,000
122144,1990	-648,000	0,000	702,000
122144,2568	-648,000	0,000	621,000
122144,3147	-621,000	-27,000	702,000
122144,3765	-621,000	0,000	675,000
122144,4443	-621,000	0,000	621,000
122144,4972	-648,000	0,000	621,000
122144,5590	-621,000	0,000	648,000
122144,6188	-621,000	0,000	702,000
122144,6787	-648,000	0,000	621,000
122144,7395	-648,000	0,000	648,000
122144,8004	-621,000	0,000	621,000
122144,8632	-648,000	0,000	621,000
122144,9210	-621,000	0,000	621,000
122144,9849	-621,000	0,000	621,000
122145,0417	-621,000	0,000	648,000
122145,1035	-648,000	0,000	648,000
122145,1714	-621,000	0,000	594,000
122145,2282	-648,000	0,000	648,000
122145,2851	-621,000	0,000	675,000
122145,3888	-621,000	0,000	621,000
122145,4785	-648,000	0,000	621,000
122145,5165	-675,000	0,000	621,000
122145,5823	-621,000	0,000	621,000
122145,6403	-621,000	0,000	594,000
122145,7033	-648,000	0,000	621,000
122145,7599	-648,000	0,000	621,000
122145,8223	-621,000	-27,000	675,000
122145,8866	-621,000	0,000	621,000
122145,9443	-621,000	0,000	621,000
122146,0081	-675,000	0,000	621,000
122146,0649	-621,000	0,000	621,000
122146,1248	-621,000	-27,000	648,000
122146,1852	-648,000	0,000	621,000
122146,4318	-621,000	0,000	648,000
122146,4951	-648,000	0,000	621,000
122146,5572	-648,000	0,000	621,000
122146,6145	-621,000	0,000	648,000
122146,6704	-675,000	0,000	594,000
122146,7345	-621,000	0,000	648,000
122146,7953	-621,000	0,000	621,000
122146,8562	-621,000	0,000	648,000
122147,1208	-621,000	0,000	648,000
122147,1537	-621,000	0,000	729,000
122147,2198	-621,000	0,000	648,000
122147,2748	-621,000	0,000	675,000
122147,3371	-648,000	0,000	675,000
122147,3988	-621,000	0,000	621,000
122147,4585	-648,000	0,000	648,000
122147,5193	-621,000	0,000	702,000
122147,5782	-594,000	0,000	648,000
122147,6390	-648,000	0,000	648,000
122147,7013	-648,000	0,000	648,000
122147,7616	-621,000	0,000	648,000
122147,8205	-648,000	-27,000	648,000
122147,8853	-675,000	0,000	621,000
122147,9432	-621,000	0,000	648,000
122148,0025	-648,000	0,000	621,000
122148,0625	-648,000	0,000	648,000
122148,1233	-621,000	0,000	648,000
122148,1928	-675,000	0,000	648,000
122148,2456	-621,000	0,000	621,000
122148,3056	-594,000	0,000	648,000
122148,3664	-648,000	0,000	648,000
122148,6093	-648,000	0,000	675,000
122148,6693	-621,000	0,000	621,000
122148,7299	-648,000	0,000	675,000
122148,7923	-648,000	0,000	648,000
122148,8571	-648,000	0,000	675,000
122148,9178	-648,000	0,000	648,000
122148,9746	-648,000	0,000	621,000
122149,0365	-621,000	0,000	648,000
122149,0983	-648,000	27,000	648,000
122149,1572	-621,000	0,000	648,000
122149,2210	-648,000	0,000	621,000
122149,2778	-621,000	0,000	648,000
122149,3387	-621,000	0,000	621,000
122149,3975	-621,000	0,000	648,000
122149,4593	-621,000	0,000	594,000
122149,5262	-648,000	0,000	675,000
122149,5810	-594,000	0,000	621,000
122149,6439	-648,000	0,000	621,000
122149,7067	-621,000	0,000	621,000
122149,7675	-648,000	27,000	621,000
122149,8373	-648,000	0,000	675,000
122149,8892	-648,000	0,000	648,000
122149,9480	-621,000	0,000	648,000
122150,0089	-648,000	0,000	648,000
122150,0687	-621,000	0,000	648,000
122150,1325	-621,000	0,000	648,000
122150,1914	-621,000	0,000	675,000
122150,2522	-675,000	-27,000	648,000
122150,3121	-621,000	0,000	675,000
122150,4248	-621,000	0,000	648,000
122150,5415	-54,000	0,000	54,000
122150,5744	0,000	0,000	0,000
122150,6352	0,000	0,000	-27,000
122150,6950	0,000	0,000	0,000
122150,7579	0,000	0,000	0,000
122150,8184	594,000	0,000	-594,000
122150,8772	648,000	0,000	-648,000
122150,9385	675,000	0,000	-675,000
122150,9998	648,000	0,000	-621,000
122151,0626	621,000	0,000	-675,000
122151,1228	594,000	0,000	-675,000
122151,1818	675,000	0,000	-648,000
122151,2426	594,000	0,000	-621,000
122151,3085	621,000	0,000	-675,000
122151,3705	648,000	0,000	-621,000
122151,4288	621,000	0,000	-621,000
122151,4890	999,000	-675,000	-324,000
122151,5512	999,000	-729,000	-243,000
122151,6100	972,000	-756,000	-270,000
122151,6735	594,000	-81,000	-648,000
122151,7298	621,000	0,000	-621,000
122151,7905	648,000	0,000	-675,000
122151,8532	621,000	0,000	-621,000
122151,9164	648,000	0,000	-621,000
122151,9744	621,000	0,000	-648,000
122152,0383	621,000	0,000	-675,000
122152,0953	621,000	0,000	-621,000
122152,1564	621,000	0,000	-675,000
122152,3964	621,000	0,000	-648,000
122152,4566	621,000	0,000	-702,000
122152,5192	594,000	0,000	-675,000
122152,5796	621,000	0,000	-648,000
122152,6406	594,000	0,000	-675,000
122152,7031	621,000	-27,000	-648,000
122152,7613	621,000	0,000	-648,000
122152,8262	621,000	0,000	-648,000
122152,8840	648,000	27,000	-648,000
122152,9463	621,000	0,000	-648,000
122153,0049	648,000	-27,000	-675,000
122153,0652	594,000	0,000	-621,000
122153,1239	648,000	0,000	-648,000
122153,1851	621,000	-27,000	-621,000
122153,2625	621,000	0,000	-675,000
122153,3074	648,000	0,000	-648,000
122153,3677	621,000	0,000	-702,000
122153,4277	648,000	0,000	-621,000
122153,4886	621,000	0,000	-648,000
122153,5488	648,000	-27,000	-648,000
122153,7850	621,000	0,000	-675,000
122153,8439	621,000	0,000	-675,000
122153,9105	648,000	0,000	-648,000
122153,9674	621,000	0,000	-702,000
122154,0294	621,000	0,000	-675,000
122154,0892	621,000	0,000	-675,000
122154,1510	675,000	0,000	-648,000
122154,2089	621,000	0,000	-621,000
122154,2697	648,000	0,000	-621,000
122154,3375	621,000	27,000	-648,000
122154,3914	621,000	27,000	-621,000
122154,4522	648,000	0,000	-621,000
122154,5121	648,000	0,000	-621,000
122154,5729	621,000	0,000	-621,000
122154,8113	621,000	0,000	-621,000
122154,8711	648,000	0,000	-648,000
122154,9309	648,000	0,000	-621,000
122154,9928	648,000	0,000	-648,000
122155,0536	621,000	0,000	-729,000
122155,1165	621,000	27,000	-648,000
122155,1763	621,000	0,000	-648,000
122155,2421	648,000	0,000	-621,000
122155,3937	621,000	0,000	-648,000
122155,4366	621,000	0,000	-648,000
122155,4875	621,000	0,000	-621,000
122155,5506	594,000	0,000	-702,000
122155,6164	567,000	0,000	-621,000
122155,6724	648,000	-27,000	-621,000
122155,7296	621,000	-27,000	-648,000
122155,7914	621,000	0,000	-702,000
122155,8532	621,000	0,000	-675,000
122155,9145	621,000	0,000	-648,000
122156,1875	648,000	0,000	-621,000
122156,2224	621,000	0,000	-621,000
122156,2902	675,000	0,000	-675,000
122156,3438	621,000	0,000	-621,000
122156,4053	594,000	27,000	-621,000
122156,4654	648,000	0,000	-621,000
122156,5262	621,000	0,000	-648,000
122156,5896	621,000	0,000	-648,000
122156,6475	648,000	0,000	-648,000
122156,7091	648,000	0,000	-648,000
122156,7700	648,000	0,000	-594,000
122156,8299	648,000	0,000	-648,000
122156,8964	648,000	0,000	-621,000
122156,9516	648,000	0,000	-702,000
122157,0132	648,000	0,000	-621,000
122157,0718	621,000	0,000	-675,000
122157,1325	648,000	0,000	-621,000
122157,1959	621,000	0,000	-648,000
122157,2558	621,000	0,000	-621,000
122157,3146	648,000	0,000	-621,000
122157,3775	648,000	0,000	-648,000
122157,4383	621,000	0,000	-621,000
122157,4994	621,000	0,000	-675,000
122157,5642	594,000	-27,000	-594,000
122157,6202	621,000	0,000	-648,000
122157,6812	648,000	0,000	-621,000
122157,7412	648,000	0,000	-648,000
122157,8059	621,000	0,000	-621,000
122158,0486	621,000	0,000	-621,000
122158,1124	621,000	0,000	-648,000
122158,1776	594,000	0,000	-648,000
122158,2327	675,000	0,000	-621,000
122158,2953	648,000	0,000	-648,000
122158,3545	621,000	0,000	-675,000
122158,4169	621,000	0,000	-702,000
122158,4779	648,000	0,000	-648,000
122158,5375	648,000	0,000	-648,000
122158,5994	648,000	0,000	-621,000
122158,6566	594,000	0,000	-621,000
122158,7169	621,000	0,000	-648,000
122158,7785	621,000	-27,000	-675,000
122158,8413	621,000	0,000	-621,000
122158,9012	621,000	0,000	-648,000
122158,9599	621,000	0,000	-621,000
122159,0208	648,000	0,000	-621,000
122159,0824	621,000	0,000	-729,000
122159,1422	621,000	0,000	-675,000
122159,2051	648,000	0,000	-648,000
122159,2661	648,000	0,000	-675,000
122159,3270	621,000	0,000	-621,000
122159,5643	621,000	0,000	-621,000
122159,6232	648,000	0,000	-648,000
122159,6830	648,000	0,000	-621,000
122159,7459	594,000	0,000	-621,000
122159,8047	675,000	0,000	-648,000
122159,8655	621,000	0,000	-675,000
122159,9254	621,000	27,000	-648,000
122159,9862	621,000	0,000	-648,000
122200,0470	621,000	0,000	-621,000
122200,1069	675,000	0,000	-648,000
122200,1717	621,000	0,000	-648,000
122200,2286	594,000	0,000	-648,000
122200,2894	648,000	0,000	-621,000
122200,3512	621,000	0,000	-648,000
122200,4121	648,000	0,000	-648,000
122200,4719	648,000	0,000	-648,000
122200,6275	621,000	0,000	-621,000
122200,6674	621,000	0,000	-621,000
122200,7448	594,000	0,000	-675,000
122200,7833	567,000	0,000	-675,000
122200,8435	621,000	0,000	-675,000
122200,9076	567,000	0,000	-648,000
122200,9653	621,000	0,000	-621,000
122201,0251	648,000	0,000	-702,000
122201,2915	594,000	0,000	-621,000
122201,3243	648,000	0,000	-648,000
122201,3859	648,000	0,000	-621,000
122201,4469	621,000	27,000	-648,000
122201,5081	621,000	0,000	-648,000
122201,5680	648,000	0,000	-621,000
122201,6318	648,000	27,000	-675,000
122201,6952	648,000	0,000	-648,000
122201,7541	621,000	0,000	-702,000
122201,8149	648,000	27,000	-621,000
122201,8749	594,000	0,000	-621,000
122201,9357	621,000	0,000	-621,000
122202,0045	621,000	0,000	-621,000
122202,0588	621,000	0,000	-594,000
122202,1269	648,000	0,000	-675,000
122202,1827	594,000	0,000	-621,000
122202,2419	621,000	0,000	-648,000
122202,3010	621,000	0,000	-621,000
122202,3629	648,000	0,000	-675,000
122202,4218	594,000	0,000	-648,000
122202,4828	621,000	0,000	-648,000
122202,5427	594,000	0,000	-621,000
122202,6046	621,000	0,000	-621,000
122202,6729	621,000	0,000	-621,000
122202,7330	594,000	0,000	-702,000
122202,7906	54,000	0,000	-27,000
122202,8520	0,000	27,000	0,000
122202,9133	0,000	0,000	0,000
122202,9733	-594,000	27,000	621,000
122203,0347	-594,000	0,000	594,000
122203,0950	-648,000	0,000	648,000
122203,1618	-621,000	0,000	648,000
122203,2174	-621,000	0,000	648,000
122203,2758	-648,000	0,000	675,000
122203,3366	-621,000	0,000	648,000
122203,4084	-621,000	0,000	729,000
122203,4583	-621,000	0,000	648,000
122203,5233	-648,000	0,000	648,000
122203,5802	-621,000	-27,000	648,000
122203,6427	-648,000	0,000	648,000
122203,7039	-621,000	0,000	621,000
122203,7638	-648,000	27,000	648,000
122203,8240	-621,000	0,000	594,000
122203,8845	-621,000	0,000	648,000
122203,9507	-621,000	0,000	621,000
122204,0055	-675,000	0,000	648,000
122204,0694	-621,000	0,000	675,000
122204,1285	-648,000	0,000	675,000
122204,1989	-648,000	0,000	594,000
122204,2604	-648,000	0,000	729,000
122204,3133	-621,000	0,000	648,000
122204,5806	-621,000	0,000	621,000
122204,6165	-621,000	0,000	648,000
122204,6783	-1134,000	-459,000	108,000
122204,7362	-1053,000	-540,000	135,000
122204,7970	-1107,000	-513,000	135,000
122204,8579	-1080,000	-513,000	135,000
122204,9197	-1134,000	-486,000	135,000
122204,9805	-1107,000	-513,000	135,000
122205,0444	-1107,000	-486,000	108,000
122205,1052	-1080,000	-486,000	135,000
122205,1660	-1134,000	-459,000	135,000
122205,2338	-1134,000	-486,000	162,000
122205,2897	-1107,000	-486,000	162,000
122205,3525	-1134,000	-459,000	135,000
122205,4104	-1080,000	-513,000	162,000
122205,4722	-1161,000	-513,000	162,000
122205,5430	-1107,000	-486,000	135,000
122205,5929	-1134,000	-486,000	135,000
122205,7036	-1080,000	-486,000	135,000
122205,8053	-648,000	27,000	648,000
122205,8492	-675,000	27,000	648,000
122205,9076	-621,000	0,000	648,000
122205,9704	-675,000	0,000	648,000
122206,0319	-648,000	0,000	621,000
122206,0911	-621,000	0,000	675,000
122206,1513	-621,000	-27,000	621,000
122206,2175	-621,000	0,000	675,000
122206,2753	-1134,000	-486,000	108,000
122206,3362	-1134,000	-540,000	162,000
122206,3960	-1188,000	-486,000	162,000
122206,4562	-1107,000	-513,000	162,000
122206,5286	-1161,000	-513,000	162,000
122206,5775	-1134,000	-459,000	162,000
122206,6386	-1107,000	-513,000	162,000
122206,7030	-1107,000	-486,000	135,000
122206,9451	0,000	0,000	0,000
122206,9975	-594,000	-189,000	-27,000
122207,0583	-594,000	-27,000	621,000
122207,1191	-648,000	0,000	621,000
122207,1757	-648,000	0,000	648,000
122207,2414	-648,000	0,000	675,000
122207,2983	-621,000	0,000	648,000
122207,3594	-648,000	0,000	594,000
122207,4196	-648,000	0,000	648,000
122207,4798	-621,000	0,000	648,000
122207,5407	-648,000	0,000	675,000
122207,6050	-621,000	0,000	648,000
122207,6692	-648,000	0,000	675,000
122207,7251	-621,000	0,000	621,000
122207,7849	-675,000	-27,000	648,000
122207,8488	-621,000	-27,000	675,000
122207,9077	-648,000	0,000	621,000
122207,9677	-648,000	0,000	621,000
122208,0293	-648,000	27,000	675,000
122208,0906	-621,000	0,000	675,000
122208,1519	-648,000	0,000	675,000
122208,2203	-621,000	27,000	648,000
122208,2738	-648,000	0,000	648,000
122208,3374	-648,000	0,000	675,000
122208,9792	-621,000	0,000	648,000
122209,0137	27,000	0,000	0,000
122209,0765	-567,000	0,000	648,000
122209,1368	-648,000	0,000	621,000
122209,1956	54,000	27,000	27,000
122209,2544	0,000	0,000	0,000
122209,3152	27,000	-27,000	0,000
122209,3751	0,000	0,000	0,000
122209,4380	0,000	0,000	0,000
122209,4989	0,000	0,000	0,000
122209,5617	621,000	0,000	-621,000
122209,6176	594,000	0,000	-567,000
122209,6864	675,000	0,000	-702,000
122209,7413	648,000	0,000	-621,000
122210,0029	621,000	0,000	-648,000
122210,4128	0,000	54,000	-27,000
122210,4737	0,000	0,000	0,000
122210,5355	621,000	-27,000	-648,000
122210,5984	594,000	0,000	-648,000
122210,6572	675,000	0,000	-648,000
122210,7240	648,000	0,000	-648,000
122210,7819	594,000	0,000	-621,000
122210,8756	1053,000	513,000	-108,000
122210,9953	1134,000	459,000	-162,000
122211,0445	1134,000	513,000	-135,000
122211,1038	1107,000	513,000	-108,000
122211,1656	1134,000	486,000	-135,000
122211,2291	1107,000	486,000	-108,000
122211,2895	1080,000	486,000	-135,000
122211,3476	1134,000	459,000	-135,000
122211,4072	1107,000	486,000	-135,000
122211,4676	1134,000	486,000	-135,000
122211,5295	1080,000	513,000	-162,000
122211,5953	1188,000	486,000	-135,000
122211,6512	1107,000	513,000	-135,000
122211,7104	1107,000	459,000	-135,000
122211,7737	1161,000	459,000	-108,000
122211,8337	1134,000	486,000	-135,000
122211,8969	1080,000	459,000	-135,000
122211,9552	1134,000	513,000	-135,000
122212,0155	1080,000	513,000	-135,000
122212,0757	1107,000	513,000	-135,000
122212,1383	1161,000	486,000	-189,000
122212,2034	1134,000	486,000	-162,000
122212,2571	1107,000	459,000	-135,000
122212,3209	729,000	135,000	-567,000
122212,3808	594,000	0,000	-702,000
122212,4419	1107,000	459,000	-162,000
122212,5000	621,000	0,000	-648,000
122212,5624	162,000	-513,000	-1323,000
122212,6227	162,000	-459,000	-1107,000
122212,6839	108,000	-513,000	-1134,000
122212,7422	135,000	-486,000	-1107,000
122212,8029	108,000	-513,000	-1107,000
122212,8624	135,000	-459,000	-1134,000
122212,9229	108,000	-486,000	-1134,000
122212,9837	135,000	-486,000	-1134,000
122213,0426	135,000	-486,000	-1134,000
122213,1084	108,000	-513,000	-1188,000
122213,1653	135,000	-513,000	-1107,000
122213,2294	108,000	-513,000	-1107,000
122213,2947	108,000	-486,000	-1107,000
122213,3505	648,000	27,000	-675,000
122213,4113	1107,000	513,000	-135,000
122213,4732	1080,000	486,000	-135,000
122213,5386	1080,000	459,000	-135,000
122213,5942	1080,000	486,000	-135,000
122213,6538	1107,000	486,000	-135,000
122213,7152	1107,000	486,000	-135,000
122213,7771	1188,000	459,000	-135,000
122213,8366	1107,000	513,000	-162,000
122213,9014	1107,000	513,000	-135,000
122213,9594	1080,000	459,000	-135,000
122214,0196	1080,000	459,000	-135,000
122214,0807	1134,000	459,000	-135,000
122214,1409	1107,000	486,000	-162,000
122214,2071	1080,000	459,000	-135,000
122214,2659	1107,000	486,000	-162,000
122214,3271	1080,000	459,000	-135,000
122214,6001	1161,000	459,000	-135,000
122214,6340	1161,000	486,000	-135,000
122214,6978	729,000	108,000	-594,000
122214,7597	648,000	-27,000	-621,000
122215,0220	27,000	0,000	-27,000
122215,4358	0,000	0,000	0,000
122215,4977	0,000	0,000	0,000
122215,5585	-594,000	0,000	621,000
122215,6174	-621,000	0,000	648,000
122215,6792	-648,000	0,000	648,000
122215,7380	-648,000	-27,000	648,000
122215,8029	-648,000	0,000	648,000
122215,9455	-1080,000	-432,000	216,000
122215,9934	-1107,000	-486,000	162,000
122216,0512	-1107,000	-513,000	135,000
122216,1110	-1134,000	-513,000	162,000
122216,1680	-1107,000	-486,000	135,000
122216,2275	-1080,000	-486,000	162,000
122216,2883	-1107,000	-486,000	162,000
122216,3529	-1107,000	-513,000	162,000
122216,4146	-1134,000	-513,000	162,000
122216,4739	-1080,000	-513,000	135,000
122216,5340	-1107,000	-459,000	135,000
122216,5951	-1107,000	-486,000	135,000
122216,6546	-1134,000	-486,000	162,000
122216,7426	-1107,000	-486,000	135,000
122216,7874	-1080,000	-459,000	135,000
122216,8373	-1107,000	-486,000	162,000
122216,8993	-1134,000	-486,000	162,000
122216,9572	-1161,000	-513,000	135,000
122217,0188	-1107,000	-540,000	162,000
122217,0795	-1080,000	-513,000	108,000
122217,1419	-1107,000	-513,000	135,000
122217,2015	-1161,000	-540,000	135,000
122217,2690	-1107,000	-486,000	162,000
122217,3262	-1107,000	-513,000	162,000
122217,3838	-1080,000	-513,000	135,000
122217,4453	-1107,000	-513,000	135,000
122217,5051	-1134,000	-486,000	135,000
122217,5659	-1080,000	-486,000	162,000
122217,6298	-621,000	0,000	648,000
122217,6929	-648,000	0,000	675,000
122217,7499	-621,000	0,000	648,000
122217,8175	-648,000	0,000	648,000
122217,8740	-621,000	0,000	675,000
122217,9324	-648,000	0,000	621,000
122218,1963	-648,000	0,000	675,000
122218,6131	-27,000	27,000	0,000
122218,6701	0,000	0,000	0,000
122218,7308	-594,000	0,000	594,000
122218,7922	-621,000	0,000	729,000
122218,8505	-648,000	0,000	621,000
122218,9132	-675,000	0,000	675,000
122218,9764	-621,000	0,000	594,000
122219,0342	-621,000	0,000	648,000
122219,0961	-621,000	0,000	648,000
122219,1557	-621,000	0,000	621,000
122219,2195	-648,000	0,000	648,000
122219,2848	-675,000	0,000	621,000
122219,3455	-648,000	0,000	675,000
122219,4059	-621,000	0,000	729,000
122219,4676	-648,000	0,000	702,000
122219,5276	-621,000	0,000	648,000
122219,5885	-648,000	0,000	648,000
122219,6506	-621,000	0,000	648,000
122219,7108	-648,000	0,000	621,000
122219,7706	-621,000	0,000	621,000
122219,8345	-621,000	0,000	648,000
122219,8923	-621,000	0,000	648,000
122219,9531	-648,000	0,000	648,000
122220,0170	-648,000	0,000	621,000
122220,0788	-1080,000	-351,000	243,000
122220,1356	-1134,000	-513,000	135,000
122220,1965	-1134,000	-459,000	108,000
122220,2563	-648,000	0,000	675,000
122220,3182	-621,000	0,000	648,000
122220,5705	0,000	0,000	0,000
122220,6164	-324,000	0,000	243,000
122220,6752	-594,000	0,000	621,000
122220,7350	-1134,000	-378,000	270,000
122220,7959	-1053,000	-459,000	135,000
122220,8577	-1107,000	-486,000	135,000
122220,9166	-1107,000	-486,000	162,000
122220,9784	-729,000	-54,000	621,000
122221,0372	-594,000	0,000	702,000
122221,0981	-648,000	0,000	675,000
122221,3773	-621,000	0,000	648,000
122221,4332	-648,000	0,000	675,000
122221,4942	-648,000	0,000	648,000
122221,5582	-648,000	0,000	621,000
122221,6173	-648,000	0,000	648,000
122221,6813	-648,000	0,000	648,000
122221,7382	-594,000	0,000	675,000
122221,7997	-648,000	0,000	621,000
122221,8630	-621,000	27,000	621,000
122221,9237	-648,000	0,000	648,000
122221,9910	-621,000	0,000	621,000
122222,0454	-648,000	0,000	648,000
122222,1063	-621,000	0,000	621,000
122222,1671	-621,000	0,000	729,000
122222,2583	-648,000	0,000	729,000
122222,2983	-648,000	27,000	648,000
122222,3562	-1134,000	-486,000	135,000
122222,4156	-1080,000	-486,000	135,000
122222,4794	-1080,000	-513,000	135,000
122222,5417	-1107,000	-513,000	162,000
122222,6041	-1107,000	-459,000	135,000
122222,6620	-621,000	0,000	675,000
122222,7248	-648,000	0,000	648,000
122222,7816	-621,000	0,000	648,000
122222,8432	-621,000	0,000	621,000
122222,9061	-621,000	0,000	675,000
122222,9636	-648,000	0,000	675,000
122223,0284	-621,000	0,000	621,000
122223,0907	-675,000	0,000	675,000
122223,1465	-648,000	0,000	648,000
122223,2074	-675,000	0,000	702,000
122223,2673	-621,000	0,000	621,000
122223,3287	-648,000	0,000	621,000
122223,3904	-594,000	0,000	648,000
122223,4495	-648,000	0,000	621,000
122223,5113	-648,000	0,000	621,000
122223,5742	-675,000	0,000	675,000
122223,6342	-648,000	0,000	648,000
122223,6951	-621,000	0,000	675,000
122223,7541	-621,000	0,000	702,000
122224,0182	-621,000	0,000	648,000
122224,0525	-648,000	0,000	621,000
122224,1163	-621,000	0,000	675,000
122224,1743	-648,000	0,000	621,000
122224,2341	-621,000	0,000	675,000
122224,2960	-621,000	0,000	648,000
122224,3569	-648,000	0,000	729,000
122224,4239	-648,000	0,000	648,000
122224,5027	-621,000	27,000	648,000
122224,5446	-621,000	0,000	648,000
122224,6066	-621,000	0,000	621,000
122224,6680	-621,000	0,000	648,000
122224,7269	-648,000	0,000	648,000
122224,7877	-648,000	0,000	648,000
122224,8481	-675,000	0,000	648,000
122224,9089	-648,000	0,000	675,000
122224,9678	-648,000	0,000	648,000
122225,0276	-648,000	0,000	702,000
122225,0914	-621,000	0,000	621,000
122225,1563	-648,000	0,000	648,000
122225,2121	-675,000	0,000	648,000
122225,2719	-648,000	0,000	675,000
122225,3318	-648,000	0,000	675,000
122225,3936	-621,000	-27,000	621,000
122225,4594	-621,000	27,000	702,000
122225,5193	-621,000	0,000	648,000
122225,5791	-675,000	0,000	648,000
122225,6399	-621,000	0,000	648,000
122225,7008	-648,000	0,000	648,000
122225,7616	-648,000	0,000	675,000
122225,8264	-648,000	0,000	648,000
122225,8833	-621,000	0,000	648,000
122225,9441	-621,000	0,000	702,000
122226,0050	-648,000	0,000	648,000
122226,0668	-243,000	459,000	1053,000
122226,1635	-108,000	513,000	1107,000
122226,2663	-162,000	540,000	1242,000
122226,3162	-162,000	486,000	1215,000
122226,3726	-162,000	513,000	1188,000
122226,4307	-135,000	486,000	1107,000
122226,4955	-135,000	513,000	1107,000
122226,5543	-135,000	486,000	1134,000
122226,6142	-162,000	540,000	1134,000
122226,6750	-135,000	513,000	1161,000
122226,7370	-621,000	0,000	648,000
122226,7967	-648,000	0,000	621,000
122226,8615	-648,000	0,000	648,000
122226,9195	-621,000	-27,000	648,000
122226,9801	-675,000	-27,000	729,000
122227,0416	-621,000	0,000	621,000
122227,1071	-648,000	0,000	675,000
122227,1636	-648,000	0,000	675,000
122227,2254	-81,000	486,000	1161,000
122227,2863	-135,000	486,000	1188,000
122227,3481	-135,000	486,000	1134,000
122227,4102	-108,000	486,000	1161,000
122227,4675	-648,000	54,000	648,000
122227,5323	-621,000	0,000	648,000
122227,5936	-648,000	-27,000	648,000
122227,6505	-621,000	0,000	648,000
122227,7121	-675,000	0,000	648,000
122227,7731	-648,000	0,000	675,000
122227,8312	-648,000	0,000	621,000
122227,8921	-621,000	0,000	675,000
122227,9560	-216,000	405,000	1026,000
122228,0148	-162,000	459,000	1107,000
122228,0777	-135,000	513,000	1080,000
122228,1366	-135,000	513,000	1134,000
122228,1945	-675,000	-27,000	594,000
122228,2611	-621,000	0,000	621,000
122228,3212	-648,000	-27,000	648,000
122228,3823	-621,000	0,000	648,000
122228,4366	-621,000	0,000	648,000
122228,4968	-621,000	0,000	621,000
122228,5616	-648,000	0,000	675,000
122228,6181	-648,000	0,000	648,000
122228,6778	-675,000	0,000	621,000
122228,9418	-648,000	0,000	675,000
122228,9754	-648,000	0,000	621,000
122229,0349	-108,000	432,000	999,000
122229,1023	-162,000	540,000	1080,000
122229,1600	-135,000	486,000	1107,000
122229,2203	-648,000	0,000	594,000
122229,2787	-621,000	0,000	648,000
122229,3423	-621,000	0,000	621,000
122229,4028	-648,000	0,000	675,000
122229,4636	-621,000	0,000	675,000
122229,5252	-675,000	0,000	675,000
122229,5842	-621,000	0,000	594,000
122229,6453	-135,000	513,000	1161,000
122229,7079	-567,000	54,000	702,000
122229,7718	-675,000	0,000	594,000
122229,8286	-648,000	0,000	648,000
122229,8914	-621,000	0,000	594,000
122229,9523	-621,000	0,000	621,000
122230,0121	-621,000	0,000	648,000
122230,0739	-648,000	0,000	702,000
122230,1338	-621,000	0,000	621,000
122230,1946	-621,000	0,000	621,000
122230,2575	-648,000	0,000	648,000
122230,3233	-675,000	0,000	621,000
122230,3861	-621,000	27,000	648,000
122230,4390	-621,000	0,000	675,000
122230,4988	-675,000	0,000	648,000
122230,5596	-621,000	0,000	621,000
122230,6215	-648,000	27,000	621,000
122230,6813	-648,000	0,000	675,000
122230,7422	-648,000	-27,000	648,000
122230,8090	-621,000	0,000	621,000
122230,8618	-621,000	0,000	648,000
122231,1431	-621,000	0,000	648,000
122231,2439	-621,000	0,000	594,000
122231,2867	-594,000	-27,000	621,000
122231,3526	-621,000	0,000	594,000
122231,4085	-648,000	27,000	702,000
122231,4700	-621,000	0,000	648,000
122231,5303	-621,000	0,000	648,000
122231,5917	-648,000	0,000	621,000
122231,6505	-648,000	0,000	621,000
122231,7122	-621,000	0,000	675,000
122231,7762	-648,000	0,000	648,000
122231,8340	-621,000	0,000	621,000
122231,8959	-675,000	0,000	648,000
122231,9559	-648,000	0,000	621,000
122232,0209	-621,000	0,000	675,000
122232,2876	-621,000	0,000	621,000
122232,3221	-621,000	0,000	621,000
122232,3830	-648,000	0,000	621,000
122232,4427	-621,000	0,000	648,000
122232,5037	-621,000	0,000	648,000
122232,5626	-621,000	0,000	648,000
122232,6244	-648,000	0,000	675,000
122232,6875	-675,000	0,000	648,000
122232,7576	-621,000	0,000	621,000
122232,8064	-594,000	-27,000	648,000
122232,8682	-675,000	0,000	621,000
122232,9278	-648,000	0,000	675,000
122232,9902	-648,000	0,000	621,000
122233,0499	-648,000	0,000	675,000
122233,1096	-675,000	0,000	648,000
122233,1694	-648,000	27,000	648,000
122233,2289	-621,000	0,000	675,000
122233,2973	-621,000	-27,000	648,000
122233,3505	-648,000	0,000	648,000
122233,4135	-648,000	0,000	621,000
122233,4719	-621,000	0,000	675,000
122233,5328	-648,000	0,000	594,000
122233,5949	-621,000	0,000	648,000
122233,6583	-648,000	27,000	675,000
122233,7157	-621,000	0,000	702,000
122233,7823	-648,000	-27,000	675,000
122233,8380	-621,000	0,000	648,000
122233,8985	-621,000	0,000	648,000
122234,1639	-648,000	0,000	675,000
122234,1996	-648,000	0,000	594,000
122234,2580	-135,000	513,000	1134,000
122234,3212	-108,000	459,000	1080,000
122234,3817	-135,000	486,000	1107,000
122234,4408	-135,000	486,000	1107,000
122234,4995	-108,000	486,000	1161,000
122234,5598	-108,000	513,000	1134,000
122234,6208	-135,000	513,000	1134,000
122234,6856	-135,000	513,000	1107,000
122234,7424	-135,000	486,000	1134,000
122234,8034	-162,000	513,000	1107,000
122234,8626	-648,000	-27,000	648,000
122234,9244	-621,000	0,000	675,000
122234,9852	-648,000	0,000	648,000
122235,0560	-621,000	0,000	702,000
122235,1149	-648,000	0,000	648,000
122235,1750	-621,000	0,000	621,000
122235,2378	-270,000	459,000	1107,000
122235,2966	-81,000	432,000	1107,000
122235,3565	-108,000	513,000	1080,000
122235,4183	-135,000	513,000	1134,000
122235,4771	-135,000	513,000	1161,000
122235,5390	-135,000	486,000	1188,000
122235,5998	-621,000	27,000	675,000
122235,6606	-648,000	0,000	648,000
122235,7235	-621,000	0,000	648,000
122235,7823	-648,000	0,000	702,000
122235,8471	-162,000	486,000	1161,000
122235,9199	-135,000	513,000	1107,000
122235,9658	-135,000	513,000	1107,000
122236,0247	-648,000	-27,000	621,000
122236,0885	-270,000	405,000	1026,000
122236,1473	-108,000	540,000	1188,000
122236,2072	-621,000	54,000	729,000
122236,2720	-594,000	0,000	675,000
122236,4027	-648,000	0,000	621,000
122236,4555	-621,000	0,000	621,000
122236,5004	-648,000	0,000	621,000
122236,5697	-648,000	0,000	675,000
122236,6225	-648,000	0,000	675,000
122236,6862	-81,000	486,000	1188,000
122236,7461	-135,000	513,000	1161,000
122236,8077	-648,000	-27,000	621,000
122236,8690	-621,000	0,000	648,000
122236,9290	-648,000	0,000	648,000
122236,9889	-702,000	-27,000	648,000
122237,0498	-621,000	27,000	621,000
122237,1106	-621,000	0,000	648,000
122237,1726	-621,000	0,000	621,000
122237,2360	-621,000	27,000	675,000
122237,2968	-621,000	0,000	648,000
122237,3549	-648,000	0,000	648,000
122237,4153	-621,000	0,000	675,000
122237,4779	-54,000	513,000	1080,000
122237,5378	-675,000	-27,000	648,000
122237,6051	-621,000	0,000	648,000
122237,6600	-621,000	0,000	621,000
122237,7218	-621,000	0,000	675,000
122237,7836	-648,000	0,000	648,000
122237,8485	-621,000	0,000	594,000
122237,9023	-621,000	0,000	648,000
122237,9658	-621,000	0,000	648,000
122238,0219	-621,000	0,000	702,000
122238,0840	-648,000	0,000	648,000
122238,1442	-621,000	0,000	648,000
122238,2043	-621,000	0,000	648,000
122238,2658	-621,000	0,000	621,000
122238,3277	-648,000	-27,000	648,000
122238,3900	-648,000	0,000	648,000
122238,4496	-621,000	0,000	648,000
122238,5097	-648,000	0,000	648,000
122238,5696	-621,000	0,000	648,000
122238,6304	-648,000	0,000	648,000
122238,6907	-648,000	0,000	648,000
122238,7506	-594,000	0,000	702,000
122238,8136	-621,000	0,000	648,000
122238,8730	-621,000	-27,000	702,000
122238,9343	-621,000	0,000	594,000
122238,9939	-648,000	0,000	675,000
122239,0551	-621,000	0,000	594,000
122239,1403	-648,000	0,000	675,000
122239,1758	-594,000	0,000	594,000
122239,2397	-621,000	0,000	648,000
122239,3005	-621,000	0,000	675,000
122239,3613	-621,000	0,000	648,000
122239,4222	-621,000	0,000	594,000
122239,4834	-648,000	0,000	621,000
122239,5483	-621,000	0,000	648,000
122239,6060	-621,000	0,000	648,000
122239,6656	-621,000	0,000	648,000
122239,7269	-621,000	0,000	648,000
122239,7883	-621,000	0,000	648,000
122239,8528	-675,000	0,000	621,000
122239,9144	-621,000	0,000	648,000
122239,9713	-648,000	0,000	675,000
122240,0312	-648,000	0,000	648,000
122240,0931	-648,000	0,000	648,000
122240,3544	-621,000	0,000	621,000
122240,3883	-648,000	0,000	648,000
122240,4482	-648,000	0,000	648,000
122240,5080	-621,000	0,000	648,000
122240,5708	-621,000	27,000	621,000
122240,6307	-594,000	0,000	621,000
122240,6925	-648,000	0,000	594,000
122240,7524	-621,000	-27,000	648,000
122240,8162	-648,000	0,000	648,000
122240,8770	-621,000	27,000	675,000
122240,9379	-648,000	0,000	594,000
122240,9987	-621,000	0,000	648,000
122241,0605	-621,000	0,000	621,000
122241,1194	-621,000	0,000	648,000
122241,1822	-621,000	0,000	675,000
122241,2420	-621,000	0,000	648,000
122241,3019	-648,000	0,000	675,000
122241,3627	-648,000	0,000	594,000
122241,4216	-621,000	0,000	621,000
122241,5851	-648,000	0,000	648,000
122241,6190	-621,000	0,000	648,000
122241,6790	-648,000	0,000	621,000
122241,7401	-621,000	0,000	621,000
122241,8015	-621,000	0,000	648,000
122241,8623	-621,000	0,000	648,000
122241,9250	-621,000	0,000	648,000
122241,9848	-621,000	0,000	675,000
122242,0493	-621,000	0,000	594,000
122242,1067	-648,000	0,000	621,000
122242,1670	-621,000	0,000	621,000
122242,2256	-621,000	0,000	648,000
122242,2884	-594,000	0,000	648,000
122242,3547	-621,000	27,000	648,000
122242,4146	-621,000	0,000	621,000
122242,4708	-621,000	0,000	621,000
122242,5308	-621,000	0,000	621,000
122242,5900	-621,000	0,000	621,000
122242,6544	-648,000	0,000	648,000
122242,7146	-648,000	0,000	621,000
122242,7777	-621,000	0,000	648,000
122242,8347	-594,000	0,000	648,000
122242,8961	-594,000	0,000	621,000
122242,9560	-621,000	0,000	621,000
122243,0169	-621,000	0,000	675,000
122243,0837	-648,000	0,000	675,000
122243,1395	-621,000	0,000	648,000
122243,2014	-648,000	27,000	648,000
122243,2606	-621,000	0,000	648,000
122243,3216	-648,000	0,000	594,000
122243,3828	-621,000	0,000	648,000
122243,4454	-648,000	0,000	648,000
122243,5073	-648,000	0,000	675,000
122243,5678	-648,000	0,000	621,000
122243,6284	-648,000	0,000	648,000
122243,6950	-648,000	0,000	621,000
122243,7484	-621,000	0,000	594,000
122243,8092	-648,000	0,000	675,000
122243,8711	-648,000	0,000	648,000
122243,9301	-621,000	0,000	648,000
122243,9915	-648,000	0,000	675,000
122244,0544	-648,000	0,000	675,000
122244,1176	-648,000	0,000	702,000
122244,1754	-675,000	0,000	675,000
122244,4149	-648,000	0,000	594,000
122244,4726	-621,000	0,000	621,000
122244,5364	-621,000	0,000	648,000
122244,5973	-621,000	0,000	648,000
122244,6574	-621,000	0,000	675,000
122244,7206	-648,000	0,000	675,000
122244,7775	-621,000	0,000	648,000
122244,8381	-621,000	0,000	621,000
122244,9018	-621,000	0,000	675,000
122244,9650	-621,000	0,000	675,000
122245,0205	-648,000	0,000	675,000
122245,0819	-648,000	0,000	621,000
122245,1420	-621,000	0,000	621,000
122245,2031	-594,000	0,000	621,000
122245,2932	-648,000	0,000	594,000
122245,3411	-621,000	0,000	621,000
122245,4040	-621,000	0,000	648,000
122245,4667	-621,000	0,000	648,000
122245,5276	-648,000	0,000	675,000
122245,5894	-594,000	0,000	648,000
122245,6453	-621,000	0,000	648,000
122245,7061	-621,000	0,000	621,000
122245,7679	-648,000	0,000	648,000
122245,8278	-648,000	0,000	621,000
122245,8886	-648,000	0,000	621,000
122245,9525	-594,000	0,000	648,000
122246,0103	-648,000	0,000	702,000
122246,0701	-621,000	0,000	675,000
122246,1310	-621,000	0,000	621,000
122246,1948	-648,000	0,000	621,000
122246,2576	-621,000	0,000	621,000
122246,3145	-621,000	-27,000	648,000
122246,3753	-594,000	0,000	702,000
122246,4342	-648,000	0,000	621,000
122246,4950	-648,000	0,000	594,000
122246,5568	-648,000	0,000	621,000
122246,6217	-621,000	0,000	621,000
122246,7294	-621,000	0,000	621,000
122246,8271	-594,000	0,000	648,000
122246,8621	-621,000	0,000	648,000
122246,9239	-675,000	0,000	675,000
122246,9827	-621,000	27,000	621,000
122247,0436	-675,000	0,000	621,000
122247,1055	-621,000	0,000	648,000
122247,1701	-648,000	0,000	648,000
122247,2285	-648,000	0,000	648,000
122247,2886	-648,000	27,000	621,000
122247,3498	-648,000	0,000	621,000
122247,4094	-648,000	0,000	648,000
122247,4740	-621,000	0,000	621,000
122247,5360	-648,000	0,000	675,000
122247,5918	-621,000	0,000	621,000
122247,6537	-648,000	0,000	621,000
122247,7155	-621,000	0,000	621,000
122247,7770	-648,000	0,000	621,000
122247,8415	-621,000	0,000	621,000
122247,8996	-621,000	0,000	648,000
122247,9608	-621,000	0,000	675,000
122248,0215	-621,000	0,000	675,000
122248,0881	-621,000	27,000	621,000
122248,1415	-621,000	0,000	648,000
122248,2036	-648,000	0,000	621,000
122248,2655	-648,000	0,000	648,000
122248,3264	-594,000	0,000	648,000
122248,3872	-648,000	27,000	675,000
122248,4497	-648,000	0,000	648,000
122248,5101	-648,000	27,000	594,000
122248,5707	-648,000	-27,000	594,000
122248,6331	-648,000	0,000	648,000
122248,6968	-621,000	0,000	675,000
122248,9277	-648,000	0,000	594,000
122248,9869	-621,000	0,000	621,000
122249,0486	-648,000	0,000	621,000
122249,1095	-621,000	0,000	648,000
122249,1714	-621,000	0,000	621,000
122249,2323	-621,000	0,000	675,000
122249,2913	-648,000	0,000	648,000
122249,3544	-594,000	-27,000	621,000
122249,4122	-621,000	0,000	702,000
122249,4721	-648,000	0,000	648,000
122249,5342	-648,000	0,000	675,000
122249,5949	-648,000	0,000	648,000
122249,6552	-648,000	27,000	648,000
122249,7171	-621,000	0,000	621,000
122249,7759	-648,000	0,000	675,000
122249,8386	-621,000	0,000	621,000
122249,8984	-648,000	0,000	594,000
122249,9574	-135,000	513,000	1107,000
122250,0212	-135,000	513,000	1215,000
122250,0778	-648,000	-27,000	567,000
122250,1420	-648,000	54,000	621,000
122250,1996	-621,000	-27,000	621,000
122250,2609	-648,000	0,000	648,000
122250,3221	-648,000	0,000	648,000
122250,3820	-648,000	0,000	648,000
122250,4428	-135,000	432,000	1107,000
122250,5037	-162,000	486,000	1107,000
122250,5625	-108,000	513,000	1080,000
122250,6253	-135,000	513,000	1080,000
122250,6862	-648,000	-27,000	648,000
122250,7480	-648,000	0,000	648,000
122250,8108	-648,000	0,000	675,000
122250,8687	-621,000	0,000	621,000
122250,9315	-108,000	486,000	1080,000
122250,9913	-108,000	513,000	1188,000
122251,0522	-135,000	459,000	1134,000
122251,1170	-567,000	27,000	810,000
122251,1719	-648,000	-27,000	702,000
122251,2327	-621,000	0,000	621,000
122251,3005	-675,000	0,000	621,000
122251,3554	-621,000	0,000	648,000
122251,4172	-648,000	0,000	648,000
122251,4770	-108,000	513,000	1134,000
122251,5379	-135,000	486,000	1080,000
122251,5987	-135,000	513,000	1107,000
122251,6586	-648,000	27,000	621,000
122251,7603	-648,000	0,000	621,000
122251,8600	-621,000	-27,000	621,000
122251,9029	-621,000	-27,000	594,000
122251,9626	-594,000	0,000	621,000
122252,0245	-648,000	-27,000	648,000
122252,0843	-648,000	0,000	648,000
122252,1441	-648,000	0,000	648,000
122252,2040	-648,000	0,000	648,000
122252,2646	-81,000	486,000	1161,000
122252,3275	-162,000	432,000	1080,000
122252,3868	-135,000	459,000	1134,000
122252,4556	-162,000	459,000	1134,000
122252,5097	-135,000	405,000	1080,000
122252,5708	-108,000	378,000	1188,000
122252,6308	-135,000	432,000	1107,000
122252,6934	-135,000	378,000	1242,000
122252,7563	-162,000	378,000	1134,000
122252,8171	-540,000	1269,000	810,000
122252,8773	-486,000	1215,000	810,000
122252,9359	-162,000	351,000	1080,000
122252,9972	-162,000	378,000	1134,000
122253,0569	-162,000	405,000	1107,000
122253,1233	-162,000	432,000	1188,000
122253,1806	-162,000	405,000	1107,000
122253,2385	-189,000	432,000	1107,000
122253,3000	-189,000	486,000	1161,000
122253,3644	-675,000	0,000	675,000
122253,4216	-108,000	513,000	1161,000
122253,4835	-702,000	-81,000	648,000
122253,5466	-675,000	-27,000	621,000
122253,6044	-81,000	513,000	1161,000
122253,6665	-108,000	405,000	1134,000
122253,7279	-162,000	486,000	1134,000
122253,8040	-135,000	459,000	1134,000
122253,8645	-108,000	513,000	1107,000
122253,9331	-162,000	486,000	1107,000
122253,9876	-189,000	459,000	1107,000
122254,0483	-189,000	432,000	1107,000
122254,1097	-675,000	-27,000	594,000
122254,1709	-648,000	-27,000	648,000
122254,2334	-648,000	0,000	621,000
122254,2922	-648,000	0,000	648,000
122254,3540	-648,000	-27,000	675,000
122254,4187	-648,000	0,000	648,000
122254,4980	-594,000	-27,000	648,000
122254,5379	-621,000	-27,000	621,000
122254,5988	-648,000	-27,000	648,000
122254,6596	-621,000	0,000	621,000
122254,7187	-648,000	0,000	675,000
122254,7774	-135,000	513,000	1053,000
122254,8399	-162,000	486,000	1107,000
122254,8993	-162,000	486,000	1107,000
122254,9611	-135,000	513,000	1134,000
122255,0209	-135,000	513,000	1134,000
122255,0807	-135,000	540,000	1134,000
122255,1416	-135,000	486,000	1134,000
122255,2028	-648,000	0,000	648,000
122255,2642	-648,000	0,000	702,000
122255,3246	-648,000	0,000	648,000
122255,3850	-648,000	0,000	621,000
122255,4457	-621,000	0,000	702,000
122255,5049	-648,000	0,000	621,000
122255,5662	-675,000	0,000	648,000
122255,6270	-648,000	0,000	621,000
122255,6938	-648,000	0,000	675,000
122255,7536	-648,000	0,000	675,000
122255,8155	-621,000	-27,000	594,000
122255,8693	-972,000	675,000	216,000
122255,9302	-675,000	27,000	675,000
122255,9900	-648,000	0,000	648,000
122256,0538	-648,000	27,000	648,000
122256,1107	-621,000	0,000	648,000
122256,1735	-648,000	27,000	648,000
122256,2354	-621,000	0,000	648,000
122256,2962	-648,000	0,000	648,000
122256,3540	-621,000	0,000	648,000
122256,4189	-648,000	0,000	621,000
122256,4747	-648,000	0,000	675,000
122256,5366	-621,000	0,000	729,000
122256,6014	-621,000	0,000	675,000
122256,6612	-648,000	0,000	675,000
122256,7201	-648,000	0,000	621,000
122256,7779	-621,000	0,000	648,000
122256,8378	-621,000	0,000	648,000
122256,9026	-648,000	-27,000	621,000
122257,0572	-648,000	0,000	702,000
122257,0961	-648,000	0,000	675,000
122257,1566	-648,000	0,000	621,000
122257,2146	-648,000	0,000	648,000
122257,2739	-621,000	0,000	648,000
122257,3347	-621,000	0,000	648,000
122257,3956	-648,000	0,000	675,000
122257,4555	-621,000	0,000	648,000
122257,5185	-648,000	0,000	594,000
122257,5782	-621,000	0,000	675,000
122257,6378	-648,000	0,000	621,000
122257,7032	-648,000	0,000	648,000
122257,7596	-621,000	0,000	648,000
122257,8196	-621,000	0,000	648,000
122257,8790	-621,000	0,000	621,000
122257,9430	-648,000	0,000	675,000
122257,9997	-621,000	0,000	621,000
122258,0605	-675,000	0,000	675,000
122258,1223	-621,000	0,000	621,000
122258,1842	-621,000	0,000	648,000
122258,2423	-621,000	0,000	648,000
122258,3031	-621,000	0,000	621,000
122258,3635	-648,000	0,000	648,000
122258,4255	-27,000	27,000	54,000
122258,4880	0,000	-27,000	0,000
122258,5455	0,000	0,000	0,000
122258,6049	0,000	0,000	27,000
122258,6647	0,000	0,000	0,000
122258,7266	0,000	0,000	0,000
122258,7901	0,000	0,000	0,000
122258,8491	0,000	0,000	0,000
122258,9088	0,000	0,000	0,000
122258,9681	0,000	0,000	0,000
122259,0300	0,000	0,000	0,000
122259,0915	0,000	0,000	0,000
122259,1496	0,000	0,000	0,000
122259,2118	0,000	0,000	0,000
122259,2746	0,000	0,000	0,000
122259,3346	0,000	0,000	0,000
122259,3969	0,000	0,000	0,000
122259,4567	0,000	0,000	0,000
122259,5176	0,000	0,000	0,000
122259,5784	0,000	0,000	0,000
122259,6392	0,000	0,000	0,000
122259,6997	0,000	0,000	0,000
122259,7610	0,000	0,000	0,000
122259,8219	0,000	0,000	0,000
122259,8838	0,000	0,000	0,000
122259,9438	0,000	0,000	0,000
122300,0065	0,000	0,000	0,000
122300,0673	0,000	0,000	0,000
122300,1325	0,000	0,000	0,000
122300,1921	0,000	0,000	0,000
122300,2489	0,000	0,000	0,000
122300,3096	0,000	0,000	0,000
122300,3703	0,000	0,000	0,000
122300,4340	0,000	0,000	0,000
122300,4921	0,000	0,000	0,000
122300,5515	0,000	0,000	0,000
122300,6133	0,000	0,000	0,000
122300,6742	0,000	0,000	0,000
122300,7360	0,000	0,000	0,000
122300,8009	0,000	0,000	0,000
122300,8597	0,000	0,000	0,000
122300,9175	0,000	0,000	0,000
122300,9794	0,000	0,000	0,000
122301,0392	0,000	0,000	0,000
122301,1021	0,000	0,000	0,000
122301,1599	0,000	0,000	0,000
122301,2207	0,000	0,000	0,000
122301,2806	0,000	0,000	0,000
122301,3424	0,000	0,000	0,000
122301,4032	0,000	0,000	0,000
122301,4671	0,000	0,000	0,000
122301,5409	0,000	0,000	0,000
122301,5848	0,000	0,000	0,000
122301,6466	0,000	0,000	0,000
122301,7134	0,000	0,000	0,000
122301,7693	0,000	0,000	0,000
122301,8301	0,000	0,000	0,000
122301,8899	0,000	0,000	0,000
122301,9508	0,000	0,000	0,000
122302,0146	0,000	0,000	0,000
122302,1792	0,000	0,000	0,000
122302,2121	0,000	0,000	0,000
122302,2731	0,000	0,000	0,000
122302,3342	0,000	0,000	0,000
122302,3965	0,000	0,000	0,000
122302,4577	0,000	0,000	0,000
122302,5145	0,000	0,000	0,000
122302,5783	0,000	0,000	0,000
122302,6372	0,000	0,000	0,000
122302,6972	0,000	0,000	0,000
122302,7582	0,000	0,000	0,000
122302,8189	0,000	0,000	0,000
122302,8795	0,000	0,000	0,000
122302,9419	0,000	0,000	0,000
122302,9987	0,000	0,000	0,000
122303,0628	0,000	0,000	0,000
122303,1220	0,000	0,000	0,000
122303,1817	0,000	0,000	0,000
122303,2423	0,000	0,000	0,000
122303,3041	0,000	0,000	0,000
122303,3649	0,000	0,000	0,000
122303,4268	0,000	0,000	0,000
122303,4869	0,000	0,000	0,000
122303,5489	0,000	0,000	0,000
122303,6107	0,000	0,000	0,000
122303,6691	0,000	0,000	0,000
122303,7319	0,000	0,000	0,000
122303,7939	0,000	0,000	0,000
122303,8588	0,000	0,000	0,000
122303,9180	0,000	0,000	0,000
122303,9797	0,000	0,000	0,000
122304,0313	0,000	0,000	0,000
122304,1001	0,000	0,000	0,000
122304,1519	0,000	0,000	0,000
122304,2143	0,000	0,000	0,000
122304,2771	0,000	0,000	0,000
122304,3360	0,000	0,000	0,000
122304,3974	0,000	0,000	0,000
122304,4568	0,000	0,000	0,000
122304,5167	0,000	0,000	0,000
122304,5773	0,000	0,000	0,000
122304,6391	0,000	0,000	0,000
122304,7016	0,000	0,000	0,000
122304,7625	0,000	0,000	0,000
122304,8223	0,000	0,000	0,000
122304,8818	0,000	0,000	0,000
122304,9436	0,000	0,000	0,000
122305,0035	0,000	0,000	0,000
122305,0664	0,000	0,000	0,000
122305,1269	0,000	0,000	0,000
122305,1863	0,000	0,000	0,000
122305,2498	0,000	0,000	0,000
122305,3100	0,000	0,000	0,000
122305,3784	0,000	0,000	0,000
122305,4309	0,000	0,000	0,000
122305,4902	0,000	0,000	0,000
122305,5544	0,000	0,000	0,000
122305,6103	0,000	0,000	0,000
122305,6723	0,000	0,000	0,000
122305,7341	0,000	0,000	0,000
122305,8008	0,000	0,000	0,000
122305,8567	0,000	0,000	0,000
122305,9145	0,000	0,000	0,000
122305,9769	0,000	0,000	0,000
122306,0377	0,000	0,000	0,000
122306,0982	0,000	0,000	0,000
122306,1641	0,000	0,000	0,000
122306,2179	0,000	0,000	0,000
122306,2798	0,000	0,000	0,000
122306,3416	0,000	0,000	0,000
122306,4024	0,000	0,000	0,000
122306,4623	0,000	0,000	0,000
122306,5221	0,000	0,000	0,000
122306,5879	0,000	0,000	0,000
122306,6557	0,000	0,000	0,000
122306,7046	0,000	0,000	0,000
122306,7704	0,000	0,000	0,000
122306,8293	0,000	0,000	0,000
122306,8901	0,000	0,000	0,000
122306,9510	0,000	0,000	0,000
122307,0138	0,000	0,000	0,000
122307,0776	0,000	0,000	0,000
122307,1305	0,000	0,000	0,000
122307,1953	0,000	0,000	0,000
122307,2591	0,000	0,000	0,000
122307,3120	0,000	0,000	0,000
122307,3718	0,000	0,000	0,000
122307,4726	0,000	0,000	0,000
122307,5648	0,000	0,000	0,000
122307,6157	0,000	0,000	0,000
122307,6788	0,000	0,000	0,000
122307,7370	0,000	0,000	0,000
122307,7970	0,000	0,000	0,000
122307,8598	0,000	0,000	0,000
122307,9276	0,000	0,000	0,000
122307,9815	0,000	0,000	0,000
122308,0468	0,000	0,000	0,000
122308,1014	0,000	0,000	0,000
122308,1626	0,000	0,000	0,000
122308,2248	0,000	0,000	0,000
122308,2897	0,000	0,000	0,000
122308,3490	0,000	0,000	0,000
122308,4049	0,000	0,000	0,000
122308,4715	0,000	0,000	0,000
122308,5284	0,000	0,000	0,000
122308,5987	0,000	0,000	0,000
122308,6475	0,000	0,000	0,000
122308,7137	0,000	0,000	0,000
122308,7726	0,000	0,000	0,000
122308,8373	0,000	0,000	0,000
122308,8922	0,000	0,000	0,000
122308,9520	0,000	0,000	0,000
