093913,0297	0,000	0,000	0,000
093913,0556	0,000	0,000	0,000
093913,0826	0,000	0,000	0,000
093913,1155	0,000	0,000	0,000
093913,1435	0,000	0,000	0,000
093913,1750	0,000	0,000	0,000
093913,2047	0,000	0,000	0,000
093913,2347	0,000	0,000	0,000
093913,2672	0,000	0,000	0,000
093913,2964	0,000	0,000	0,000
093913,3270	0,000	0,000	0,000
093913,3610	0,000	0,000	0,000
093913,3875	0,000	0,000	0,000
093913,4178	0,000	0,000	0,000
093913,4524	0,000	0,000	0,000
093913,6812	0,000	0,000	0,000
093913,6887	0,000	0,000	0,000
093913,7171	0,000	0,000	0,000
093913,7471	0,000	0,000	0,000
093913,7750	0,000	0,000	0,000
093913,8045	0,000	0,000	0,000
093913,8380	0,000	0,000	0,000
093913,8665	0,000	0,000	0,000
093913,8966	0,000	0,000	0,000
093913,9285	0,000	0,000	0,000
093913,9589	0,000	0,000	0,000
093914,1901	0,000	0,000	0,000
093914,1941	0,000	0,000	0,000
093914,2234	0,000	0,000	0,000
093914,2582	0,000	0,000	0,000
093914,2857	0,000	0,000	0,000
093914,3173	0,000	0,000	0,000
093914,3453	432,000	405,000	459,000
093914,3742	540,000	513,000	486,000
093914,4050	459,000	486,000	513,000
093914,4351	513,000	486,000	486,000
093914,4684	513,000	513,000	459,000
093914,4966	486,000	486,000	486,000
093914,5274	486,000	540,000	513,000
093914,5642	405,000	513,000	486,000
093914,5902	486,000	459,000	513,000
093914,6195	486,000	513,000	513,000
093914,6507	486,000	486,000	459,000
093914,6814	486,000	486,000	513,000
093914,7134	513,000	513,000	513,000
093914,7397	459,000	513,000	540,000
093914,7714	513,000	513,000	486,000
093914,8035	459,000	513,000	486,000
093914,8298	432,000	486,000	486,000
093914,8604	486,000	486,000	486,000
093914,8908	486,000	459,000	486,000
093914,9232	486,000	513,000	513,000
093914,9505	513,000	486,000	486,000
093914,9810	486,000	486,000	486,000
093915,0111	540,000	459,000	459,000
093915,0409	486,000	486,000	486,000
093915,0719	486,000	486,000	486,000
093915,1029	486,000	567,000	459,000
093915,3363	513,000	567,000	486,000
093915,3406	459,000	486,000	513,000
093915,3697	540,000	486,000	486,000
093915,4000	459,000	486,000	486,000
093915,4289	459,000	513,000	513,000
093915,4589	513,000	459,000	459,000
093915,4941	459,000	486,000	486,000
093915,5210	486,000	459,000	513,000
093915,5527	486,000	513,000	459,000
093915,5837	486,000	486,000	459,000
093915,6123	486,000	459,000	513,000
093915,6430	513,000	486,000	459,000
093915,6725	513,000	459,000	459,000
093915,7058	486,000	459,000	486,000
093915,7334	513,000	459,000	486,000
093915,7631	513,000	540,000	459,000
093915,7942	486,000	513,000	513,000
093915,8221	540,000	486,000	486,000
093915,8530	486,000	513,000	486,000
093915,8844	513,000	459,000	513,000
093915,9130	513,000	486,000	486,000
093915,9433	459,000	540,000	513,000
093915,9744	432,000	486,000	513,000
093916,0057	513,000	486,000	486,000
093916,0350	513,000	513,000	486,000
093916,0736	459,000	459,000	513,000
093916,0926	459,000	459,000	486,000
093916,1348	486,000	459,000	513,000
093916,1567	459,000	513,000	540,000
093916,1849	486,000	486,000	486,000
093916,2156	486,000	540,000	513,000
093916,2487	459,000	513,000	540,000
093916,2780	459,000	486,000	486,000
093916,3075	513,000	513,000	486,000
093916,3392	486,000	486,000	513,000
093916,3719	486,000	459,000	486,000
093916,3993	513,000	486,000	513,000
093916,4291	486,000	513,000	513,000
093916,4588	486,000	486,000	459,000
093916,4878	486,000	513,000	486,000
093916,5199	486,000	540,000	486,000
093916,5543	513,000	486,000	486,000
093916,5808	513,000	540,000	486,000
093916,6166	486,000	486,000	513,000
093916,6417	459,000	486,000	513,000
093916,6726	486,000	486,000	540,000
093916,7026	513,000	486,000	486,000
093916,7434	486,000	486,000	513,000
093916,7684	432,000	486,000	486,000
093916,7953	459,000	459,000	513,000
093916,8252	459,000	513,000	513,000
093916,8553	486,000	486,000	513,000
093916,8882	486,000	513,000	459,000
093916,9201	486,000	486,000	486,000
093916,9461	513,000	486,000	486,000
093916,9790	513,000	486,000	459,000
093917,0109	486,000	459,000	459,000
093917,0368	486,000	486,000	513,000
093917,0687	513,000	513,000	486,000
093917,0965	513,000	486,000	540,000
093917,1294	513,000	486,000	486,000
093917,1584	486,000	486,000	486,000
093917,1882	459,000	459,000	486,000
093917,2192	513,000	513,000	486,000
093917,2511	513,000	513,000	513,000
093917,2780	459,000	459,000	486,000
093917,3079	459,000	486,000	513,000
093917,3418	513,000	513,000	459,000
093917,3688	486,000	432,000	486,000
093917,4067	486,000	486,000	513,000
093917,4326	486,000	432,000	486,000
093917,4605	513,000	459,000	486,000
093917,4904	459,000	459,000	540,000
093917,5204	486,000	513,000	486,000
093917,5533	513,000	513,000	486,000
093917,5832	486,000	486,000	540,000
093917,6161	486,000	513,000	513,000
093917,6450	513,000	459,000	486,000
093917,6720	486,000	486,000	486,000
093917,7019	513,000	459,000	486,000
093917,7328	513,000	513,000	486,000
093917,7657	486,000	486,000	486,000
093917,7926	513,000	513,000	486,000
093917,8245	459,000	513,000	486,000
093917,8545	486,000	513,000	540,000
093917,8864	513,000	486,000	459,000
093917,9163	459,000	513,000	513,000
093917,9452	459,000	513,000	513,000
093918,0300	486,000	486,000	513,000
093918,1016	459,000	459,000	486,000
093918,1385	486,000	459,000	513,000
093918,1415	486,000	486,000	513,000
093918,1714	459,000	513,000	459,000
093918,2023	513,000	540,000	540,000
093918,2322	513,000	486,000	513,000
093918,2611	459,000	513,000	486,000
093918,2921	540,000	459,000	513,000
093918,3210	540,000	459,000	513,000
093918,3546	486,000	486,000	513,000
093918,3843	513,000	486,000	513,000
093918,4162	432,000	486,000	513,000
093918,4426	513,000	513,000	459,000
093918,4742	486,000	486,000	513,000
093918,5062	486,000	486,000	513,000
093918,5371	513,000	486,000	513,000
093918,5666	486,000	432,000	513,000
093918,5999	486,000	486,000	486,000
093918,6268	459,000	486,000	513,000
093918,6611	513,000	513,000	513,000
093918,6878	513,000	486,000	486,000
093918,7208	459,000	513,000	513,000
093918,7497	486,000	540,000	513,000
093918,7783	486,000	459,000	486,000
093918,8076	459,000	486,000	513,000
093918,8385	459,000	540,000	540,000
093918,8708	486,000	540,000	486,000
093918,8988	486,000	513,000	540,000
093918,9316	486,000	486,000	513,000
093918,9600	513,000	513,000	459,000
093918,9903	486,000	513,000	486,000
093919,0214	486,000	513,000	513,000
093919,0558	486,000	486,000	486,000
093919,0815	513,000	513,000	513,000
093919,1137	459,000	513,000	513,000
093919,3446	486,000	459,000	486,000
093919,3489	513,000	513,000	513,000
093919,3850	459,000	486,000	486,000
093919,4135	486,000	486,000	486,000
093919,4418	459,000	459,000	513,000
093919,4707	513,000	513,000	486,000
093919,4995	486,000	486,000	486,000
093919,5347	486,000	486,000	513,000
093919,5614	513,000	486,000	432,000
093919,5909	486,000	459,000	486,000
093919,6218	486,000	513,000	486,000
093919,6570	486,000	486,000	459,000
093919,6840	486,000	486,000	459,000
093919,7133	513,000	513,000	513,000
093919,7436	513,000	567,000	459,000
093919,7737	486,000	513,000	513,000
093919,8076	486,000	486,000	513,000
093919,8350	486,000	486,000	540,000
093919,8654	486,000	486,000	513,000
093919,8988	459,000	486,000	513,000
093919,9272	513,000	486,000	513,000
093919,9578	486,000	459,000	486,000
093919,9932	486,000	540,000	513,000
093920,0201	486,000	486,000	459,000
093920,0488	459,000	459,000	513,000
093920,0779	486,000	513,000	486,000
093920,1127	513,000	459,000	486,000
093920,1407	513,000	486,000	486,000
093920,1707	486,000	513,000	540,000
093920,2020	486,000	513,000	486,000
093920,2317	486,000	459,000	540,000
093920,2620	513,000	486,000	513,000
093920,2907	513,000	486,000	459,000
093920,3209	459,000	486,000	486,000
093920,3513	486,000	486,000	459,000
093920,3831	486,000	513,000	513,000
093920,4130	486,000	486,000	459,000
093920,4428	486,000	513,000	540,000
093920,4756	486,000	513,000	459,000
093920,5064	486,000	486,000	486,000
093920,5347	459,000	486,000	513,000
093920,5658	513,000	513,000	513,000
093920,6062	513,000	513,000	513,000
093920,6267	486,000	513,000	513,000
093920,6565	459,000	513,000	486,000
093920,6864	486,000	486,000	513,000
093920,7194	459,000	486,000	513,000
093920,9512	486,000	486,000	459,000
093920,9582	513,000	486,000	513,000
093920,9872	459,000	486,000	513,000
093921,0171	486,000	540,000	459,000
093921,0484	513,000	513,000	513,000
093921,0788	486,000	513,000	513,000
093921,1077	486,000	486,000	513,000
093921,1389	513,000	459,000	540,000
093921,1698	486,000	513,000	486,000
093921,2020	486,000	513,000	486,000
093921,2327	513,000	486,000	486,000
093921,2749	459,000	513,000	486,000
093921,2940	486,000	486,000	486,000
093921,3250	513,000	486,000	486,000
093921,3527	459,000	513,000	513,000
093921,3841	486,000	459,000	486,000
093921,4122	486,000	459,000	486,000
093921,4433	486,000	459,000	486,000
093921,4736	486,000	486,000	459,000
093921,5036	486,000	513,000	513,000
093921,5392	486,000	486,000	486,000
093921,5664	513,000	459,000	486,000
093921,5972	486,000	486,000	486,000
093921,6293	513,000	459,000	486,000
093921,6586	486,000	540,000	540,000
093921,6886	513,000	540,000	486,000
093921,7246	486,000	486,000	486,000
093921,7527	486,000	513,000	513,000
093921,7810	513,000	513,000	513,000
093921,8105	486,000	513,000	486,000
093921,8414	486,000	486,000	486,000
093922,0767	486,000	513,000	513,000
093922,0847	486,000	486,000	540,000
093922,3130	513,000	486,000	459,000
093922,3180	459,000	513,000	513,000
093922,3480	513,000	486,000	486,000
093922,3770	513,000	513,000	540,000
093922,4069	486,000	540,000	513,000
093922,4368	459,000	513,000	513,000
093922,4678	486,000	513,000	486,000
093922,4977	459,000	486,000	486,000
093922,5346	513,000	459,000	540,000
093922,5585	513,000	459,000	513,000
093922,5894	486,000	513,000	513,000
093922,6184	486,000	486,000	513,000
093922,6533	513,000	459,000	486,000
093922,6812	459,000	459,000	486,000
093922,7101	459,000	486,000	486,000
093922,7420	486,000	459,000	486,000
093922,7700	513,000	486,000	486,000
093922,8019	459,000	540,000	513,000
093922,8308	513,000	486,000	513,000
093922,8617	513,000	513,000	486,000
093922,8906	513,000	513,000	513,000
093922,9225	486,000	459,000	486,000
093922,9744	513,000	486,000	513,000
093923,0003	486,000	513,000	486,000
093923,0243	486,000	486,000	486,000
093923,0911	513,000	486,000	486,000
093923,1769	513,000	459,000	513,000
093923,1998	486,000	486,000	459,000
093923,2098	486,000	486,000	486,000
093923,2407	486,000	540,000	513,000
093923,2716	486,000	486,000	513,000
093923,3016	513,000	486,000	486,000
093923,3332	459,000	459,000	513,000
093923,3641	486,000	486,000	513,000
093923,5955	459,000	459,000	459,000
093923,6005	540,000	459,000	486,000
093923,6332	486,000	540,000	486,000
093923,6671	486,000	459,000	486,000
093923,6925	459,000	513,000	513,000
093923,7237	459,000	513,000	486,000
093923,7539	486,000	513,000	540,000
093923,7832	486,000	513,000	486,000
093924,0158	486,000	513,000	459,000
093924,0189	459,000	486,000	459,000
093924,0497	459,000	486,000	540,000
093924,0805	459,000	540,000	459,000
093924,1099	486,000	486,000	513,000
093924,1409	459,000	486,000	486,000
093924,1714	513,000	513,000	459,000
093924,2022	513,000	486,000	486,000
093924,2341	513,000	459,000	486,000
093924,2640	486,000	513,000	486,000
093924,2938	459,000	486,000	513,000
093924,3231	513,000	486,000	513,000
093924,3571	486,000	513,000	459,000
093924,3836	486,000	513,000	513,000
093924,4133	432,000	486,000	513,000
093924,4562	513,000	486,000	486,000
093924,4747	486,000	513,000	486,000
093924,5080	486,000	486,000	513,000
093924,5354	486,000	486,000	486,000
093924,5667	486,000	513,000	540,000
093924,6007	459,000	459,000	486,000
093924,6275	486,000	513,000	486,000
093924,6620	459,000	459,000	540,000
093924,8994	486,000	486,000	513,000
093924,9111	0,000	0,000	0,000
093924,9417	513,000	513,000	513,000
093924,9704	243,000	351,000	189,000
093924,9933	459,000	432,000	540,000
093925,0244	513,000	513,000	540,000
093925,0547	513,000	540,000	486,000
093925,0867	459,000	513,000	513,000
093925,1216	486,000	513,000	486,000
093925,1470	459,000	513,000	513,000
093925,1793	459,000	486,000	486,000
093925,2073	513,000	459,000	459,000
093925,2382	486,000	513,000	459,000
093925,2687	486,000	513,000	513,000
093925,3020	459,000	486,000	513,000
093925,3314	486,000	486,000	540,000
093925,3601	486,000	486,000	513,000
093925,3933	513,000	486,000	486,000
093925,4207	459,000	540,000	513,000
093925,4515	513,000	513,000	459,000
093925,4854	459,000	459,000	486,000
093925,5128	486,000	486,000	486,000
093925,7477	459,000	486,000	540,000
093925,7587	0,000	0,000	0,000
093925,7857	486,000	513,000	486,000
093925,8167	243,000	216,000	162,000
093925,8423	459,000	486,000	540,000
093925,9224	432,000	459,000	486,000
093925,9378	459,000	513,000	459,000
093925,9746	432,000	513,000	513,000
093925,9917	486,000	459,000	459,000
093926,0169	459,000	486,000	486,000
093926,0508	459,000	513,000	486,000
093926,0795	486,000	486,000	540,000
093926,1083	459,000	486,000	486,000
093926,1467	486,000	540,000	486,000
093926,1724	513,000	486,000	513,000
093926,2032	486,000	486,000	513,000
093926,2278	513,000	513,000	486,000
093926,2598	513,000	513,000	459,000
093926,2887	486,000	486,000	486,000
093926,3186	486,000	540,000	486,000
093926,3555	486,000	513,000	486,000
093926,3815	486,000	486,000	486,000
093926,4104	486,000	513,000	513,000
093926,4424	513,000	459,000	513,000
093926,4706	459,000	513,000	486,000
093926,4997	459,000	486,000	513,000
093926,5299	486,000	459,000	513,000
093926,5611	459,000	513,000	486,000
093926,5929	486,000	540,000	513,000
093926,6219	459,000	486,000	459,000
093926,6549	513,000	459,000	486,000
093926,6822	513,000	540,000	513,000
093926,7122	486,000	486,000	486,000
093926,7435	459,000	486,000	486,000
093926,7748	540,000	567,000	540,000
093926,8016	486,000	486,000	513,000
093926,8333	486,000	486,000	486,000
093926,8636	540,000	513,000	486,000
093926,8956	459,000	513,000	459,000
093926,9228	486,000	486,000	459,000
093926,9557	459,000	459,000	486,000
093926,9847	486,000	486,000	513,000
093927,0146	486,000	486,000	459,000
093927,0425	513,000	486,000	513,000
093927,0768	432,000	513,000	513,000
093927,1028	486,000	486,000	486,000
093927,1337	486,000	513,000	540,000
093927,1666	486,000	513,000	513,000
093927,2055	486,000	513,000	486,000
093927,2264	513,000	513,000	540,000
093927,2553	513,000	459,000	513,000
093927,2853	432,000	432,000	459,000
093927,3152	486,000	513,000	567,000
093927,3471	540,000	513,000	486,000
093927,3760	486,000	486,000	513,000
093927,4069	513,000	513,000	486,000
093927,4379	513,000	486,000	486,000
093927,4678	486,000	513,000	459,000
093927,4977	486,000	486,000	486,000
093927,5286	513,000	486,000	513,000
093927,5575	27,000	81,000	135,000
093927,7897	-27,000	27,000	-27,000
093927,7957	0,000	0,000	0,000
093927,8227	0,000	0,000	0,000
093927,8536	0,000	0,000	0,000
093927,8895	-540,000	-432,000	-513,000
093927,9164	-513,000	-513,000	-513,000
093927,9463	-486,000	-513,000	-513,000
093927,9792	-459,000	-486,000	-540,000
093928,0082	-513,000	-486,000	-540,000
093928,0381	-459,000	-513,000	-459,000
093928,0660	-486,000	-513,000	-513,000
093928,0989	-513,000	-459,000	-540,000
093928,1268	-459,000	-540,000	-513,000
093928,1568	-486,000	-567,000	-486,000
093928,2505	-486,000	-486,000	-486,000
093928,3403	-486,000	-486,000	-540,000
093928,3632	-486,000	-486,000	-513,000
093928,3842	-486,000	-486,000	-513,000
093928,4042	-513,000	-513,000	-540,000
093928,4353	-459,000	-540,000	-513,000
093928,4711	-486,000	-486,000	-486,000
093928,4967	-486,000	-513,000	-513,000
093928,5286	-486,000	-486,000	-486,000
093928,5535	-513,000	-513,000	-540,000
093928,5845	-486,000	-513,000	-513,000
093928,6154	-459,000	-513,000	-513,000
093928,6453	-486,000	-459,000	-540,000
093928,6768	-486,000	-513,000	-486,000
093928,7062	-486,000	-513,000	-513,000
093928,7378	-486,000	-486,000	-513,000
093928,7660	-486,000	-486,000	-513,000
093928,7983	-432,000	-513,000	-513,000
093928,8256	-513,000	-486,000	-540,000
093928,8594	-486,000	-513,000	-486,000
093928,8876	-486,000	-486,000	-486,000
093928,9190	-513,000	-486,000	-513,000
093928,9512	-513,000	-540,000	-513,000
093928,9808	-459,000	-540,000	-513,000
093929,0114	-486,000	-486,000	-513,000
093929,0446	-486,000	-486,000	-513,000
093929,0710	-486,000	-513,000	-513,000
093929,1063	-486,000	-486,000	-459,000
093929,1354	-486,000	-459,000	-486,000
093929,1677	-486,000	-513,000	-486,000
093929,1973	-486,000	-513,000	-513,000
093929,2251	-513,000	-459,000	-486,000
093929,2537	-486,000	-513,000	-486,000
093929,2859	-486,000	-459,000	-513,000
093929,3176	-486,000	-459,000	-486,000
093929,3451	-486,000	-486,000	-486,000
093929,3788	-513,000	-513,000	-540,000
093929,4119	-486,000	-486,000	-513,000
093929,4371	-459,000	-513,000	-486,000
093929,4695	-459,000	-486,000	-513,000
093929,5017	-486,000	-459,000	-486,000
093929,5289	-513,000	-513,000	-513,000
093929,5592	-486,000	-540,000	-486,000
093929,5891	-486,000	-486,000	-486,000
093929,6249	-513,000	-513,000	-540,000
093929,6508	-486,000	-513,000	-513,000
093929,6812	-486,000	-513,000	-486,000
093929,7121	-513,000	-486,000	-486,000
093929,7426	-459,000	-540,000	-486,000
093929,7744	-486,000	-486,000	-513,000
093929,8027	-486,000	-513,000	-486,000
093929,8356	-486,000	-486,000	-513,000
093929,8643	-486,000	-459,000	-486,000
093929,8952	-513,000	-513,000	-486,000
093929,9259	-513,000	-486,000	-513,000
093929,9558	-486,000	-486,000	-486,000
093929,9847	-540,000	-513,000	-486,000
093930,0196	-486,000	-513,000	-513,000
093930,0455	-486,000	-513,000	-567,000
093930,0766	-486,000	-540,000	-486,000
093930,1112	-459,000	-513,000	-486,000
093930,1372	-486,000	-486,000	-513,000
093930,1671	-513,000	-486,000	-486,000
093930,2023	-513,000	-486,000	-513,000
093930,2329	-486,000	-486,000	-540,000
093930,2597	-486,000	-486,000	-459,000
093930,2905	-513,000	-486,000	-486,000
093930,3234	-486,000	-459,000	-486,000
093930,3503	-486,000	-486,000	-486,000
093930,3805	-513,000	-513,000	-486,000
093930,4115	-486,000	-486,000	-486,000
093930,4424	-486,000	-486,000	-459,000
093930,4873	-459,000	-540,000	-486,000
093930,5078	-459,000	-459,000	-513,000
093930,5352	-486,000	-513,000	-513,000
093930,5668	-486,000	-513,000	-513,000
093930,5961	-486,000	-486,000	-486,000
093930,6257	-513,000	-459,000	-513,000
093930,6575	-486,000	-513,000	-486,000
093930,6865	-513,000	-486,000	-486,000
093930,7216	-486,000	-486,000	-486,000
093930,7464	-513,000	-540,000	-513,000
093930,7766	-459,000	-513,000	-513,000
093930,8067	-486,000	-486,000	-486,000
093930,8363	-540,000	-486,000	-486,000
093930,8700	-459,000	-459,000	-486,000
093930,9557	-486,000	-540,000	-513,000
093930,9710	-486,000	-459,000	-513,000
093930,9896	-486,000	-486,000	-486,000
093931,0227	-486,000	-513,000	-459,000
093931,0526	-486,000	-459,000	-540,000
093931,0863	-513,000	-432,000	-513,000
093931,1121	-513,000	-486,000	-513,000
093931,1446	-486,000	-513,000	-513,000
093931,1726	-459,000	-486,000	-513,000
093931,2015	-513,000	-513,000	-486,000
093931,2325	-513,000	-513,000	-513,000
093931,2617	-459,000	-459,000	-513,000
093931,2915	-486,000	-459,000	-459,000
093931,3281	-513,000	-513,000	-513,000
093931,3545	-486,000	-513,000	-513,000
093931,3857	-486,000	-486,000	-513,000
093931,4182	-459,000	-513,000	-513,000
093931,4447	-486,000	-513,000	-513,000
093931,4751	-486,000	-486,000	-486,000
093931,5046	-486,000	-513,000	-486,000
093931,5358	-486,000	-486,000	-486,000
093931,5667	-486,000	-486,000	-459,000
093931,5947	-486,000	-486,000	-486,000
093931,6247	-486,000	-486,000	-486,000
093931,6547	-486,000	-513,000	-486,000
093931,6860	-486,000	-486,000	-513,000
093931,7206	-459,000	-486,000	-486,000
093931,7480	-486,000	-432,000	-459,000
093931,7787	-513,000	-513,000	-486,000
093931,8086	-486,000	-486,000	-486,000
093931,8386	-486,000	-486,000	-486,000
093931,8709	-513,000	-486,000	-486,000
093931,8982	-486,000	-513,000	-540,000
093931,9297	-486,000	-486,000	-513,000
093931,9619	-486,000	-513,000	-486,000
093931,9892	-486,000	-486,000	-540,000
093932,0221	-486,000	-513,000	-486,000
093932,0487	-486,000	-459,000	-513,000
093932,0806	-513,000	-486,000	-513,000
093932,1357	-486,000	-459,000	-486,000
093932,1466	-513,000	-513,000	-513,000
093932,1716	-513,000	-513,000	-513,000
093932,2020	-459,000	-459,000	-486,000
093932,2320	-486,000	-513,000	-540,000
093932,2670	-486,000	-486,000	-486,000
093932,2939	-486,000	-486,000	-486,000
093932,3227	-486,000	-486,000	-513,000
093932,3576	-486,000	-513,000	-486,000
093932,3845	-486,000	-486,000	-486,000
093932,4144	-486,000	-486,000	-486,000
093932,4444	-513,000	-486,000	-513,000
093932,4763	-486,000	-540,000	-486,000
093932,5052	-459,000	-459,000	-540,000
093932,5351	-513,000	-486,000	-486,000
093932,5660	-459,000	-486,000	-459,000
093932,5960	-513,000	-486,000	-486,000
093932,6249	-513,000	-513,000	-486,000
093932,6558	-486,000	-513,000	-486,000
093932,6887	-486,000	-513,000	-486,000
093932,7156	-459,000	-513,000	-513,000
093932,7495	-486,000	-567,000	-486,000
093932,7775	-459,000	-459,000	-513,000
093932,8064	-486,000	-513,000	-513,000
093932,8363	-513,000	-540,000	-513,000
093932,8712	-459,000	-486,000	-486,000
093932,8981	-513,000	-513,000	-540,000
093932,9271	-513,000	-513,000	-486,000
093932,9580	-486,000	-459,000	-486,000
093932,9909	-513,000	-486,000	-513,000
093933,0218	-513,000	-513,000	-486,000
093933,0487	-459,000	-432,000	-459,000
093933,0817	-540,000	-486,000	-513,000
093933,1106	-486,000	-540,000	-513,000
093933,1395	-459,000	-486,000	-486,000
093933,1744	-486,000	-513,000	-486,000
093933,2053	-513,000	-513,000	-513,000
093933,2303	-486,000	-486,000	-486,000
093933,2602	-459,000	-459,000	-486,000
093933,2941	-513,000	-486,000	-540,000
093933,3220	-486,000	-513,000	-486,000
093933,3499	-486,000	-486,000	-486,000
093933,3829	-486,000	-540,000	-540,000
093933,4596	-486,000	-486,000	-513,000
093933,5474	-486,000	-486,000	-513,000
093933,5703	-513,000	-486,000	-486,000
093933,5804	-486,000	-513,000	-459,000
093933,6127	-486,000	-486,000	-459,000
093933,6429	-486,000	-486,000	-486,000
093933,6738	-513,000	-513,000	-459,000
093933,7032	-513,000	-486,000	-486,000
093933,7316	-513,000	-459,000	-486,000
093933,7615	-513,000	-486,000	-486,000
093933,7989	-486,000	-486,000	-486,000
093933,8263	-486,000	-486,000	-513,000
093933,8540	-486,000	-513,000	-540,000
093933,8870	-486,000	-513,000	-513,000
093933,9196	-486,000	-459,000	-486,000
093933,9455	-513,000	-486,000	-513,000
093933,9779	-486,000	-513,000	-513,000
093934,0079	-486,000	-486,000	-486,000
093934,0745	-459,000	-513,000	-486,000
093934,0799	-459,000	-486,000	-486,000
093934,1097	-486,000	-540,000	-513,000
093934,1380	-486,000	-513,000	-486,000
093934,1781	-486,000	-459,000	-486,000
093934,2053	-486,000	-513,000	-513,000
093934,4327	-540,000	-486,000	-486,000
093934,4377	-513,000	-513,000	-486,000
093934,4677	-486,000	-486,000	-459,000
093934,4966	-486,000	-486,000	-486,000
093934,5272	-486,000	-486,000	-486,000
093934,5562	-486,000	-486,000	-459,000
093934,5872	-513,000	-513,000	-540,000
093934,6171	-486,000	-513,000	-513,000
093934,6490	-486,000	-459,000	-459,000
093934,6780	-459,000	-486,000	-513,000
093934,7160	-486,000	-513,000	-540,000
093934,7400	-486,000	-459,000	-486,000
093934,7699	-486,000	-486,000	-486,000
093935,0020	-513,000	-459,000	-513,000
093935,0166	0,000	0,000	0,000
093935,0396	-486,000	-459,000	-513,000
093935,0678	-513,000	-486,000	-540,000
093935,0978	-405,000	-432,000	-432,000
093935,3323	-486,000	-486,000	-513,000
093935,3363	-513,000	-540,000	-540,000
093935,3653	-432,000	-513,000	-486,000
093935,3972	-459,000	-486,000	-540,000
093935,4274	-486,000	-513,000	-486,000
093935,4583	-486,000	-540,000	-513,000
093935,4883	-513,000	-486,000	-486,000
093935,5187	-513,000	-486,000	-459,000
093935,5528	-459,000	-486,000	-513,000
093935,5814	-486,000	-540,000	-486,000
093935,6107	-513,000	-513,000	-459,000
093935,6422	-459,000	-486,000	-486,000
093935,6739	-513,000	-459,000	-486,000
093935,7026	-486,000	-486,000	-459,000
093935,7341	-486,000	-459,000	-486,000
093935,7650	-486,000	-459,000	-486,000
093935,7938	-486,000	-513,000	-540,000
093935,8241	-486,000	-513,000	-459,000
093935,8553	-486,000	-513,000	-486,000
093935,8862	-513,000	-486,000	-486,000
093935,9183	-459,000	-486,000	-432,000
093935,9501	-513,000	-513,000	-486,000
093935,9794	-513,000	-459,000	-513,000
093936,2138	-432,000	-513,000	-513,000
093936,6253	-486,000	-486,000	-486,000
093936,6306	0,000	27,000	27,000
093936,6614	0,000	0,000	0,000
093936,6909	-432,000	-432,000	-378,000
093936,7218	-459,000	-459,000	-513,000
093936,7513	-513,000	-513,000	-486,000
093936,7847	-486,000	-486,000	-513,000
093936,8099	-486,000	-486,000	-540,000
093936,8399	-486,000	-486,000	-513,000
093936,8700	-486,000	-486,000	-486,000
093936,9014	-486,000	-486,000	-513,000
093936,9307	-486,000	-486,000	-486,000
093936,9600	-486,000	-486,000	-459,000
093936,9926	-486,000	-513,000	-486,000
093937,0206	-486,000	-486,000	-486,000
093937,0521	-486,000	-486,000	-486,000
093937,0824	-513,000	-513,000	-486,000
093937,1128	-459,000	-486,000	-486,000
093937,1485	-486,000	-486,000	-486,000
093937,1764	-486,000	-486,000	-513,000
093937,2033	-486,000	-459,000	-486,000
093937,2341	-486,000	-486,000	-486,000
093937,2629	-459,000	-486,000	-486,000
093937,2978	-486,000	-540,000	-486,000
093937,3237	-486,000	-459,000	-486,000
093937,3593	-486,000	-486,000	-513,000
093937,3851	-486,000	-486,000	-513,000
093937,4161	-459,000	-459,000	-459,000
093937,4460	-513,000	-513,000	-513,000
093937,4759	-486,000	-486,000	-513,000
093937,5048	-459,000	-486,000	-486,000
093937,5348	-459,000	-540,000	-486,000
093937,5647	-459,000	-486,000	-513,000
093937,5966	-459,000	-486,000	-459,000
093937,6255	-513,000	-486,000	-486,000
093937,6554	-540,000	-513,000	-486,000
093937,6854	-513,000	-459,000	-486,000
093937,7173	-513,000	-486,000	-513,000
093937,7472	-459,000	-486,000	-513,000
093937,7761	-513,000	-459,000	-486,000
093937,8110	-513,000	-459,000	-513,000
093937,8370	-486,000	-459,000	-486,000
093937,8679	-513,000	-486,000	-459,000
093937,9008	-513,000	-486,000	-486,000
093937,9267	-459,000	-486,000	-486,000
093937,9576	-459,000	-459,000	-486,000
093937,9886	-513,000	-459,000	-513,000
093938,0185	-486,000	-513,000	-540,000
093938,0484	-459,000	-486,000	-486,000
093938,0823	-486,000	-486,000	-486,000
093938,1082	-486,000	-513,000	-513,000
093938,1382	-486,000	-486,000	-540,000
093938,1691	-459,000	-540,000	-486,000
093938,1990	-459,000	-513,000	-486,000
093938,2289	-486,000	-513,000	-513,000
093938,2618	-486,000	-459,000	-486,000
093938,2897	-486,000	-486,000	-513,000
093938,3227	-486,000	-513,000	-486,000
093938,3516	-486,000	-459,000	-486,000
093938,3825	-513,000	-513,000	-513,000
093938,4114	-486,000	-486,000	-513,000
093938,4423	-486,000	-486,000	-486,000
093938,4733	-486,000	-486,000	-513,000
093938,5022	-486,000	-513,000	-486,000
093938,5341	-513,000	-459,000	-486,000
093938,5640	-540,000	-486,000	-540,000
093938,5929	-486,000	-513,000	-486,000
093938,6598	-459,000	-486,000	-513,000
093938,7526	-486,000	-486,000	-486,000
093938,7755	-540,000	-567,000	-540,000
093938,7978	-459,000	-486,000	-513,000
093938,8175	-459,000	-486,000	-486,000
093938,8474	-486,000	-513,000	-513,000
093938,8791	-486,000	-513,000	-513,000
093938,9090	-459,000	-486,000	-486,000
093938,9969	-513,000	-513,000	-486,000
093939,0119	-486,000	-513,000	-486,000
093939,0305	-486,000	-486,000	-513,000
093939,0614	-513,000	-486,000	-486,000
093939,0916	-486,000	-486,000	-486,000
093939,1205	-459,000	-486,000	-486,000
093939,1673	-513,000	-459,000	-486,000
093939,1851	-567,000	-513,000	-486,000
093939,2128	-459,000	-459,000	-540,000
093939,2446	-486,000	-486,000	-486,000
093939,2763	-486,000	-513,000	-486,000
093939,3038	-486,000	-486,000	-540,000
093939,3337	-486,000	-486,000	-540,000
093939,3628	-486,000	-486,000	-486,000
093939,3962	-486,000	-486,000	-513,000
093939,4225	-513,000	-513,000	-513,000
093939,4550	-486,000	-540,000	-486,000
093939,4894	-459,000	-513,000	-540,000
093939,5171	-486,000	-513,000	-486,000
093939,5516	-513,000	-513,000	-486,000
093939,5776	-486,000	-513,000	-513,000
093939,6081	-486,000	-513,000	-513,000
093939,6402	-513,000	-540,000	-486,000
093939,6678	-486,000	-486,000	-540,000
093939,6978	-486,000	-513,000	-513,000
093939,7302	-486,000	-513,000	-486,000
093939,7589	-459,000	-486,000	-486,000
093939,7877	-513,000	-486,000	-486,000
093939,8197	-513,000	-486,000	-459,000
093939,8577	-540,000	-513,000	-486,000
093939,8800	-486,000	-486,000	-513,000
093939,9112	-486,000	-486,000	-486,000
093939,9417	-459,000	-513,000	-486,000
093939,9765	-486,000	-486,000	-486,000
093940,0034	-486,000	-513,000	-486,000
093940,0350	-459,000	-486,000	-486,000
093940,0666	-513,000	-486,000	-513,000
093940,0936	-513,000	-486,000	-540,000
093940,1235	-459,000	-486,000	-459,000
093940,1534	-486,000	-513,000	-513,000
093940,1854	-432,000	-513,000	-513,000
093940,2143	-486,000	-486,000	-486,000
093940,2452	-486,000	-486,000	-486,000
093940,2791	-513,000	-513,000	-513,000
093940,3060	-486,000	-486,000	-513,000
093940,5375	-486,000	-486,000	-486,000
093940,5415	-486,000	-513,000	-513,000
093940,5743	-540,000	-513,000	-486,000
093940,5998	-486,000	-513,000	-486,000
093940,6342	-486,000	-513,000	-486,000
093940,6638	-513,000	-486,000	-486,000
093940,6928	-486,000	-540,000	-513,000
093940,7256	-486,000	-486,000	-486,000
093940,7533	-513,000	-567,000	-513,000
093940,7930	-459,000	-513,000	-486,000
093940,8140	-459,000	-513,000	-486,000
093940,8438	-486,000	-513,000	-513,000
093940,9018	-459,000	-486,000	-540,000
093940,9068	-513,000	-540,000	-513,000
093940,9356	-513,000	-513,000	-513,000
093940,9660	-486,000	-513,000	-459,000
093940,9969	-486,000	-486,000	-486,000
093941,0301	-513,000	-513,000	-486,000
093941,0578	-486,000	-486,000	-486,000
093941,0977	-459,000	-459,000	-486,000
093941,1203	-459,000	-486,000	-486,000
093941,1474	-540,000	-513,000	-486,000
093941,1778	-486,000	-459,000	-459,000
093941,2086	-540,000	-486,000	-486,000
093941,2366	-459,000	-486,000	-486,000
093941,2668	-459,000	-486,000	-513,000
093941,2973	-27,000	-54,000	-27,000
093941,3308	27,000	0,000	27,000
093941,3576	0,000	0,000	0,000
093941,3880	0,000	0,000	0,000
093941,4239	0,000	0,000	0,000
093941,4487	0,000	0,000	0,000
093941,4787	0,000	0,000	0,000
093941,5103	0,000	0,000	0,000
093941,5408	0,000	0,000	0,000
093941,5699	0,000	0,000	0,000
093941,6022	0,000	0,000	0,000
093941,6324	0,000	0,000	0,000
093941,6624	0,000	0,000	0,000
093941,6925	0,000	0,000	0,000
093941,7232	0,000	0,000	0,000
093941,7529	0,000	0,000	0,000
093941,7819	0,000	0,000	0,000
093941,8183	0,000	0,000	0,000
093941,8450	0,000	0,000	0,000
093941,8747	0,000	0,000	0,000
093941,9065	0,000	0,000	0,000
093941,9376	0,000	0,000	0,000
093941,9677	0,000	0,000	0,000
093941,9936	0,000	0,000	0,000
093942,0237	0,000	0,000	0,000
093942,0543	0,000	0,000	0,000
093942,0872	0,000	0,000	0,000
093942,1152	0,000	0,000	0,000
093942,1442	0,000	0,000	0,000
093942,1795	0,000	0,000	0,000
093942,2073	0,000	0,000	0,000
093942,2385	0,000	0,000	0,000
093942,2666	0,000	0,000	0,000
093942,2977	0,000	0,000	0,000
093942,3307	0,000	0,000	0,000
093942,3694	0,000	0,000	0,000
093942,3893	0,000	0,000	0,000
093942,4210	0,000	0,000	0,000
093942,4479	0,000	0,000	0,000
093942,4777	0,000	0,000	0,000
093942,5087	0,000	0,000	0,000
093942,5451	0,000	0,000	0,000
093942,5686	0,000	0,000	0,000
093942,5985	0,000	0,000	0,000
093942,6306	0,000	0,000	0,000
093942,6625	0,000	0,000	0,000
093942,6914	0,000	0,000	0,000
093942,7243	0,000	0,000	0,000
093942,7502	0,000	0,000	0,000
093942,7841	0,000	0,000	0,000
093942,8111	0,000	0,000	0,000
093942,8410	0,000	0,000	0,000
093942,8729	0,000	0,000	0,000
093942,9018	0,000	0,000	0,000
093942,9318	0,000	0,000	0,000
093942,9647	0,000	0,000	0,000
093943,0066	0,000	0,000	0,000
093943,0215	0,000	0,000	0,000
093943,0574	0,000	0,000	0,000
093943,0833	0,000	0,000	0,000
093943,1123	0,000	0,000	0,000
093943,1432	0,000	0,000	0,000
093943,1731	0,000	0,000	0,000
