093900,2928	-0,662	0,222	0,434	1,000	4,452	0,006	-0,039	0,003	0,999
093900,3018	-0,662	0,222	0,434	1,000	4,459	0,006	-0,039	0,003	0,999
093900,3108	-0,662	0,222	0,434	1,000	4,588	0,006	-0,040	0,001	0,999
093900,3198	-0,662	0,222	0,434	1,000	4,589	0,006	-0,040	0,001	0,999
093900,3288	-0,662	0,222	0,434	1,000	4,452	0,006	-0,039	0,003	0,999
093900,3388	-0,662	0,222	0,434	1,000	4,456	0,006	-0,039	0,003	0,999
093900,3477	-0,662	0,222	0,434	1,000	4,464	0,006	-0,039	0,003	0,999
093900,3578	-0,662	0,222	0,434	1,000	4,457	0,006	-0,039	0,003	0,999
093900,3667	-0,662	0,222	0,434	1,000	4,464	0,006	-0,039	0,003	0,999
093900,3764	-0,662	0,222	0,434	1,000	4,593	0,006	-0,040	0,001	0,999
093900,3848	-0,662	0,222	0,434	1,000	4,463	0,006	-0,039	0,003	0,999
093900,3951	-0,662	0,222	0,434	1,000	4,585	0,006	-0,040	0,001	0,999
093900,4041	-0,662	0,222	0,434	1,000	4,596	0,006	-0,040	0,001	0,999
093900,4133	-0,662	0,222	0,434	1,000	4,591	0,006	-0,040	0,001	0,999
093900,4220	-0,662	0,222	0,434	1,000	4,593	0,006	-0,040	0,001	0,999
093900,4316	-0,662	0,222	0,434	1,000	4,452	0,006	-0,039	0,003	0,999
093900,4408	-0,662	0,222	0,434	1,000	4,452	0,006	-0,039	0,003	0,999
093900,4501	-0,662	0,222	0,434	1,000	4,445	0,006	-0,039	0,003	0,999
093900,4596	-0,662	0,222	0,434	1,000	4,593	0,006	-0,040	0,001	0,999
093900,4702	-0,662	0,222	0,434	1,000	4,458	0,006	-0,039	0,003	0,999
093900,4796	-0,662	0,222	0,434	1,000	4,454	0,006	-0,039	0,003	0,999
093900,4892	-0,662	0,222	0,434	1,000	4,445	0,006	-0,039	0,003	0,999
093900,4978	-0,662	0,222	0,434	1,000	4,452	0,006	-0,039	0,003	0,999
093900,5076	-0,662	0,222	0,434	1,000	4,459	0,006	-0,039	0,003	0,999
093900,5175	-0,662	0,222	0,434	1,000	4,590	0,006	-0,040	0,001	0,999
093900,5275	-0,662	0,222	0,434	1,000	4,594	0,006	-0,040	0,001	0,999
093900,5367	-0,662	0,222	0,434	1,000	4,594	0,006	-0,040	0,001	0,999
093900,5462	-0,662	0,222	0,434	1,000	4,602	0,006	-0,040	0,001	0,999
093900,5550	-0,662	0,222	0,434	1,000	4,458	0,006	-0,039	0,003	0,999
093900,5645	-0,662	0,222	0,434	1,000	4,595	0,006	-0,040	0,001	0,999
093900,5728	-0,662	0,222	0,434	1,000	4,451	0,006	-0,039	0,003	0,999
093900,5828	-0,662	0,222	0,434	1,000	4,454	0,006	-0,039	0,003	0,999
093900,5918	-0,662	0,222	0,434	1,000	4,454	0,006	-0,039	0,003	0,999
093900,6011	-0,662	0,222	0,434	1,000	4,456	0,006	-0,039	0,003	0,999
093900,6101	-0,662	0,222	0,434	1,000	4,591	0,006	-0,040	0,001	0,999
093900,6190	-0,662	0,222	0,434	1,000	4,595	0,006	-0,040	0,001	0,999
093900,6284	-0,662	0,222	0,434	1,000	4,587	0,006	-0,040	0,001	0,999
093900,6377	-0,662	0,222	0,434	1,000	4,587	0,006	-0,040	0,001	0,999
093900,6480	-0,662	0,222	0,434	1,000	4,456	0,006	-0,039	0,003	0,999
093900,6576	-0,662	0,222	0,434	1,000	4,590	0,006	-0,040	0,001	0,999
093900,6668	-0,662	0,222	0,434	1,000	4,594	0,006	-0,040	0,001	0,999
093900,6755	-0,662	0,222	0,434	1,000	4,593	0,006	-0,040	0,001	0,999
093900,6846	-0,662	0,222	0,434	1,000	4,463	0,006	-0,039	0,003	0,999
093900,6940	-0,662	0,222	0,434	1,000	4,456	0,006	-0,039	0,003	0,999
093900,7026	-0,662	0,222	0,434	1,000	4,595	0,006	-0,040	0,001	0,999
093900,7133	-0,662	0,222	0,434	1,000	4,590	0,006	-0,040	0,001	0,999
093900,7222	-0,662	0,222	0,434	1,000	4,454	0,006	-0,039	0,003	0,999
093900,7312	-0,662	0,222	0,434	1,000	4,597	0,006	-0,040	0,001	0,999
093900,7399	-0,662	0,222	0,434	1,000	4,454	0,006	-0,039	0,003	0,999
093900,7489	-0,662	0,222	0,434	1,000	4,593	0,006	-0,040	0,001	0,999
093900,7579	-0,662	0,222	0,434	1,000	4,591	0,006	-0,040	0,001	0,999
093900,7680	-0,662	0,222	0,434	1,000	4,589	0,006	-0,040	0,001	0,999
093900,7769	-0,662	0,222	0,434	1,000	4,460	0,006	-0,039	0,003	0,999
093900,7869	-0,662	0,222	0,434	1,000	4,593	0,006	-0,040	0,001	0,999
093900,7959	-0,662	0,222	0,434	1,000	4,454	0,006	-0,039	0,003	0,999
093900,8048	-0,662	0,222	0,434	1,000	4,583	0,006	-0,040	0,001	0,999
093900,8138	-0,662	0,222	0,434	1,000	4,581	0,006	-0,040	0,001	0,999
093900,8226	-0,662	0,222	0,434	1,000	4,599	0,006	-0,040	0,001	0,999
093900,8316	-0,662	0,222	0,434	1,000	4,594	0,006	-0,040	0,001	0,999
093900,8419	-0,662	0,222	0,434	1,000	4,450	0,006	-0,039	0,003	0,999
093900,8509	-0,662	0,222	0,434	1,000	4,465	0,006	-0,039	0,003	0,999
093900,8599	-0,662	0,222	0,434	1,000	4,458	0,006	-0,039	0,003	0,999
093900,8689	-0,662	0,222	0,434	1,000	4,458	0,006	-0,039	0,003	0,999
093900,8780	-0,662	0,222	0,434	1,000	4,593	0,006	-0,040	0,001	0,999
093900,8872	-0,662	0,222	0,434	1,000	4,461	0,006	-0,039	0,003	0,999
093900,8963	-0,662	0,222	0,434	1,000	4,454	0,006	-0,039	0,003	0,999
093900,9046	-0,662	0,222	0,434	1,000	4,598	0,006	-0,040	0,001	0,999
093900,9148	-0,662	0,222	0,434	1,000	4,456	0,006	-0,039	0,003	0,999
093900,9252	-0,662	0,222	0,434	1,000	4,455	0,006	-0,039	0,003	0,999
093900,9343	-0,662	0,222	0,434	1,000	4,457	0,006	-0,039	0,003	0,999
093900,9438	-0,662	0,222	0,434	1,000	4,457	0,006	-0,039	0,003	0,999
093900,9539	-0,662	0,222	0,434	1,000	4,468	0,006	-0,039	0,003	0,999
093900,9642	-0,662	0,222	0,434	1,000	4,602	0,006	-0,040	0,001	0,999
093900,9737	-0,662	0,222	0,434	1,000	4,457	0,006	-0,039	0,003	0,999
093900,9828	-0,662	0,222	0,434	1,000	4,460	0,006	-0,039	0,003	0,999
093900,9923	-0,662	0,222	0,434	1,000	4,455	0,006	-0,039	0,003	0,999
093901,0016	-0,662	0,222	0,434	1,000	4,606	0,006	-0,040	0,001	0,999
093901,0105	-0,662	0,222	0,434	1,000	4,588	0,006	-0,040	0,001	0,999
093901,0212	-0,662	0,222	0,434	1,000	4,585	0,006	-0,040	0,001	0,999
093901,0314	-0,662	0,222	0,434	1,000	4,582	0,006	-0,040	0,001	0,999
093901,0406	-0,662	0,222	0,434	1,000	4,439	0,006	-0,039	0,003	0,999
093901,0503	-0,662	0,222	0,434	1,000	4,444	0,006	-0,039	0,003	0,999
093901,0596	-0,662	0,222	0,434	1,000	4,435	0,006	-0,039	0,003	0,999
093901,0690	-0,662	0,222	0,434	1,000	4,439	0,006	-0,039	0,003	0,999
093901,0785	-0,662	0,222	0,434	1,000	4,573	0,006	-0,040	0,001	0,999
093901,0871	-0,662	0,222	0,434	1,000	4,592	0,006	-0,040	0,001	0,999
093901,0966	-0,662	0,222	0,434	1,000	4,590	0,006	-0,040	0,001	0,999
093901,1069	-0,662	0,222	0,434	1,000	4,451	0,006	-0,039	0,003	0,999
093901,1169	-0,662	0,222	0,434	1,000	4,598	0,006	-0,040	0,001	0,999
093901,1266	-0,662	0,222	0,434	1,000	4,585	0,006	-0,040	0,001	0,999
093901,1367	-0,662	0,222	0,434	1,000	4,450	0,006	-0,039	0,003	0,999
093901,1458	-0,662	0,222	0,434	1,000	4,590	0,006	-0,040	0,001	0,999
093901,1561	-0,662	0,222	0,434	1,000	4,580	0,006	-0,040	0,001	0,999
093901,1647	-0,662	0,222	0,434	1,000	4,455	0,006	-0,039	0,003	0,999
093901,1739	-0,662	0,222	0,434	1,000	4,593	0,006	-0,040	0,001	0,999
093901,1839	-0,662	0,222	0,434	1,000	4,449	0,006	-0,039	0,003	0,999
093901,1942	-0,662	0,222	0,434	1,000	4,594	0,006	-0,040	0,001	0,999
093901,2031	-0,662	0,222	0,434	1,000	4,456	0,006	-0,039	0,003	0,999
093901,2121	-0,662	0,222	0,434	1,000	4,457	0,006	-0,039	0,003	0,999
093901,2221	-0,662	0,222	0,434	1,000	4,457	0,006	-0,039	0,003	0,999
093901,2311	-0,662	0,222	0,434	1,000	4,591	0,006	-0,040	0,001	0,999
093901,2400	-0,662	0,222	0,434	1,000	4,447	0,006	-0,039	0,003	0,999
093901,2491	-0,662	0,222	0,434	1,000	4,590	0,006	-0,040	0,001	0,999
093901,2594	-0,662	0,222	0,434	1,000	4,601	0,006	-0,040	0,001	0,999
093901,2684	-0,662	0,222	0,434	1,000	4,581	0,006	-0,040	0,001	0,999
093901,2771	-0,662	0,222	0,434	1,000	4,456	0,006	-0,039	0,003	0,999
093901,2861	-0,662	0,222	0,434	1,000	4,457	0,006	-0,039	0,003	0,999
093901,2951	-0,662	0,222	0,434	1,000	4,455	0,006	-0,039	0,003	0,999
093901,3041	-0,662	0,222	0,434	1,000	4,464	0,006	-0,039	0,003	0,999
093901,3130	-0,662	0,222	0,434	1,000	4,474	0,006	-0,039	0,003	0,999
093901,3233	-0,662	0,222	0,434	1,000	4,597	0,006	-0,040	0,001	0,999
093901,3335	-0,662	0,222	0,434	1,000	4,461	0,006	-0,039	0,003	0,999
093901,3424	-0,662	0,222	0,434	1,000	4,593	0,006	-0,040	0,001	0,999
093901,3525	-0,662	0,222	0,434	1,000	4,450	0,006	-0,039	0,003	0,999
093901,3612	-0,662	0,222	0,434	1,000	4,590	0,006	-0,040	0,001	0,999
093901,3703	-0,662	0,222	0,434	1,000	4,582	0,006	-0,040	0,001	0,999
093901,3792	-0,662	0,222	0,434	1,000	4,448	0,006	-0,039	0,003	0,999
093901,3882	-0,662	0,222	0,434	1,000	4,590	0,006	-0,040	0,001	0,999
093901,3982	-0,662	0,222	0,434	1,000	4,448	0,006	-0,039	0,003	0,999
093901,4081	-0,662	0,222	0,434	1,000	4,597	0,006	-0,040	0,001	0,999
093901,4171	-0,662	0,222	0,434	1,000	4,591	0,006	-0,040	0,001	0,999
093901,4261	-0,662	0,222	0,434	1,000	4,461	0,006	-0,039	0,003	0,999
093901,4349	-0,662	0,222	0,434	1,000	4,460	0,006	-0,039	0,003	0,999
093901,4438	-0,662	0,222	0,434	1,000	4,460	0,006	-0,039	0,003	0,999
093901,4528	-0,662	0,222	0,434	1,000	4,588	0,006	-0,040	0,001	0,999
093901,4618	-0,662	0,222	0,434	1,000	4,456	0,006	-0,039	0,003	0,999
093901,4708	-0,662	0,222	0,434	1,000	4,454	0,006	-0,039	0,003	0,999
093901,4798	-0,662	0,222	0,434	1,000	4,590	0,006	-0,040	0,001	0,999
093901,4887	-0,662	0,222	0,434	1,000	4,585	0,006	-0,040	0,001	0,999
093901,4977	-0,662	0,222	0,434	1,000	4,457	0,006	-0,039	0,003	0,999
093901,5077	-0,662	0,222	0,434	1,000	4,458	0,006	-0,039	0,003	0,999
093901,5176	-0,662	0,222	0,434	1,000	4,449	0,006	-0,039	0,003	0,999
093901,5266	-0,662	0,222	0,434	1,000	4,451	0,006	-0,039	0,003	0,999
093901,5356	-0,662	0,222	0,434	1,000	4,447	0,006	-0,039	0,003	0,999
093901,5446	-0,662	0,222	0,434	1,000	4,451	0,006	-0,039	0,003	0,999
093901,5535	-0,662	0,222	0,434	1,000	4,451	0,006	-0,039	0,003	0,999
093901,5645	-0,662	0,222	0,434	1,000	4,450	0,006	-0,039	0,003	0,999
093901,5735	-0,662	0,222	0,434	1,000	4,447	0,006	-0,039	0,003	0,999
093901,5825	-0,662	0,222	0,434	1,000	4,450	0,006	-0,039	0,003	0,999
093901,5914	-0,662	0,222	0,434	1,000	4,460	0,006	-0,039	0,003	0,999
093901,6004	-0,662	0,222	0,434	1,000	4,590	0,006	-0,040	0,001	0,999
093901,6094	-0,662	0,222	0,434	1,000	4,595	0,006	-0,040	0,001	0,999
093901,6184	-0,662	0,222	0,434	1,000	4,591	0,006	-0,040	0,001	0,999
093901,6283	-0,662	0,222	0,434	1,000	4,598	0,006	-0,040	0,001	0,999
093901,6373	-0,662	0,222	0,434	1,000	4,452	0,006	-0,039	0,003	0,999
093901,6463	-0,662	0,222	0,434	1,000	4,593	0,006	-0,040	0,001	0,999
093901,6553	-0,662	0,222	0,434	1,000	4,588	0,006	-0,040	0,001	0,999
093901,6642	-0,662	0,222	0,434	1,000	4,447	0,006	-0,039	0,003	0,999
093901,6732	-0,662	0,222	0,434	1,000	4,590	0,006	-0,040	0,001	0,999
093901,6822	-0,662	0,222	0,434	1,000	4,453	0,006	-0,039	0,003	0,999
093901,6912	-0,662	0,222	0,434	1,000	4,452	0,006	-0,039	0,003	0,999
093901,7002	-0,662	0,222	0,434	1,000	4,585	0,006	-0,040	0,001	0,999
093901,7091	-0,662	0,222	0,434	1,000	4,590	0,006	-0,040	0,001	0,999
093901,7191	-0,662	0,222	0,434	1,000	4,441	0,006	-0,039	0,003	0,999
093901,7291	-0,662	0,222	0,434	1,000	4,592	0,006	-0,040	0,001	0,999
093901,7380	-0,662	0,222	0,434	1,000	4,596	0,006	-0,040	0,001	0,999
093901,7470	-0,662	0,222	0,434	1,000	4,579	0,006	-0,040	0,001	0,999
093901,7560	-0,662	0,222	0,434	1,000	4,602	0,006	-0,040	0,001	0,999
093901,7650	-0,662	0,222	0,434	1,000	4,445	0,006	-0,039	0,003	0,999
093901,7739	-0,662	0,222	0,434	1,000	4,445	0,006	-0,039	0,003	0,999
093901,7829	-0,662	0,222	0,434	1,000	4,588	0,006	-0,040	0,001	0,999
093901,7919	-0,662	0,222	0,434	1,000	4,450	0,006	-0,039	0,003	0,999
093901,8009	-0,662	0,222	0,434	1,000	4,460	0,006	-0,039	0,003	0,999
093901,8098	-0,662	0,222	0,434	1,000	4,450	0,006	-0,039	0,003	0,999
093901,8198	-0,662	0,222	0,434	1,000	4,455	0,006	-0,039	0,003	0,999
093901,8288	-0,662	0,222	0,434	1,000	4,463	0,006	-0,039	0,003	0,999
093901,8378	-0,662	0,222	0,434	1,000	4,459	0,006	-0,039	0,003	0,999
093901,8467	-0,662	0,222	0,434	1,000	4,593	0,006	-0,040	0,001	0,999
093901,8557	-0,662	0,222	0,434	1,000	4,453	0,006	-0,039	0,003	0,999
093901,8647	-0,662	0,222	0,434	1,000	4,449	0,006	-0,039	0,003	0,999
093901,8737	-0,662	0,222	0,434	1,000	4,439	0,006	-0,039	0,003	0,999
093901,8826	-0,662	0,222	0,434	1,000	4,445	0,006	-0,039	0,003	0,999
093901,8916	-0,662	0,222	0,434	1,000	4,447	0,006	-0,039	0,003	0,999
093901,9006	-0,662	0,222	0,434	1,000	4,440	0,006	-0,039	0,003	0,999
093901,9106	-0,662	0,222	0,434	1,000	4,438	0,006	-0,039	0,003	0,999
093901,9195	-0,662	0,222	0,434	1,000	4,447	0,006	-0,039	0,003	0,999
093901,9285	-0,662	0,222	0,434	1,000	4,578	0,006	-0,040	0,001	0,999
093901,9395	-0,662	0,222	0,434	1,000	4,589	0,006	-0,040	0,001	0,999
093901,9485	-0,662	0,222	0,434	1,000	4,593	0,006	-0,040	0,001	0,999
093901,9574	-0,662	0,222	0,434	1,000	4,455	0,006	-0,039	0,003	0,999
093901,9664	-0,662	0,222	0,434	1,000	4,465	0,006	-0,039	0,003	0,999
093901,9754	-0,662	0,222	0,434	1,000	4,464	0,006	-0,039	0,003	0,999
093901,9844	-0,662	0,222	0,434	1,000	4,597	0,006	-0,040	0,001	0,999
093901,9934	-0,662	0,222	0,434	1,000	4,445	0,006	-0,039	0,003	0,999
093902,0023	-0,662	0,222	0,434	1,000	4,593	0,006	-0,040	0,001	0,999
093902,0113	-0,662	0,222	0,434	1,000	4,595	0,006	-0,040	0,001	0,999
093902,0203	-0,662	0,222	0,434	1,000	4,584	0,006	-0,040	0,001	0,999
093902,0293	-0,662	0,222	0,434	1,000	4,591	0,006	-0,040	0,001	0,999
093902,0382	-0,662	0,222	0,434	1,000	4,590	0,006	-0,040	0,001	0,999
093902,0472	-0,662	0,222	0,434	1,000	4,447	0,006	-0,039	0,003	0,999
093902,0562	-0,662	0,222	0,434	1,000	4,603	0,006	-0,040	0,001	0,999
093902,0652	-0,662	0,222	0,434	1,000	4,598	0,006	-0,040	0,001	0,999
093902,0741	-0,662	0,222	0,434	1,000	4,465	0,006	-0,039	0,003	0,999
093902,0831	-0,662	0,222	0,434	1,000	4,461	0,006	-0,039	0,003	0,999
093902,0921	-0,662	0,222	0,434	1,000	4,465	0,006	-0,039	0,003	0,999
093902,1011	-0,662	0,222	0,434	1,000	4,599	0,006	-0,040	0,001	0,999
093902,1110	-0,662	0,222	0,434	1,000	4,461	0,006	-0,039	0,003	0,999
093902,1200	-0,662	0,222	0,434	1,000	4,601	0,006	-0,040	0,001	0,999
093902,1290	-0,662	0,222	0,434	1,000	4,463	0,006	-0,039	0,003	0,999
093902,1380	-0,662	0,222	0,434	1,000	4,459	0,006	-0,039	0,003	0,999
093902,1469	-0,662	0,222	0,434	1,000	4,471	0,006	-0,039	0,003	0,999
093902,1559	-0,662	0,222	0,434	1,000	4,603	0,006	-0,040	0,001	0,999
093902,1649	-0,662	0,222	0,434	1,000	4,599	0,006	-0,040	0,001	0,999
093902,1739	-0,662	0,222	0,434	1,000	4,608	0,006	-0,040	0,001	0,999
093902,1829	-0,662	0,222	0,434	1,000	4,463	0,006	-0,039	0,003	0,999
093902,1918	-0,662	0,222	0,434	1,000	4,463	0,006	-0,039	0,003	0,999
093902,2008	-0,662	0,222	0,434	1,000	4,603	0,006	-0,040	0,001	0,999
093902,2098	-0,662	0,222	0,434	1,000	4,599	0,006	-0,040	0,001	0,999
093902,2187	-0,662	0,222	0,434	1,000	4,455	0,006	-0,039	0,003	0,999
093902,2277	-0,662	0,222	0,434	1,000	4,602	0,006	-0,040	0,001	0,999
093902,2367	-0,662	0,222	0,434	1,000	4,451	0,006	-0,039	0,003	0,999
093902,2467	-0,662	0,222	0,434	1,000	4,460	0,006	-0,039	0,003	0,999
093902,2566	-0,662	0,222	0,434	1,000	4,588	0,006	-0,040	0,001	0,999
093902,2666	-0,662	0,222	0,434	1,000	4,458	0,006	-0,039	0,003	0,999
093902,2756	-0,662	0,222	0,434	1,000	4,593	0,006	-0,040	0,001	0,999
093902,2846	-0,662	0,222	0,434	1,000	4,447	0,006	-0,039	0,003	0,999
093902,2935	-0,662	0,222	0,434	1,000	4,594	0,006	-0,040	0,001	0,999
093902,3025	-0,662	0,222	0,434	1,000	4,453	0,006	-0,039	0,003	0,999
093902,3135	-0,662	0,222	0,434	1,000	4,451	0,006	-0,039	0,003	0,999
093902,3225	-0,662	0,222	0,434	1,000	4,579	0,006	-0,040	0,001	0,999
093902,3314	-0,662	0,222	0,434	1,000	4,591	0,006	-0,040	0,001	0,999
093902,3404	-0,662	0,222	0,434	1,000	4,590	0,006	-0,040	0,001	0,999
093902,3494	-0,662	0,222	0,434	1,000	4,452	0,006	-0,039	0,003	0,999
093902,3584	-0,662	0,222	0,434	1,000	4,590	0,006	-0,040	0,001	0,999
093902,3674	-0,662	0,222	0,434	1,000	4,457	0,006	-0,039	0,003	0,999
093902,3773	-0,662	0,222	0,434	1,000	4,591	0,006	-0,040	0,001	0,999
093902,3873	-0,662	0,222	0,434	1,000	4,593	0,006	-0,040	0,001	0,999
093902,3963	-0,662	0,222	0,434	1,000	4,451	0,006	-0,039	0,003	0,999
093902,4053	-0,662	0,222	0,434	1,000	4,464	0,006	-0,039	0,003	0,999
093902,4142	-0,662	0,222	0,434	1,000	4,456	0,006	-0,039	0,003	0,999
093902,4232	-0,662	0,222	0,434	1,000	4,457	0,006	-0,039	0,003	0,999
093902,4322	-0,662	0,222	0,434	1,000	4,594	0,006	-0,040	0,001	0,999
093902,4412	-0,662	0,222	0,434	1,000	4,600	0,006	-0,040	0,001	0,999
093902,4501	-0,662	0,222	0,434	1,000	4,593	0,006	-0,040	0,001	0,999
093902,4591	-0,662	0,222	0,434	1,000	4,452	0,006	-0,039	0,003	0,999
093902,4681	-0,662	0,222	0,434	1,000	4,454	0,006	-0,039	0,003	0,999
093902,4781	-0,662	0,222	0,434	1,000	4,455	0,006	-0,039	0,003	0,999
093902,4870	-0,662	0,222	0,434	1,000	4,459	0,006	-0,039	0,003	0,999
093902,4960	-0,662	0,222	0,434	1,000	4,596	0,006	-0,040	0,001	0,999
093902,5050	-0,662	0,222	0,434	1,000	4,449	0,006	-0,039	0,003	0,999
093902,5140	-0,662	0,222	0,434	1,000	4,593	0,006	-0,040	0,001	0,999
093902,5229	-0,662	0,222	0,434	1,000	4,455	0,006	-0,039	0,003	0,999
093902,5319	-0,662	0,222	0,434	1,000	4,463	0,006	-0,039	0,003	0,999
093902,5409	-0,662	0,222	0,434	1,000	4,597	0,006	-0,040	0,001	0,999
093902,5499	-0,662	0,222	0,434	1,000	4,594	0,006	-0,040	0,001	0,999
093902,5588	-0,662	0,222	0,434	1,000	4,601	0,006	-0,040	0,001	0,999
093902,5678	-0,662	0,222	0,434	1,000	4,592	0,006	-0,040	0,001	0,999
093902,5768	-0,662	0,222	0,434	1,000	4,455	0,006	-0,039	0,003	0,999
093902,5858	-0,662	0,222	0,434	1,000	4,460	0,006	-0,039	0,003	0,999
093902,5947	-0,662	0,222	0,434	1,000	4,457	0,006	-0,039	0,003	0,999
093902,6037	-0,662	0,222	0,434	1,000	4,595	0,006	-0,040	0,001	0,999
093902,6127	-0,662	0,222	0,434	1,000	4,590	0,006	-0,040	0,001	0,999
093902,6217	-0,662	0,222	0,434	1,000	4,438	0,006	-0,039	0,003	0,999
093902,6306	-0,662	0,222	0,434	1,000	4,459	0,006	-0,039	0,003	0,999
093902,6396	-0,662	0,222	0,434	1,000	4,452	0,006	-0,039	0,003	0,999
093902,6486	-0,662	0,222	0,434	1,000	4,450	0,006	-0,039	0,003	0,999
093902,6576	-0,662	0,222	0,434	1,000	4,596	0,006	-0,040	0,001	0,999
093902,6666	-0,662	0,222	0,434	1,000	4,456	0,006	-0,039	0,003	0,999
093902,6755	-0,662	0,222	0,434	1,000	4,463	0,006	-0,039	0,003	0,999
093902,6865	-0,662	0,222	0,434	1,000	4,589	0,006	-0,040	0,001	0,999
093902,6965	-0,662	0,222	0,434	1,000	4,462	0,006	-0,039	0,003	0,999
093902,7046	-0,662	0,222	0,434	1,000	4,594	0,006	-0,040	0,001	0,999
093902,7153	-0,662	0,222	0,434	1,000	4,596	0,006	-0,040	0,001	0,999
093902,7238	-0,662	0,222	0,434	1,000	4,591	0,006	-0,040	0,001	0,999
093902,7344	-0,662	0,222	0,434	1,000	4,600	0,006	-0,040	0,001	0,999
093902,7436	-0,662	0,222	0,434	1,000	4,599	0,006	-0,040	0,001	0,999
093902,7530	-0,662	0,222	0,434	1,000	4,459	0,006	-0,039	0,003	0,999
093902,7629	-0,662	0,222	0,434	1,000	4,446	0,006	-0,039	0,003	0,999
093902,7732	-0,662	0,222	0,434	1,000	4,597	0,006	-0,040	0,001	0,999
093902,7818	-0,662	0,222	0,434	1,000	4,452	0,006	-0,039	0,003	0,999
093902,7905	-0,662	0,222	0,434	1,000	4,452	0,006	-0,039	0,003	0,999
093902,8005	-0,662	0,222	0,434	1,000	4,601	0,006	-0,040	0,001	0,999
093902,8093	-0,662	0,222	0,434	1,000	4,461	0,006	-0,039	0,003	0,999
093902,8190	-0,662	0,222	0,434	1,000	4,455	0,006	-0,039	0,003	0,999
093902,8279	-0,662	0,222	0,434	1,000	4,461	0,006	-0,039	0,003	0,999
093902,8374	-0,662	0,222	0,434	1,000	4,594	0,006	-0,040	0,001	0,999
093902,8461	-0,662	0,222	0,434	1,000	4,598	0,006	-0,040	0,001	0,999
093902,8548	-0,662	0,222	0,434	1,000	4,608	0,006	-0,040	0,001	0,999
093902,8638	-0,662	0,222	0,434	1,000	4,604	0,006	-0,040	0,001	0,999
093902,8740	-0,662	0,222	0,434	1,000	4,602	0,006	-0,040	0,001	0,999
093902,8827	-0,662	0,222	0,434	1,000	4,467	0,006	-0,039	0,003	0,999
093902,8916	-0,662	0,222	0,434	1,000	4,594	0,006	-0,040	0,001	0,999
093902,9009	-0,662	0,222	0,434	1,000	4,600	0,006	-0,040	0,001	0,999
093902,9106	-0,662	0,222	0,434	1,000	4,443	0,006	-0,039	0,003	0,999
093902,9195	-0,662	0,222	0,434	1,000	4,585	0,006	-0,040	0,001	0,999
093902,9303	-0,662	0,222	0,434	1,000	4,582	0,006	-0,040	0,001	0,999
093902,9393	-0,662	0,222	0,434	1,000	4,467	0,006	-0,039	0,003	0,999
093902,9487	-0,662	0,222	0,434	1,000	4,469	0,006	-0,039	0,003	0,999
093902,9587	-0,662	0,222	0,434	1,000	4,604	0,006	-0,040	0,001	0,999
093902,9686	-0,662	0,222	0,434	1,000	4,468	0,006	-0,039	0,003	0,999
093902,9776	-0,662	0,222	0,434	1,000	4,604	0,006	-0,040	0,001	0,999
093902,9866	-0,662	0,222	0,434	1,000	4,605	0,006	-0,040	0,001	0,999
093902,9974	-0,662	0,222	0,434	1,000	4,594	0,006	-0,040	0,001	0,999
093903,0064	-0,662	0,222	0,434	1,000	4,589	0,006	-0,040	0,001	0,999
093903,0154	-0,662	0,222	0,434	1,000	4,448	0,006	-0,039	0,003	0,999
093903,0243	-0,662	0,222	0,434	1,000	4,585	0,006	-0,040	0,001	0,999
093903,0332	-0,662	0,222	0,434	1,000	4,449	0,006	-0,039	0,003	0,999
093903,0422	-0,662	0,222	0,434	1,000	4,466	0,006	-0,039	0,003	0,999
093903,0522	-0,662	0,222	0,434	1,000	4,603	0,006	-0,040	0,001	0,999
093903,0612	-0,662	0,222	0,434	1,000	4,593	0,006	-0,040	0,001	0,999
093903,0702	-0,662	0,222	0,434	1,000	4,463	0,006	-0,039	0,003	0,999
093903,0793	-0,662	0,222	0,434	1,000	4,456	0,006	-0,039	0,003	0,999
093903,0883	-0,662	0,222	0,434	1,000	4,605	0,006	-0,040	0,001	0,999
093903,0972	-0,662	0,222	0,434	1,000	4,595	0,006	-0,040	0,001	0,999
093903,1062	-0,662	0,222	0,434	1,000	4,599	0,006	-0,040	0,001	0,999
093903,1165	-0,662	0,222	0,434	1,000	4,455	0,006	-0,039	0,003	0,999
093903,1261	-0,662	0,222	0,434	1,000	4,456	0,006	-0,039	0,003	0,999
093903,1351	-0,662	0,222	0,434	1,000	4,456	0,006	-0,039	0,003	0,999
093903,1440	-0,662	0,222	0,434	1,000	4,484	0,004	-0,039	0,005	0,999
093903,1540	-0,662	0,222	0,434	1,000	4,452	0,006	-0,039	0,003	0,999
093903,1631	-0,662	0,222	0,434	1,000	4,589	0,006	-0,040	0,001	0,999
093903,1731	-0,662	0,222	0,434	1,000	4,440	0,006	-0,039	0,003	0,999
093903,1831	-0,662	0,222	0,434	1,000	4,596	0,006	-0,040	0,001	0,999
093903,1918	-0,662	0,222	0,434	1,000	4,594	0,006	-0,040	0,001	0,999
093903,2019	-0,662	0,222	0,434	1,000	4,598	0,006	-0,040	0,001	0,999
093903,2107	-0,662	0,222	0,434	1,000	4,463	0,006	-0,039	0,003	0,999
093903,2214	-0,662	0,222	0,434	1,000	4,593	0,006	-0,040	0,001	0,999
093903,2296	-0,662	0,222	0,434	1,000	4,606	0,006	-0,040	0,001	0,999
093903,2390	-0,662	0,222	0,434	1,000	4,459	0,006	-0,039	0,003	0,999
093903,2481	-0,662	0,222	0,434	1,000	4,600	0,006	-0,040	0,001	0,999
093903,2569	-0,662	0,222	0,434	1,000	4,450	0,006	-0,039	0,003	0,999
093903,2664	-0,662	0,222	0,434	1,000	4,591	0,006	-0,040	0,001	0,999
093903,2746	-0,662	0,222	0,434	1,000	4,593	0,006	-0,040	0,001	0,999
093903,2835	-0,662	0,222	0,434	1,000	4,464	0,006	-0,039	0,003	0,999
093903,2933	-0,662	0,222	0,434	1,000	4,595	0,006	-0,040	0,001	0,999
093903,3026	-0,662	0,222	0,434	1,000	4,621	0,004	-0,040	0,003	0,999
093903,3122	-0,662	0,222	0,434	1,000	4,448	0,006	-0,039	0,003	0,999
093903,3210	-0,662	0,222	0,434	1,000	4,619	0,004	-0,040	0,003	0,999
093903,3297	-0,662	0,222	0,434	1,000	4,442	0,006	-0,039	0,003	0,999
093903,3398	-0,662	0,222	0,434	1,000	4,443	0,006	-0,039	0,003	0,999
093903,3486	-0,662	0,222	0,434	1,000	4,451	0,006	-0,039	0,003	0,999
093903,3595	-0,662	0,222	0,434	1,000	4,596	0,006	-0,040	0,001	0,999
093903,3688	-0,662	0,222	0,434	1,000	4,450	0,006	-0,039	0,003	0,999
093903,3797	-0,662	0,222	0,434	1,000	4,452	0,006	-0,039	0,003	0,999
093903,3890	-0,662	0,222	0,434	1,000	4,465	0,006	-0,039	0,003	0,999
093903,3981	-0,662	0,222	0,434	1,000	4,599	0,006	-0,040	0,001	0,999
093903,4068	-0,662	0,222	0,434	1,000	4,598	0,006	-0,040	0,001	0,999
093903,4167	-0,662	0,222	0,434	1,000	4,596	0,006	-0,040	0,001	0,999
093903,4261	-0,662	0,222	0,434	1,000	4,455	0,006	-0,039	0,003	0,999
093903,4352	-0,662	0,222	0,434	1,000	4,455	0,006	-0,039	0,003	0,999
093903,4445	-0,662	0,222	0,434	1,000	4,455	0,006	-0,039	0,003	0,999
093903,4525	-0,662	0,222	0,434	1,000	4,449	0,006	-0,039	0,003	0,999
093903,4619	-0,662	0,222	0,434	1,000	4,588	0,006	-0,040	0,001	0,999
093903,4708	-0,662	0,222	0,434	1,000	4,444	0,006	-0,039	0,003	0,999
093903,4795	-0,662	0,222	0,434	1,000	4,584	0,006	-0,040	0,001	0,999
093903,4895	-0,662	0,222	0,434	1,000	4,464	0,006	-0,039	0,003	0,999
093903,5000	-0,662	0,222	0,434	1,000	4,450	0,006	-0,039	0,003	0,999
093903,5090	-0,662	0,222	0,434	1,000	4,586	0,006	-0,040	0,001	0,999
093903,5184	-0,662	0,222	0,434	1,000	4,581	0,006	-0,040	0,001	0,999
093903,5265	-0,662	0,222	0,434	1,000	4,584	0,006	-0,040	0,001	0,999
093903,5359	-0,662	0,222	0,434	1,000	4,442	0,006	-0,039	0,003	0,999
093903,5453	-0,662	0,222	0,434	1,000	4,585	0,006	-0,040	0,001	0,999
093903,5536	-0,662	0,222	0,434	1,000	4,587	0,006	-0,040	0,001	0,999
093903,5627	-0,662	0,222	0,434	1,000	4,451	0,006	-0,039	0,003	0,999
093903,5722	-0,662	0,222	0,434	1,000	4,582	0,006	-0,040	0,001	0,999
093903,5814	-0,662	0,222	0,434	1,000	4,442	0,006	-0,039	0,003	0,999
093903,5896	-0,662	0,222	0,434	1,000	4,455	0,006	-0,039	0,003	0,999
093903,5994	-0,662	0,222	0,434	1,000	4,449	0,006	-0,039	0,003	0,999
093903,6077	-0,662	0,222	0,434	1,000	4,587	0,006	-0,040	0,001	0,999
093903,6170	-0,662	0,222	0,434	1,000	4,448	0,006	-0,039	0,003	0,999
093903,6259	-0,662	0,222	0,434	1,000	4,593	0,006	-0,040	0,001	0,999
093903,6349	-0,662	0,222	0,434	1,000	4,459	0,006	-0,039	0,003	0,999
093903,6440	-0,662	0,222	0,434	1,000	4,457	0,006	-0,039	0,003	0,999
093903,6533	-0,662	0,222	0,434	1,000	4,453	0,006	-0,039	0,003	0,999
093903,6618	-0,662	0,222	0,434	1,000	4,596	0,006	-0,040	0,001	0,999
093903,6715	-0,662	0,222	0,434	1,000	4,464	0,006	-0,039	0,003	0,999
093903,6798	-0,662	0,222	0,434	1,000	4,465	0,006	-0,039	0,003	0,999
093903,6901	-0,662	0,222	0,434	1,000	4,591	0,006	-0,040	0,001	0,999
093903,7000	-0,662	0,222	0,434	1,000	4,459	0,006	-0,039	0,003	0,999
093903,7095	-0,662	0,222	0,434	1,000	4,593	0,006	-0,040	0,001	0,999
093903,7195	-0,662	0,222	0,434	1,000	4,596	0,006	-0,040	0,001	0,999
093903,7295	-0,662	0,222	0,434	1,000	4,593	0,006	-0,040	0,001	0,999
093903,7385	-0,662	0,222	0,434	1,000	4,460	0,006	-0,039	0,003	0,999
093903,7474	-0,662	0,222	0,434	1,000	4,600	0,006	-0,040	0,001	0,999
093903,7564	-0,662	0,222	0,434	1,000	4,585	0,006	-0,040	0,001	0,999
093903,7654	-0,662	0,222	0,434	1,000	4,444	0,006	-0,039	0,003	0,999
093903,7736	-0,662	0,222	0,434	1,000	4,580	0,006	-0,040	0,001	0,999
093903,7836	-0,662	0,222	0,434	1,000	4,455	0,006	-0,039	0,003	0,999
093903,7926	-0,662	0,222	0,434	1,000	4,595	0,006	-0,040	0,001	0,999
093903,8015	-0,662	0,222	0,434	1,000	4,595	0,006	-0,040	0,001	0,999
093903,8115	-0,662	0,222	0,434	1,000	4,464	0,006	-0,039	0,003	0,999
093903,8218	-0,662	0,222	0,434	1,000	4,462	0,006	-0,039	0,003	0,999
093903,8308	-0,662	0,222	0,434	1,000	4,592	0,006	-0,040	0,001	0,999
093903,8403	-0,662	0,222	0,434	1,000	4,464	0,006	-0,039	0,003	0,999
093903,8493	-0,662	0,222	0,434	1,000	4,455	0,006	-0,039	0,003	0,999
093903,8593	-0,662	0,222	0,434	1,000	4,603	0,006	-0,040	0,001	0,999
093903,8682	-0,662	0,222	0,434	1,000	4,461	0,006	-0,039	0,003	0,999
093903,8773	-0,662	0,222	0,434	1,000	4,458	0,006	-0,039	0,003	0,999
093903,8863	-0,662	0,222	0,434	1,000	4,461	0,006	-0,039	0,003	0,999
093903,8949	-0,662	0,222	0,434	1,000	4,469	0,006	-0,039	0,003	0,999
093903,9039	-0,662	0,222	0,434	1,000	4,465	0,006	-0,039	0,003	0,999
093903,9129	-0,662	0,222	0,434	1,000	4,589	0,006	-0,040	0,001	0,999
093903,9233	-0,662	0,222	0,434	1,000	4,600	0,006	-0,040	0,001	0,999
093903,9318	-0,662	0,222	0,434	1,000	4,594	0,006	-0,040	0,001	0,999
093903,9408	-0,662	0,222	0,434	1,000	4,460	0,006	-0,039	0,003	0,999
093903,9508	-0,662	0,222	0,434	1,000	4,582	0,006	-0,040	0,001	0,999
093903,9601	-0,662	0,222	0,434	1,000	4,588	0,006	-0,040	0,001	0,999
093903,9691	-0,662	0,222	0,434	1,000	4,582	0,006	-0,040	0,001	0,999
093903,9788	-0,662	0,222	0,434	1,000	4,439	0,006	-0,039	0,003	0,999
093903,9881	-0,662	0,222	0,434	1,000	4,450	0,006	-0,039	0,003	0,999
093903,9970	-0,662	0,222	0,434	1,000	4,585	0,006	-0,040	0,001	0,999
093904,0070	-0,662	0,222	0,434	1,000	4,457	0,006	-0,039	0,003	0,999
093904,0161	-0,662	0,222	0,434	1,000	4,458	0,006	-0,039	0,003	0,999
093904,0247	-0,662	0,222	0,434	1,000	4,601	0,006	-0,040	0,001	0,999
093904,0341	-0,662	0,222	0,434	1,000	4,458	0,006	-0,039	0,003	0,999
093904,0427	-0,662	0,222	0,434	1,000	4,455	0,006	-0,039	0,003	0,999
093904,0518	-0,662	0,222	0,434	1,000	4,596	0,006	-0,040	0,001	0,999
093904,0612	-0,662	0,222	0,434	1,000	4,595	0,006	-0,040	0,001	0,999
093904,0704	-0,662	0,222	0,434	1,000	4,460	0,006	-0,039	0,003	0,999
093904,0788	-0,662	0,222	0,434	1,000	4,603	0,006	-0,040	0,001	0,999
093904,0878	-0,662	0,222	0,434	1,000	4,584	0,006	-0,040	0,001	0,999
093904,0977	-0,662	0,222	0,434	1,000	4,455	0,006	-0,039	0,003	0,999
093904,1077	-0,662	0,222	0,434	1,000	4,450	0,006	-0,039	0,003	0,999
093904,1169	-0,662	0,222	0,434	1,000	4,451	0,006	-0,039	0,003	0,999
093904,1266	-0,662	0,222	0,434	1,000	4,592	0,006	-0,040	0,001	0,999
093904,1362	-0,662	0,222	0,434	1,000	4,453	0,006	-0,039	0,003	0,999
093904,1463	-0,662	0,222	0,434	1,000	4,458	0,006	-0,039	0,003	0,999
093904,1550	-0,662	0,222	0,434	1,000	4,594	0,006	-0,040	0,001	0,999
093904,1653	-0,662	0,222	0,434	1,000	4,446	0,006	-0,039	0,003	0,999
093904,1754	-0,662	0,222	0,434	1,000	4,457	0,006	-0,039	0,003	0,999
093904,1841	-0,662	0,222	0,434	1,000	4,459	0,006	-0,039	0,003	0,999
093904,1931	-0,662	0,222	0,434	1,000	4,460	0,006	-0,039	0,003	0,999
093904,2023	-0,662	0,222	0,434	1,000	4,603	0,006	-0,040	0,001	0,999
093904,2106	-0,662	0,222	0,434	1,000	4,593	0,006	-0,040	0,001	0,999
093904,2198	-0,662	0,222	0,434	1,000	4,592	0,006	-0,040	0,001	0,999
093904,2286	-0,662	0,222	0,434	1,000	4,451	0,006	-0,039	0,003	0,999
093904,2395	-0,662	0,222	0,434	1,000	4,457	0,006	-0,039	0,003	0,999
093904,2488	-0,662	0,222	0,434	1,000	4,461	0,006	-0,039	0,003	0,999
093904,2588	-0,662	0,222	0,434	1,000	4,586	0,006	-0,040	0,001	0,999
093904,2679	-0,662	0,222	0,434	1,000	4,593	0,006	-0,040	0,001	0,999
093904,2767	-0,662	0,222	0,434	1,000	4,447	0,006	-0,039	0,003	0,999
093904,2858	-0,662	0,222	0,434	1,000	4,462	0,006	-0,039	0,003	0,999
093904,2949	-0,662	0,222	0,434	1,000	4,596	0,006	-0,040	0,001	0,999
093904,3037	-0,662	0,222	0,434	1,000	4,460	0,006	-0,039	0,003	0,999
093904,3127	-0,662	0,222	0,434	1,000	4,597	0,006	-0,040	0,001	0,999
093904,3225	-0,662	0,222	0,434	1,000	4,588	0,006	-0,040	0,001	0,999
093904,3306	-0,662	0,222	0,434	1,000	4,437	0,006	-0,039	0,003	0,999
093904,3410	-0,662	0,222	0,434	1,000	4,576	0,006	-0,040	0,001	0,999
093904,3505	-0,662	0,222	0,434	1,000	4,596	0,006	-0,040	0,001	0,999
093904,3604	-0,662	0,222	0,434	1,000	4,586	0,006	-0,040	0,001	0,999
093904,3686	-0,662	0,222	0,434	1,000	4,451	0,006	-0,039	0,003	0,999
093904,3791	-0,662	0,222	0,434	1,000	4,587	0,006	-0,040	0,001	0,999
093904,3879	-0,662	0,222	0,434	1,000	4,455	0,006	-0,039	0,003	0,999
093904,3980	-0,662	0,222	0,434	1,000	4,604	0,006	-0,040	0,001	0,999
093904,4079	-0,662	0,222	0,434	1,000	4,588	0,006	-0,040	0,001	0,999
093904,4177	-0,662	0,222	0,434	1,000	4,452	0,006	-0,039	0,003	0,999
093904,4277	-0,662	0,222	0,434	1,000	4,449	0,006	-0,039	0,003	0,999
093904,4383	-0,662	0,222	0,434	1,000	4,584	0,006	-0,040	0,001	0,999
093904,4470	-0,662	0,222	0,434	1,000	4,590	0,006	-0,040	0,001	0,999
093904,4557	-0,662	0,222	0,434	1,000	4,594	0,006	-0,040	0,001	0,999
093904,4653	-0,662	0,222	0,434	1,000	4,585	0,006	-0,040	0,001	0,999
093904,4743	-0,662	0,222	0,434	1,000	4,446	0,006	-0,039	0,003	0,999
093904,4842	-0,662	0,222	0,434	1,000	4,454	0,006	-0,039	0,003	0,999
093904,4932	-0,662	0,222	0,434	1,000	4,597	0,006	-0,040	0,001	0,999
093904,5032	-0,662	0,222	0,434	1,000	4,592	0,006	-0,040	0,001	0,999
093904,5122	-0,662	0,222	0,434	1,000	4,589	0,006	-0,040	0,001	0,999
093904,5224	-0,662	0,222	0,434	1,000	4,444	0,006	-0,039	0,003	0,999
093904,5313	-0,662	0,222	0,434	1,000	4,456	0,006	-0,039	0,003	0,999
093904,5400	-0,662	0,222	0,434	1,000	4,446	0,006	-0,039	0,003	0,999
093904,5489	-0,662	0,222	0,434	1,000	4,588	0,006	-0,040	0,001	0,999
093904,5579	-0,662	0,222	0,434	1,000	4,442	0,006	-0,039	0,003	0,999
093904,5669	-0,662	0,222	0,434	1,000	4,590	0,006	-0,040	0,001	0,999
093904,5759	-0,662	0,222	0,434	1,000	4,437	0,006	-0,039	0,003	0,999
093904,5849	-0,662	0,222	0,434	1,000	4,447	0,006	-0,039	0,003	0,999
093904,5938	-0,662	0,222	0,434	1,000	4,444	0,006	-0,039	0,003	0,999
093904,6034	-0,662	0,222	0,434	1,000	4,588	0,006	-0,040	0,001	0,999
093904,6135	-0,662	0,222	0,434	1,000	4,439	0,006	-0,039	0,003	0,999
093904,6224	-0,662	0,222	0,434	1,000	4,579	0,006	-0,040	0,001	0,999
093904,6307	-0,662	0,222	0,434	1,000	4,576	0,006	-0,040	0,001	0,999
093904,6397	-0,662	0,222	0,434	1,000	4,457	0,006	-0,039	0,003	0,999
093904,6487	-0,662	0,222	0,434	1,000	4,455	0,006	-0,039	0,003	0,999
093904,6577	-0,662	0,222	0,434	1,000	4,454	0,006	-0,039	0,003	0,999
093904,6668	-0,662	0,222	0,434	1,000	4,597	0,006	-0,040	0,001	0,999
093904,6757	-0,662	0,222	0,434	1,000	4,606	0,006	-0,040	0,001	0,999
093904,6861	-0,662	0,222	0,434	1,000	4,459	0,006	-0,039	0,003	0,999
093904,6957	-0,662	0,222	0,434	1,000	4,586	0,006	-0,040	0,001	0,999
093904,7047	-0,662	0,222	0,434	1,000	4,595	0,006	-0,040	0,001	0,999
093904,7137	-0,662	0,222	0,434	1,000	4,455	0,006	-0,039	0,003	0,999
093904,7238	-0,662	0,222	0,434	1,000	4,449	0,006	-0,039	0,003	0,999
093904,7332	-0,662	0,222	0,434	1,000	4,471	0,006	-0,039	0,003	0,999
093904,7421	-0,662	0,222	0,434	1,000	4,594	0,006	-0,040	0,001	0,999
093904,7507	-0,662	0,222	0,434	1,000	4,459	0,006	-0,039	0,003	0,999
093904,7597	-0,662	0,222	0,434	1,000	4,451	0,006	-0,039	0,003	0,999
093904,7687	-0,662	0,222	0,434	1,000	4,453	0,006	-0,039	0,003	0,999
093904,7788	-0,662	0,222	0,434	1,000	4,591	0,006	-0,040	0,001	0,999
093904,7884	-0,662	0,222	0,434	1,000	4,450	0,006	-0,039	0,003	0,999
093904,7966	-0,662	0,222	0,434	1,000	4,592	0,006	-0,040	0,001	0,999
093904,8065	-0,662	0,222	0,434	1,000	4,460	0,006	-0,039	0,003	0,999
093904,8167	-0,662	0,222	0,434	1,000	4,453	0,006	-0,039	0,003	0,999
093904,8270	-0,662	0,222	0,434	1,000	4,590	0,006	-0,040	0,001	0,999
093904,8364	-0,662	0,222	0,434	1,000	4,591	0,006	-0,040	0,001	0,999
093904,8454	-0,662	0,222	0,434	1,000	4,588	0,006	-0,040	0,001	0,999
093904,8543	-0,662	0,222	0,434	1,000	4,588	0,006	-0,040	0,001	0,999
093904,8627	-0,662	0,222	0,434	1,000	4,465	0,006	-0,039	0,003	0,999
093904,8722	-0,662	0,222	0,434	1,000	4,596	0,006	-0,040	0,001	0,999
093904,8807	-0,662	0,222	0,434	1,000	4,467	0,006	-0,039	0,003	0,999
093904,8897	-0,662	0,222	0,434	1,000	4,592	0,006	-0,040	0,001	0,999
093904,8995	-0,662	0,222	0,434	1,000	4,458	0,006	-0,039	0,003	0,999
093904,9101	-0,662	0,222	0,434	1,000	4,458	0,006	-0,039	0,003	0,999
093904,9199	-0,662	0,222	0,434	1,000	4,468	0,006	-0,039	0,003	0,999
093904,9286	-0,662	0,222	0,434	1,000	4,605	0,006	-0,040	0,001	0,999
093904,9385	-0,662	0,222	0,434	1,000	4,601	0,006	-0,040	0,001	0,999
093904,9476	-0,662	0,222	0,434	1,000	4,460	0,006	-0,039	0,003	0,999
093904,9571	-0,662	0,222	0,434	1,000	4,601	0,006	-0,040	0,001	0,999
093904,9663	-0,662	0,222	0,434	1,000	4,464	0,006	-0,039	0,003	0,999
093904,9746	-0,662	0,222	0,434	1,000	4,454	0,006	-0,039	0,003	0,999
093904,9854	-0,662	0,222	0,434	1,000	4,450	0,006	-0,039	0,003	0,999
093904,9948	-0,662	0,222	0,434	1,000	4,450	0,006	-0,039	0,003	0,999
093905,0043	-0,662	0,222	0,434	1,000	4,584	0,006	-0,040	0,001	0,999
093905,0131	-0,662	0,222	0,434	1,000	4,450	0,006	-0,039	0,003	0,999
093905,0215	-0,662	0,222	0,434	1,000	4,450	0,006	-0,039	0,003	0,999
093905,0310	-0,662	0,222	0,434	1,000	4,589	0,006	-0,040	0,001	0,999
093905,0399	-0,662	0,222	0,434	1,000	4,462	0,006	-0,039	0,003	0,999
093905,0503	-0,662	0,222	0,434	1,000	4,595	0,006	-0,040	0,001	0,999
